runtime=MLX0.32.1 backend=Metal
method=wall_only resident_input_versions=2 fresh_outputs_every_replay=true samples=31 rotated_order=true input_version_sequence=0,0,1,1 warmup_ms=200 includes=graph_invocation,allocation,evaluation,two_full_readbacks,synchronize excludes=upload,initial_compile,oracle,validation,trace_check,result_destruction
oracle=independent_f64_and_wrapping_u32 exact_output_checks=true low_arithmetic_elements=131841 numerator_bound=4746276 denominator=64 matmul_product_sum_numerator_bound=1166880 denominator=16
case=low_arithmetic_f16 output_shape=[513, 257] input_layouts=["contiguous", "transposed"] initial_trace_count=0
case=low_arithmetic_f16 path=eager host_median_ms=0.438834 host_p90_ms=0.457125 samples_ms=[0.431917, 0.438834, 0.449083, 0.450417, 0.43675, 0.457125, 0.441916, 0.446958, 0.433875, 0.44708299999999995, 0.453083, 0.42325, 0.445167, 0.419334, 0.435833, 0.446625, 0.45387500000000003, 0.45425, 0.431208, 0.389959, 0.400084, 0.419417, 0.401208, 0.461833, 0.465042, 0.451208, 0.547916, 0.398625, 0.396042, 0.401708, 0.399583]
case=low_arithmetic_f16 path=compiled host_median_ms=0.416500 host_p90_ms=0.430000 samples_ms=[0.407125, 0.40549999999999997, 0.422833, 0.429959, 0.41266600000000003, 0.43, 0.427458, 0.46166700000000005, 0.4285, 0.425542, 0.41625, 0.4165, 0.427833, 0.424625, 0.40945899999999996, 0.431875, 0.433625, 0.403333, 0.394125, 0.401584, 0.40691700000000003, 0.429541, 0.393625, 0.427333, 0.404125, 0.428917, 0.424666, 0.374167, 0.377292, 0.3725, 0.410875]
case=low_arithmetic_f16 eager_over_compiled_host_median=1.053623 final_trace_count=1 validated_measured_invocations=62 validated_measured_output_buffers=124
case=low_arithmetic_bf16 output_shape=[513, 257] input_layouts=["contiguous", "transposed"] initial_trace_count=0
case=low_arithmetic_bf16 path=eager host_median_ms=0.867542 host_p90_ms=0.905292 samples_ms=[0.439958, 0.422209, 0.43437499999999996, 0.541458, 0.429334, 0.419542, 0.395, 0.425541, 0.42525, 0.436417, 0.422458, 0.440125, 0.429917, 1.2205, 0.878167, 0.868291, 0.853708, 0.865667, 0.869042, 1.0484170000000002, 0.880334, 0.895416, 0.891083, 0.8983749999999999, 0.877875, 0.8948750000000001, 0.877917, 0.914125, 0.867542, 0.9030419999999999, 0.905292]
case=low_arithmetic_bf16 path=compiled host_median_ms=0.829042 host_p90_ms=0.905792 samples_ms=[0.419542, 0.386041, 0.40175, 0.42329100000000003, 0.399417, 0.413833, 0.409333, 0.401542, 0.38345799999999997, 0.391291, 0.39116599999999996, 0.385417, 0.409208, 0.434875, 0.846167, 0.840625, 0.8310000000000001, 0.8400000000000001, 0.829042, 1.144125, 0.851125, 0.846208, 0.901208, 0.885084, 0.8675, 0.876667, 0.905792, 1.028875, 0.821584, 0.933375, 0.8652920000000001]
case=low_arithmetic_bf16 eager_over_compiled_host_median=1.046439 final_trace_count=1 validated_measured_invocations=62 validated_measured_output_buffers=124
case=low_matmul_f16 output_shape=[2, 17, 33] input_layouts=["contiguous", "both_transposed"] initial_trace_count=0
case=low_matmul_f16 path=eager host_median_ms=0.218916 host_p90_ms=0.221250 samples_ms=[0.22079200000000002, 0.22075, 0.219042, 0.21787499999999999, 0.218916, 0.22225, 0.218917, 0.22004100000000001, 0.2175, 0.21579199999999998, 0.221083, 0.21745799999999998, 0.22020800000000001, 0.217333, 0.219708, 0.22079200000000002, 0.20916700000000002, 0.21675, 0.21675, 0.216708, 0.22229100000000002, 0.217958, 0.216541, 0.21575000000000003, 0.213375, 0.22270800000000002, 0.220708, 0.21004199999999998, 0.22125, 0.21579199999999998, 0.22008299999999997]
case=low_matmul_f16 path=compiled host_median_ms=0.211250 host_p90_ms=0.214875 samples_ms=[0.212375, 0.214875, 0.20987499999999998, 0.21295799999999998, 0.20775000000000002, 0.20883300000000002, 0.213625, 0.20879199999999998, 0.20900000000000002, 0.20879199999999998, 0.214, 0.213541, 0.21054099999999998, 0.294583, 0.209208, 0.21770799999999998, 0.207584, 0.215042, 0.21075, 0.21220899999999998, 0.21416600000000002, 0.205666, 0.20516600000000002, 0.209541, 0.21125000000000002, 0.213583, 0.211917, 0.209708, 0.21187499999999998, 0.209125, 0.211834]
case=low_matmul_f16 eager_over_compiled_host_median=1.036289 final_trace_count=1 validated_measured_invocations=62 validated_measured_output_buffers=124
case=low_matmul_bf16 output_shape=[2, 17, 33] input_layouts=["contiguous", "both_transposed"] initial_trace_count=0
case=low_matmul_bf16 path=eager host_median_ms=0.221000 host_p90_ms=0.223459 samples_ms=[0.225, 0.21962500000000001, 0.21770799999999998, 0.223459, 0.223375, 0.22204200000000002, 0.2165, 0.21670899999999998, 0.222917, 0.221917, 0.21783300000000003, 0.220708, 0.219292, 0.221417, 0.21845900000000001, 0.218209, 0.214875, 0.218167, 0.312375, 0.219083, 0.228208, 0.22270800000000002, 0.22204200000000002, 0.22254100000000002, 0.222666, 0.216791, 0.221, 0.221125, 0.217583, 0.21787499999999999, 0.222167]
case=low_matmul_bf16 path=compiled host_median_ms=0.212708 host_p90_ms=0.216042 samples_ms=[0.214333, 0.216042, 0.21020899999999998, 0.21333300000000002, 0.213709, 0.210292, 0.211416, 0.21325, 0.213584, 0.2145, 0.21104199999999998, 0.21000000000000002, 0.217416, 0.215875, 0.21195799999999998, 0.209291, 0.213542, 0.21087499999999998, 0.216167, 0.21675, 0.212708, 0.212625, 0.214791, 0.209958, 0.20862499999999998, 0.215667, 0.213458, 0.211708, 0.21229199999999998, 0.208375, 0.20925]
case=low_matmul_bf16 eager_over_compiled_host_median=1.038983 final_trace_count=1 validated_measured_invocations=62 validated_measured_output_buffers=124
case=u32_select_sum_small output_shape=[3, 257] input_layouts=["contiguous", "transposed"] initial_trace_count=0
case=u32_select_sum_small path=eager host_median_ms=0.250250 host_p90_ms=0.261750 samples_ms=[0.242708, 0.25325, 0.24283400000000002, 0.263625, 0.26175, 0.2395, 0.266, 0.25275, 0.247291, 0.224584, 0.24991599999999997, 0.25991600000000004, 0.23883300000000002, 0.23266699999999998, 0.25391600000000003, 0.25220800000000004, 0.254666, 0.252791, 0.343417, 0.250792, 0.257709, 0.2475, 0.252708, 0.221333, 0.218375, 0.25025, 0.239125, 0.236167, 0.226667, 0.250167, 0.257791]
case=u32_select_sum_small path=compiled host_median_ms=0.224625 host_p90_ms=0.287667 samples_ms=[0.223084, 0.230875, 0.22125, 0.223833, 0.22375, 0.22620800000000002, 0.327083, 0.231, 0.223583, 0.22824999999999998, 0.219125, 0.29312499999999997, 0.222208, 0.2255, 0.210333, 0.22675, 0.224625, 0.227459, 0.22020800000000001, 0.2385, 0.225375, 0.227292, 0.216875, 0.207958, 0.19304200000000002, 0.196667, 0.226209, 0.217459, 0.391625, 0.287667, 0.219916]
case=u32_select_sum_small eager_over_compiled_host_median=1.114079 final_trace_count=1 validated_measured_invocations=62 validated_measured_output_buffers=124
case=u32_select_sum_large output_shape=[513, 257] input_layouts=["contiguous", "transposed"] initial_trace_count=0
case=u32_select_sum_large path=eager host_median_ms=0.265625 host_p90_ms=0.273458 samples_ms=[0.225333, 0.272416, 0.26525000000000004, 0.251417, 0.25549999999999995, 0.27099999999999996, 0.27345800000000003, 0.242625, 0.268667, 0.246709, 0.23425, 0.238375, 0.232083, 0.27120900000000003, 0.27191699999999996, 0.272833, 0.271584, 0.269958, 0.273667, 0.26337499999999997, 0.27591699999999997, 0.241334, 0.25791699999999995, 0.268584, 0.26929200000000003, 0.278375, 0.272417, 0.234625, 0.237, 0.265625, 0.23458400000000001]
case=u32_select_sum_large path=compiled host_median_ms=0.236083 host_p90_ms=0.253708 samples_ms=[0.208292, 0.232792, 0.23795899999999998, 0.230375, 0.218834, 0.24537499999999998, 0.231625, 0.238625, 0.354292, 0.24662499999999998, 0.2105, 0.21575000000000003, 0.233667, 0.254833, 0.236083, 0.232333, 0.234208, 0.24441600000000002, 0.237292, 0.217709, 0.247166, 0.247958, 0.2455, 0.253708, 0.311, 0.214875, 0.218583, 0.239458, 0.216875, 0.236875, 0.2125]
case=u32_select_sum_large eager_over_compiled_host_median=1.125134 final_trace_count=1 validated_measured_invocations=62 validated_measured_output_buffers=124
complete cases=6 paths=2 measured_invocations=372 measured_output_buffers=744 validation_failures=0 each_final_trace_count=1
