runtime=MLX0.32.1 backend=Metal
method=wall_only resident_input_versions=2 fresh_outputs_every_replay=true samples=31 rotated_order=true input_version_sequence=0,0,1,1 warmup_ms=200 includes=graph_invocation,allocation,evaluation,two_full_readbacks,synchronize excludes=upload,initial_compile,oracle,validation,trace_check,result_destruction
oracle=independent_f64_and_wrapping_u32 exact_output_checks=true low_arithmetic_elements=131841 numerator_bound=4746276 denominator=64 matmul_product_sum_numerator_bound=1166880 denominator=16
case=low_arithmetic_f16 output_shape=[513, 257] input_layouts=["contiguous", "transposed"] initial_trace_count=0
case=low_arithmetic_f16 path=eager host_median_ms=0.375833 host_p90_ms=0.379708 samples_ms=[0.369666, 0.37687499999999996, 0.371125, 0.37583300000000003, 0.367542, 0.378042, 0.37504200000000004, 0.3785, 0.376125, 0.37916700000000003, 0.365917, 0.3795, 0.373041, 0.373208, 0.37316699999999997, 0.379708, 0.370334, 0.375625, 0.377583, 0.434, 0.381667, 0.37725, 0.378042, 0.372875, 0.371292, 0.36691700000000005, 0.372458, 0.377292, 0.380166, 0.372041, 0.37712500000000004]
case=low_arithmetic_f16 path=compiled host_median_ms=0.351833 host_p90_ms=0.355667 samples_ms=[0.35100000000000003, 0.354834, 0.35362499999999997, 0.342667, 0.34654199999999996, 0.351833, 0.354167, 0.35141700000000003, 0.451833, 0.355584, 0.35233299999999995, 0.355667, 0.351167, 0.352042, 0.345041, 0.350042, 0.353792, 0.346833, 0.35120799999999996, 0.354166, 0.349333, 0.349792, 0.353916, 0.350375, 0.35750000000000004, 0.3495, 0.352542, 0.354541, 0.348542, 0.351625, 0.44949999999999996]
case=low_arithmetic_f16 eager_over_compiled_host_median=1.068214 final_trace_count=1 validated_measured_invocations=62 validated_measured_output_buffers=124
case=low_arithmetic_bf16 output_shape=[513, 257] input_layouts=["contiguous", "transposed"] initial_trace_count=0
case=low_arithmetic_bf16 path=eager host_median_ms=0.375208 host_p90_ms=0.381875 samples_ms=[0.364709, 0.370084, 0.3735, 0.37437499999999996, 0.376208, 0.378334, 0.4605, 0.381666, 0.372167, 0.3745, 0.363666, 0.381875, 0.367875, 0.377834, 0.3715, 0.377291, 0.369291, 0.490958, 0.37024999999999997, 0.38620899999999997, 0.375625, 0.377, 0.366792, 0.379375, 0.38175, 0.371583, 0.379083, 0.375208, 0.37504200000000004, 0.377375, 0.37491599999999997]
case=low_arithmetic_bf16 path=compiled host_median_ms=0.351792 host_p90_ms=0.354792 samples_ms=[0.351916, 0.352459, 0.35179200000000005, 0.34412499999999996, 0.35279099999999997, 0.350667, 0.355792, 0.34620799999999996, 0.352208, 0.354792, 0.352792, 0.35325, 0.353042, 0.352416, 0.34858300000000003, 0.349792, 0.348375, 0.34433400000000003, 0.35325, 0.37083299999999997, 0.339458, 0.34270900000000004, 0.347375, 0.348709, 0.35466600000000004, 0.349917, 0.350625, 0.35425, 0.409833, 0.350875, 0.342959]
case=low_arithmetic_bf16 eager_over_compiled_host_median=1.066562 final_trace_count=1 validated_measured_invocations=62 validated_measured_output_buffers=124
case=low_matmul_f16 output_shape=[2, 17, 33] input_layouts=["contiguous", "both_transposed"] initial_trace_count=0
case=low_matmul_f16 path=eager host_median_ms=0.240750 host_p90_ms=0.250750 samples_ms=[0.250625, 0.24375, 0.24545799999999998, 0.230083, 0.22379100000000002, 0.251, 0.244, 0.24995900000000001, 0.248292, 0.22941699999999998, 0.228167, 0.226875, 0.22325, 0.25075, 0.248584, 0.253042, 0.249208, 0.24075, 0.24545799999999998, 0.248541, 0.24608300000000002, 0.226042, 0.25275, 0.22170800000000002, 0.217958, 0.217417, 0.217084, 0.222917, 0.222292, 0.2255, 0.225875]
case=low_matmul_f16 path=compiled host_median_ms=0.237291 host_p90_ms=0.245208 samples_ms=[0.24350000000000002, 0.21854099999999999, 0.24525000000000002, 0.22204200000000002, 0.24454099999999998, 0.242084, 0.2415, 0.239083, 0.35854199999999997, 0.221667, 0.216042, 0.21554199999999998, 0.245208, 0.224584, 0.241917, 0.237291, 0.24425, 0.242084, 0.24275, 0.238875, 0.218209, 0.21525, 0.2385, 0.215666, 0.209917, 0.20650000000000002, 0.30441700000000005, 0.21766600000000003, 0.220167, 0.218125, 0.22070900000000002]
case=low_matmul_f16 eager_over_compiled_host_median=1.014577 final_trace_count=1 validated_measured_invocations=62 validated_measured_output_buffers=124
case=low_matmul_bf16 output_shape=[2, 17, 33] input_layouts=["contiguous", "both_transposed"] initial_trace_count=0
case=low_matmul_bf16 path=eager host_median_ms=0.242208 host_p90_ms=0.257000 samples_ms=[0.25, 0.243625, 0.24375, 0.227833, 0.229583, 0.242208, 0.251542, 0.25125000000000003, 0.256333, 0.261375, 0.243833, 0.230042, 0.224833, 0.227792, 0.227583, 0.25175000000000003, 0.24808300000000003, 0.231334, 0.262167, 0.238958, 0.230958, 0.24075, 0.257, 0.229583, 0.22620800000000002, 0.22595800000000002, 0.369083, 0.25420899999999996, 0.245, 0.225375, 0.23066699999999998]
case=low_matmul_bf16 path=compiled host_median_ms=0.236583 host_p90_ms=0.245417 samples_ms=[0.24233300000000002, 0.24325, 0.226916, 0.221125, 0.21962500000000001, 0.23258299999999998, 0.241625, 0.243209, 0.335, 0.245417, 0.2455, 0.242417, 0.23658300000000002, 0.214416, 0.221666, 0.24933300000000003, 0.21962500000000001, 0.226042, 0.24454199999999998, 0.238375, 0.234875, 0.225792, 0.244209, 0.233958, 0.21241700000000002, 0.22204200000000002, 0.24025000000000002, 0.24449999999999997, 0.24025000000000002, 0.222917, 0.225916]
case=low_matmul_bf16 eager_over_compiled_host_median=1.023776 final_trace_count=1 validated_measured_invocations=62 validated_measured_output_buffers=124
case=u32_select_sum_small output_shape=[3, 257] input_layouts=["contiguous", "transposed"] initial_trace_count=0
case=u32_select_sum_small path=eager host_median_ms=0.210541 host_p90_ms=0.233333 samples_ms=[0.208083, 0.216958, 0.210375, 0.21120899999999998, 0.21054099999999998, 0.224083, 0.206625, 0.21091600000000002, 0.209084, 0.204125, 0.20841600000000002, 0.280792, 0.233333, 0.209542, 0.20825, 0.218875, 0.266042, 0.199167, 0.2105, 0.205958, 0.210333, 0.20879199999999998, 0.22512500000000002, 0.213084, 0.21854099999999999, 0.217083, 0.21195799999999998, 0.254583, 0.219333, 0.20566700000000002, 0.205792]
case=u32_select_sum_small path=compiled host_median_ms=0.206208 host_p90_ms=0.214250 samples_ms=[0.207375, 0.200666, 0.20620799999999997, 0.20625, 0.216791, 0.199666, 0.206875, 0.20466700000000002, 0.19837500000000002, 0.279708, 0.21191600000000002, 0.207417, 0.202625, 0.194542, 0.202208, 0.203, 0.207209, 0.20450000000000002, 0.19799999999999998, 0.204208, 0.198875, 0.21350000000000002, 0.20650000000000002, 0.209708, 0.204583, 0.21425, 0.202542, 0.205375, 0.279125, 0.207041, 0.21333300000000002]
case=u32_select_sum_small eager_over_compiled_host_median=1.021013 final_trace_count=1 validated_measured_invocations=62 validated_measured_output_buffers=124
case=u32_select_sum_large output_shape=[513, 257] input_layouts=["contiguous", "transposed"] initial_trace_count=0
case=u32_select_sum_large path=eager host_median_ms=0.220834 host_p90_ms=0.224417 samples_ms=[0.230625, 0.217375, 0.223375, 0.221958, 0.221083, 0.231791, 0.224375, 0.224417, 0.217333, 0.22195900000000002, 0.223, 0.223667, 0.220042, 0.22279200000000002, 0.222417, 0.220834, 0.215333, 0.21795899999999999, 0.219125, 0.216583, 0.221833, 0.21862499999999999, 0.22079200000000002, 0.219958, 0.216417, 0.216917, 0.220583, 0.228958, 0.219125, 0.219416, 0.223416]
case=u32_select_sum_large path=compiled host_median_ms=0.205791 host_p90_ms=0.211625 samples_ms=[0.203792, 0.204833, 0.209292, 0.21212499999999998, 0.201833, 0.203917, 0.211625, 0.208875, 0.203292, 0.202958, 0.348, 0.204666, 0.204375, 0.207459, 0.207584, 0.209542, 0.20058399999999998, 0.204625, 0.20825, 0.20441700000000002, 0.20216599999999998, 0.205791, 0.206, 0.20637499999999998, 0.202125, 0.195833, 0.207584, 0.210833, 0.29912500000000003, 0.206458, 0.203833]
case=u32_select_sum_large eager_over_compiled_host_median=1.073098 final_trace_count=1 validated_measured_invocations=62 validated_measured_output_buffers=124
complete cases=6 paths=2 measured_invocations=372 measured_output_buffers=744 validation_failures=0 each_final_trace_count=1
