runtime=MLX0.32.1 backend=Metal native_low_storage=true
method=wall_only fresh_graph_every_replay=true resident_low_inputs=true f32_output=true samples=31 rotated_order=true warmup_ms=200 includes=graph,allocation,evaluation,full_readback,synchronize excludes=upload,first_compile,oracle,validation,result_destruction
oracle=independent_f64 exact_dyadic_inputs=integer/16 exact_f32_comparison=true
case=vector_dot dtype=F16 a=[257] b=[257] output=[] physical_low_input_bytes=1028 logical_removed_f32_operand_bytes=2056 output_bytes=4
case=vector_dot dtype=F16 path=cast_both_then_f32_matmul host_median_ms=0.143125 host_p90_ms=0.149042 samples_ms=[0.127333, 0.135625, 0.148417, 0.14633300000000002, 0.142333, 0.147625, 0.138125, 0.146084, 0.261167, 0.148, 0.146417, 0.147625, 0.149042, 0.141708, 0.133, 0.13433299999999998, 0.121875, 0.12875, 0.13333299999999998, 0.133167, 0.127959, 0.143125, 0.154667, 0.146958, 0.137042, 0.14583400000000002, 0.138125, 0.149833, 0.140958, 0.144208, 0.145583]
case=vector_dot dtype=F16 path=direct_low_to_f32_matmul host_median_ms=0.160375 host_p90_ms=0.164375 samples_ms=[0.146708, 0.147, 0.157959, 0.158875, 0.16037500000000002, 0.162916, 0.16120800000000002, 0.15412499999999998, 0.162917, 0.161333, 0.15895800000000002, 0.164375, 0.16224999999999998, 0.161209, 0.164041, 0.162834, 0.154042, 0.153542, 0.14575, 0.149375, 0.14545899999999998, 0.166916, 0.161416, 0.153291, 0.16037500000000002, 0.16525, 0.167583, 0.16141699999999998, 0.160083, 0.160084, 0.14558400000000002]
case=vector_dot dtype=F16 baseline_over_direct_host_median=0.892440 validated_measured_outputs=62
case=vector_dot dtype=Bf16 a=[257] b=[257] output=[] physical_low_input_bytes=1028 logical_removed_f32_operand_bytes=2056 output_bytes=4
case=vector_dot dtype=Bf16 path=cast_both_then_f32_matmul host_median_ms=0.128500 host_p90_ms=0.173375 samples_ms=[0.127542, 0.12237500000000001, 0.12670800000000002, 0.116458, 0.126625, 0.12158300000000001, 0.129583, 0.12395900000000001, 0.173375, 0.1285, 0.128917, 0.19783299999999998, 0.12520799999999999, 0.12704200000000002, 0.125666, 0.127375, 0.124, 0.133958, 0.138792, 0.12462500000000001, 0.14200000000000002, 0.287042, 0.233458, 0.164791, 0.145458, 0.13245800000000002, 0.14341700000000002, 0.136708, 0.128334, 0.128792, 0.12475]
case=vector_dot dtype=Bf16 path=direct_low_to_f32_matmul host_median_ms=0.166250 host_p90_ms=0.183209 samples_ms=[0.16404200000000002, 0.160209, 0.165, 0.159917, 0.15775, 0.1615, 0.161834, 0.16625, 0.301458, 0.171875, 0.165459, 0.164709, 0.17441700000000002, 0.16691699999999998, 0.16712500000000002, 0.166625, 0.173708, 0.16883299999999998, 0.16625, 0.171667, 0.16574999999999998, 0.18937500000000002, 0.18320899999999998, 0.16491699999999998, 0.185792, 0.172542, 0.169709, 0.178666, 0.159625, 0.16241699999999998, 0.165083]
case=vector_dot dtype=Bf16 baseline_over_direct_host_median=0.772932 validated_measured_outputs=62
case=decode_vector dtype=F16 a=[1025] b=[1025, 129] output=[129] physical_low_input_bytes=266500 logical_removed_f32_operand_bytes=533000 output_bytes=516
case=decode_vector dtype=F16 path=cast_both_then_f32_matmul host_median_ms=0.154541 host_p90_ms=0.168375 samples_ms=[0.158333, 0.153458, 0.15625, 0.150334, 0.160625, 0.149542, 0.15133400000000002, 0.150084, 0.14391600000000002, 0.155875, 0.157458, 0.150667, 0.1435, 0.154541, 0.14525000000000002, 0.145917, 0.300833, 0.166417, 0.161125, 0.167542, 0.170833, 0.16837500000000002, 0.156167, 0.171042, 0.16004100000000002, 0.16525, 0.135959, 0.148708, 0.151375, 0.14733300000000002, 0.150125]
case=decode_vector dtype=F16 path=direct_low_to_f32_matmul host_median_ms=0.401208 host_p90_ms=0.473000 samples_ms=[0.3865, 0.38820899999999997, 0.401208, 0.40220799999999995, 0.399833, 0.394375, 0.39841699999999997, 0.395042, 0.409833, 0.40016599999999997, 0.38875, 0.387167, 0.359125, 0.367542, 0.351958, 0.35691599999999996, 0.470709, 0.467208, 0.47300000000000003, 0.48708399999999996, 0.46916599999999997, 0.460167, 0.483709, 0.47524999999999995, 0.451208, 0.45258400000000004, 0.45075, 0.46725, 0.3855, 0.38837499999999997, 0.454042]
case=decode_vector dtype=F16 baseline_over_direct_host_median=0.385189 validated_measured_outputs=62
case=decode_vector dtype=Bf16 a=[1025] b=[1025, 129] output=[129] physical_low_input_bytes=266500 logical_removed_f32_operand_bytes=533000 output_bytes=516
case=decode_vector dtype=Bf16 path=cast_both_then_f32_matmul host_median_ms=0.164166 host_p90_ms=0.178167 samples_ms=[0.164166, 0.154083, 0.156791, 0.15045799999999998, 0.16470800000000002, 0.151333, 0.15470899999999999, 0.201916, 0.299625, 0.16712500000000002, 0.173416, 0.161917, 0.175291, 0.167625, 0.16625, 0.159167, 0.175, 0.155166, 0.1575, 0.171042, 0.178167, 0.16025, 0.1785, 0.153625, 0.167917, 0.14962499999999998, 0.150542, 0.16591699999999998, 0.168792, 0.1575, 0.153416]
case=decode_vector dtype=Bf16 path=direct_low_to_f32_matmul host_median_ms=0.456334 host_p90_ms=0.481084 samples_ms=[0.45683300000000004, 0.452417, 0.46779200000000004, 0.455, 0.461791, 0.454208, 0.456334, 0.448666, 0.449792, 0.45466700000000004, 0.483834, 0.486209, 0.481084, 0.46916599999999997, 0.470834, 0.474583, 0.47333400000000003, 0.47562499999999996, 0.471333, 0.46987500000000004, 0.464458, 0.495, 0.440125, 0.42908300000000005, 0.43183400000000005, 0.41175, 0.41274999999999995, 0.40275, 0.411375, 0.41266600000000003, 0.423084]
case=decode_vector dtype=Bf16 baseline_over_direct_host_median=0.359750 validated_measured_outputs=62
case=matrix_vector dtype=F16 a=[129, 1025] b=[1025] output=[129] physical_low_input_bytes=266500 logical_removed_f32_operand_bytes=533000 output_bytes=516
case=matrix_vector dtype=F16 path=cast_both_then_f32_matmul host_median_ms=0.135209 host_p90_ms=0.140250 samples_ms=[0.14200000000000002, 0.139792, 0.134792, 0.13341699999999998, 0.134375, 0.13470800000000002, 0.13799999999999998, 0.13554100000000002, 0.138125, 0.131416, 0.132375, 0.141417, 0.14387499999999998, 0.135125, 0.13520900000000002, 0.134042, 0.134709, 0.134709, 0.137541, 0.135, 0.131958, 0.136542, 0.133583, 0.135709, 0.137083, 0.13525, 0.13899999999999998, 0.136542, 0.128334, 0.132833, 0.14024999999999999]
case=matrix_vector dtype=F16 path=direct_low_to_f32_matmul host_median_ms=0.284250 host_p90_ms=0.292625 samples_ms=[0.291375, 0.292625, 0.283167, 0.284375, 0.281875, 0.34875, 0.28425, 0.287583, 0.29425, 0.290833, 0.277833, 0.282291, 0.27829200000000004, 0.279042, 0.27995899999999996, 0.280792, 0.286667, 0.281083, 0.287708, 0.278958, 0.28162499999999996, 0.28058299999999997, 0.28141700000000003, 0.284583, 0.28654199999999996, 0.397458, 0.283959, 0.282292, 0.28454100000000004, 0.284958, 0.29025]
case=matrix_vector dtype=F16 baseline_over_direct_host_median=0.475669 validated_measured_outputs=62
case=matrix_vector dtype=Bf16 a=[129, 1025] b=[1025] output=[129] physical_low_input_bytes=266500 logical_removed_f32_operand_bytes=533000 output_bytes=516
case=matrix_vector dtype=Bf16 path=cast_both_then_f32_matmul host_median_ms=0.154750 host_p90_ms=0.171458 samples_ms=[0.154167, 0.15100000000000002, 0.153542, 0.159625, 0.1505, 0.1625, 0.16449999999999998, 0.141417, 0.142917, 0.13625, 0.140417, 0.140875, 0.13674999999999998, 0.139667, 0.136209, 0.135375, 0.14370799999999997, 0.154166, 0.15475, 0.171458, 0.155833, 0.167333, 0.166417, 0.165666, 0.19025, 0.159667, 0.160458, 0.175209, 0.1665, 0.165667, 0.172375]
case=matrix_vector dtype=Bf16 path=direct_low_to_f32_matmul host_median_ms=0.386417 host_p90_ms=0.398000 samples_ms=[0.377584, 0.387209, 0.39358299999999996, 0.376291, 0.38379199999999997, 0.3865, 0.38, 0.380625, 0.4105, 0.368041, 0.36162500000000003, 0.372, 0.3585, 0.36162500000000003, 0.358792, 0.35775, 0.38175, 0.388708, 0.398, 0.40541699999999997, 0.381334, 0.388584, 0.402084, 0.394792, 0.396541, 0.386417, 0.39145800000000003, 0.386375, 0.394375, 0.3935, 0.393]
case=matrix_vector dtype=Bf16 baseline_over_direct_host_median=0.400474 validated_measured_outputs=62
case=odd_gemm dtype=F16 a=[37, 65] b=[65, 51] output=[37, 51] physical_low_input_bytes=11440 logical_removed_f32_operand_bytes=22880 output_bytes=7548
case=odd_gemm dtype=F16 path=cast_both_then_f32_matmul host_median_ms=0.136834 host_p90_ms=0.141417 samples_ms=[0.12479200000000001, 0.12720900000000002, 0.142125, 0.13725, 0.137166, 0.138958, 0.13395900000000002, 0.13533299999999998, 0.136834, 0.12966599999999998, 0.13783299999999998, 0.125583, 0.23299999999999998, 0.1255, 0.140333, 0.13825, 0.13825, 0.125, 0.121625, 0.125584, 0.1265, 0.126833, 0.141417, 0.13766599999999998, 0.12324999999999998, 0.137625, 0.136459, 0.137375, 0.13758299999999998, 0.142875, 0.12470800000000001]
case=odd_gemm dtype=F16 path=direct_low_to_f32_matmul host_median_ms=0.143750 host_p90_ms=0.148042 samples_ms=[0.138292, 0.138333, 0.145375, 0.14375, 0.148042, 0.14458400000000002, 0.136166, 0.145041, 0.145375, 0.147292, 0.13783299999999998, 0.136334, 0.138792, 0.148417, 0.146417, 0.14316700000000002, 0.144625, 0.140541, 0.132709, 0.13758299999999998, 0.134417, 0.136708, 0.142584, 0.149125, 0.14558400000000002, 0.146375, 0.145125, 0.14858300000000002, 0.147209, 0.138208, 0.13170900000000002]
case=odd_gemm dtype=F16 baseline_over_direct_host_median=0.951889 validated_measured_outputs=62
case=odd_gemm dtype=Bf16 a=[37, 65] b=[65, 51] output=[37, 51] physical_low_input_bytes=11440 logical_removed_f32_operand_bytes=22880 output_bytes=7548
case=odd_gemm dtype=Bf16 path=cast_both_then_f32_matmul host_median_ms=0.132792 host_p90_ms=0.137958 samples_ms=[0.12787500000000002, 0.130875, 0.135125, 0.1375, 0.11708400000000001, 0.13279200000000002, 0.130917, 0.128833, 0.23049999999999998, 0.132041, 0.14200000000000002, 0.135291, 0.137042, 0.126167, 0.12483399999999999, 0.133375, 0.13583399999999998, 0.132875, 0.13725, 0.134375, 0.136834, 0.130667, 0.137041, 0.13037500000000002, 0.137958, 0.13033399999999998, 0.12795800000000002, 0.12670800000000002, 0.142083, 0.12449999999999999, 0.120875]
case=odd_gemm dtype=Bf16 path=direct_low_to_f32_matmul host_median_ms=0.151000 host_p90_ms=0.153625 samples_ms=[0.144208, 0.152208, 0.151709, 0.142875, 0.153625, 0.157959, 0.143042, 0.154, 0.15295799999999998, 0.153458, 0.154042, 0.153291, 0.141875, 0.14720799999999998, 0.153375, 0.152167, 0.15100000000000002, 0.152208, 0.150542, 0.152291, 0.148084, 0.145708, 0.149333, 0.151667, 0.1495, 0.15125, 0.14166600000000001, 0.138875, 0.15, 0.14225, 0.13816699999999998]
case=odd_gemm dtype=Bf16 baseline_over_direct_host_median=0.879417 validated_measured_outputs=62
case=moderate_gemm dtype=F16 a=[128, 257] b=[257, 192] output=[128, 192] physical_low_input_bytes=164480 logical_removed_f32_operand_bytes=328960 output_bytes=98304
case=moderate_gemm dtype=F16 path=cast_both_then_f32_matmul host_median_ms=0.139041 host_p90_ms=0.144209 samples_ms=[0.13416599999999998, 0.1365, 0.142625, 0.140125, 0.14125, 0.124375, 0.14766700000000002, 0.143583, 0.141667, 0.14391600000000002, 0.136959, 0.14420899999999998, 0.14754199999999998, 0.14387499999999998, 0.142541, 0.136792, 0.125917, 0.126292, 0.127208, 0.12929200000000002, 0.126709, 0.14141600000000001, 0.13904100000000003, 0.143583, 0.13362500000000002, 0.132, 0.12479099999999999, 0.134292, 0.129625, 0.209958, 0.14175000000000001]
case=moderate_gemm dtype=F16 path=direct_low_to_f32_matmul host_median_ms=0.236833 host_p90_ms=0.238458 samples_ms=[0.229459, 0.237584, 0.236916, 0.237791, 0.2395, 0.22566599999999998, 0.237709, 0.241166, 0.232875, 0.35958300000000004, 0.23833400000000002, 0.23779199999999998, 0.238458, 0.238375, 0.233333, 0.227042, 0.229958, 0.22599999999999998, 0.226458, 0.22699999999999998, 0.22420900000000002, 0.237208, 0.236833, 0.23800000000000002, 0.236292, 0.231792, 0.228791, 0.228125, 0.22720800000000002, 0.238333, 0.237541]
case=moderate_gemm dtype=F16 baseline_over_direct_host_median=0.587085 validated_measured_outputs=62
case=moderate_gemm dtype=Bf16 a=[128, 257] b=[257, 192] output=[128, 192] physical_low_input_bytes=164480 logical_removed_f32_operand_bytes=328960 output_bytes=98304
case=moderate_gemm dtype=Bf16 path=cast_both_then_f32_matmul host_median_ms=0.141166 host_p90_ms=0.146750 samples_ms=[0.14525000000000002, 0.129333, 0.14616600000000002, 0.13175, 0.132042, 0.129667, 0.125375, 0.127125, 0.12829200000000002, 0.14583400000000002, 0.14575, 0.125125, 0.14579099999999998, 0.13329100000000002, 0.13175, 0.145416, 0.143375, 0.141292, 0.149, 0.128417, 0.13125, 0.136334, 0.13525, 0.14116599999999999, 0.14341700000000002, 0.171084, 0.13674999999999998, 0.145458, 0.14675, 0.14175000000000001, 0.15187499999999998]
case=moderate_gemm dtype=Bf16 path=direct_low_to_f32_matmul host_median_ms=0.259916 host_p90_ms=0.267458 samples_ms=[0.258625, 0.26666599999999996, 0.258083, 0.252875, 0.24816699999999997, 0.25437499999999996, 0.347958, 0.253417, 0.25179199999999996, 0.26337499999999997, 0.265042, 0.244666, 0.252, 0.250541, 0.2625, 0.25991600000000004, 0.263708, 0.26475, 0.2675, 0.256042, 0.259917, 0.256667, 0.263875, 0.26766700000000004, 0.26458299999999996, 0.254208, 0.25804099999999996, 0.265084, 0.267458, 0.266291, 0.255292]
case=moderate_gemm dtype=Bf16 baseline_over_direct_host_median=0.543122 validated_measured_outputs=62
case=batch_transpose_broadcast dtype=F16 a=[2, 17, 65] b=[2, 65, 21] output=[2, 17, 21] physical_low_input_bytes=7150 logical_removed_f32_operand_bytes=19760 output_bytes=2856
case=batch_transpose_broadcast dtype=F16 path=cast_both_then_f32_matmul host_median_ms=0.137583 host_p90_ms=0.142125 samples_ms=[0.13625, 0.141208, 0.139667, 0.130875, 0.14404199999999998, 0.142333, 0.140125, 0.14195899999999997, 0.133209, 0.129334, 0.12324999999999998, 0.14125, 0.138041, 0.138125, 0.137041, 0.13758299999999998, 0.140417, 0.122333, 0.12645800000000001, 0.12645800000000001, 0.126083, 0.121875, 0.12912500000000002, 0.13908299999999998, 0.137417, 0.142125, 0.142417, 0.137791, 0.134584, 0.141708, 0.125459]
case=batch_transpose_broadcast dtype=F16 path=direct_low_to_f32_matmul host_median_ms=0.149750 host_p90_ms=0.153875 samples_ms=[0.15825, 0.151584, 0.152625, 0.14975, 0.153875, 0.155, 0.153875, 0.151583, 0.144292, 0.14400000000000002, 0.141125, 0.145, 0.151959, 0.150583, 0.1495, 0.152583, 0.14366600000000002, 0.138791, 0.141958, 0.138041, 0.1415, 0.14195899999999997, 0.141542, 0.153833, 0.1515, 0.152167, 0.143542, 0.145208, 0.226875, 0.15325000000000003, 0.138583]
case=batch_transpose_broadcast dtype=F16 baseline_over_direct_host_median=0.918751 validated_measured_outputs=62
case=batch_transpose_broadcast dtype=Bf16 a=[2, 17, 65] b=[2, 65, 21] output=[2, 17, 21] physical_low_input_bytes=7150 logical_removed_f32_operand_bytes=19760 output_bytes=2856
case=batch_transpose_broadcast dtype=Bf16 path=cast_both_then_f32_matmul host_median_ms=0.130542 host_p90_ms=0.139166 samples_ms=[0.13908299999999998, 0.123125, 0.13541599999999998, 0.12912500000000002, 0.139209, 0.132, 0.140416, 0.133916, 0.138709, 0.133042, 0.139166, 0.135375, 0.137625, 0.125958, 0.127041, 0.13725, 0.130084, 0.131, 0.140125, 0.13054200000000002, 0.12925, 0.126792, 0.127, 0.12279200000000001, 0.12449999999999999, 0.130708, 0.1285, 0.12345800000000001, 0.127542, 0.129959, 0.12645800000000001]
case=batch_transpose_broadcast dtype=Bf16 path=direct_low_to_f32_matmul host_median_ms=0.154333 host_p90_ms=0.159167 samples_ms=[0.154041, 0.1555, 0.163833, 0.159416, 0.15537499999999999, 0.15812500000000002, 0.15525, 0.158, 0.15904100000000002, 0.154333, 0.14825, 0.1585, 0.159167, 0.157, 0.141375, 0.153542, 0.155167, 0.154625, 0.155333, 0.146167, 0.15175, 0.147167, 0.148166, 0.271666, 0.145792, 0.14766700000000002, 0.14666700000000002, 0.142125, 0.146666, 0.148541, 0.146708]
case=batch_transpose_broadcast dtype=Bf16 baseline_over_direct_host_median=0.845846 validated_measured_outputs=62
complete cases=12 paths=2 measured_outputs=744 validation_failures=0
