runtime=MLX0.32.1 backend=Metal native_low_storage=true
method=wall_only fresh_graph_every_replay=true resident_low_inputs=true f32_output=true samples=31 rotated_order=true warmup_ms=200 includes=graph,allocation,evaluation,full_readback,synchronize excludes=upload,first_compile,oracle,validation,result_destruction
oracle=independent_f64 exact_dyadic_inputs=integer/16 exact_f32_comparison=true
case=vector_dot dtype=F16 a=[257] b=[257] output=[] physical_low_input_bytes=1028 logical_removed_f32_operand_bytes=2056 output_bytes=4
case=vector_dot dtype=F16 path=cast_both_then_f32_matmul host_median_ms=0.134875 host_p90_ms=0.145750 samples_ms=[0.134334, 0.12687500000000002, 0.128083, 0.13325, 0.128542, 0.133708, 0.128458, 0.13487500000000002, 0.12704200000000002, 0.12999999999999998, 0.12520799999999999, 0.124, 0.14158300000000001, 0.139291, 0.140667, 0.120708, 0.130458, 0.12379200000000001, 0.141209, 0.131334, 0.14575, 0.14370799999999997, 0.147708, 0.14775000000000002, 0.14541700000000002, 0.138958, 0.14575, 0.147, 0.14125, 0.13975, 0.144375]
case=vector_dot dtype=F16 path=direct_low_to_f32_matmul host_median_ms=0.159500 host_p90_ms=0.171959 samples_ms=[0.15395799999999998, 0.15804200000000002, 0.162167, 0.1575, 0.1595, 0.153833, 0.156, 0.156375, 0.154583, 0.1525, 0.15395799999999998, 0.155667, 0.177084, 0.171959, 0.315334, 0.16899999999999998, 0.15412499999999998, 0.15454199999999998, 0.17141699999999999, 0.170208, 0.167291, 0.1565, 0.15512499999999999, 0.170792, 0.173292, 0.169667, 0.16816699999999998, 0.169833, 0.169792, 0.169667, 0.159166]
case=vector_dot dtype=F16 baseline_over_direct_host_median=0.845611 validated_measured_outputs=62
case=vector_dot dtype=Bf16 a=[257] b=[257] output=[] physical_low_input_bytes=1028 logical_removed_f32_operand_bytes=2056 output_bytes=4
case=vector_dot dtype=Bf16 path=cast_both_then_f32_matmul host_median_ms=0.141917 host_p90_ms=0.146875 samples_ms=[0.121292, 0.12425000000000001, 0.12175000000000001, 0.239542, 0.15295799999999998, 0.143625, 0.12333400000000001, 0.142125, 0.14225, 0.125417, 0.129334, 0.14308300000000002, 0.143667, 0.144834, 0.136333, 0.12999999999999998, 0.12316700000000001, 0.122125, 0.118667, 0.144834, 0.127709, 0.146875, 0.145708, 0.14191700000000002, 0.14354099999999997, 0.147125, 0.144667, 0.145, 0.125125, 0.12604200000000002, 0.132875]
case=vector_dot dtype=Bf16 path=direct_low_to_f32_matmul host_median_ms=0.162958 host_p90_ms=0.170000 samples_ms=[0.15529199999999999, 0.15512499999999999, 0.15525, 0.15054099999999998, 0.167208, 0.162958, 0.155584, 0.14300000000000002, 0.167458, 0.166625, 0.16804100000000002, 0.162, 0.16875, 0.1605, 0.166375, 0.16825, 0.15287499999999998, 0.140333, 0.146584, 0.171667, 0.151834, 0.174042, 0.17, 0.174167, 0.169708, 0.168125, 0.16775, 0.16716699999999998, 0.15925, 0.15712500000000001, 0.156375]
case=vector_dot dtype=Bf16 baseline_over_direct_host_median=0.870881 validated_measured_outputs=62
case=decode_vector dtype=F16 a=[1025] b=[1025, 129] output=[129] physical_low_input_bytes=266500 logical_removed_f32_operand_bytes=533000 output_bytes=516
case=decode_vector dtype=F16 path=cast_both_then_f32_matmul host_median_ms=0.141958 host_p90_ms=0.149541 samples_ms=[0.135375, 0.130458, 0.136334, 0.131958, 0.143458, 0.1415, 0.142209, 0.142417, 0.144625, 0.142917, 0.142708, 0.14275, 0.141459, 0.245625, 0.133666, 0.15308300000000002, 0.129709, 0.137375, 0.13712500000000002, 0.141958, 0.142208, 0.149916, 0.149541, 0.14625, 0.14566700000000002, 0.1285, 0.12808399999999998, 0.13341699999999998, 0.144667, 0.133917, 0.138792]
case=decode_vector dtype=F16 path=direct_low_to_f32_matmul host_median_ms=0.338750 host_p90_ms=0.345375 samples_ms=[0.33158299999999996, 0.330375, 0.339208, 0.345375, 0.346375, 0.34091699999999997, 0.35175, 0.342291, 0.346042, 0.334166, 0.343709, 0.343958, 0.337209, 0.32775000000000004, 0.334041, 0.339125, 0.323625, 0.32825, 0.332458, 0.33104100000000003, 0.339583, 0.343833, 0.33849999999999997, 0.34275, 0.33875, 0.32875, 0.327625, 0.34204199999999996, 0.33641699999999997, 0.335625, 0.34266599999999997]
case=decode_vector dtype=F16 baseline_over_direct_host_median=0.419064 validated_measured_outputs=62
case=decode_vector dtype=Bf16 a=[1025] b=[1025, 129] output=[129] physical_low_input_bytes=266500 logical_removed_f32_operand_bytes=533000 output_bytes=516
case=decode_vector dtype=Bf16 path=cast_both_then_f32_matmul host_median_ms=0.137875 host_p90_ms=0.145375 samples_ms=[0.139625, 0.1425, 0.154666, 0.143583, 0.1495, 0.144208, 0.14162499999999997, 0.137458, 0.136834, 0.138208, 0.13899999999999998, 0.138459, 0.135041, 0.139709, 0.227458, 0.12770800000000002, 0.129209, 0.130584, 0.127666, 0.12895800000000002, 0.129542, 0.1315, 0.13012500000000002, 0.137875, 0.145375, 0.13699999999999998, 0.145, 0.142459, 0.13533299999999998, 0.137667, 0.135542]
case=decode_vector dtype=Bf16 path=direct_low_to_f32_matmul host_median_ms=0.344083 host_p90_ms=0.357625 samples_ms=[0.351333, 0.362583, 0.35529099999999997, 0.353917, 0.35958300000000004, 0.358667, 0.34691700000000003, 0.344083, 0.341958, 0.35762499999999997, 0.346042, 0.345833, 0.343292, 0.342083, 0.34225, 0.342708, 0.342708, 0.339125, 0.33375, 0.33849999999999997, 0.341083, 0.340167, 0.337334, 0.34375, 0.345958, 0.3535, 0.352125, 0.351041, 0.338167, 0.347167, 0.341541]
case=decode_vector dtype=Bf16 baseline_over_direct_host_median=0.400703 validated_measured_outputs=62
case=matrix_vector dtype=F16 a=[129, 1025] b=[1025] output=[129] physical_low_input_bytes=266500 logical_removed_f32_operand_bytes=533000 output_bytes=516
case=matrix_vector dtype=F16 path=cast_both_then_f32_matmul host_median_ms=0.169875 host_p90_ms=0.178208 samples_ms=[0.178208, 0.17841600000000002, 0.17033299999999998, 0.16799999999999998, 0.174583, 0.171375, 0.174583, 0.169875, 0.169709, 0.159417, 0.163, 0.171375, 0.281916, 0.158917, 0.16474999999999998, 0.164791, 0.161042, 0.16799999999999998, 0.164584, 0.165334, 0.17862499999999998, 0.176833, 0.173542, 0.166834, 0.164833, 0.166208, 0.169042, 0.170209, 0.17091599999999998, 0.17091599999999998, 0.171291]
case=matrix_vector dtype=F16 path=direct_low_to_f32_matmul host_median_ms=0.398625 host_p90_ms=0.406292 samples_ms=[0.446125, 0.433458, 0.39816599999999996, 0.401834, 0.409875, 0.38666599999999995, 0.406292, 0.40075, 0.389167, 0.401625, 0.392417, 0.39375, 0.397041, 0.388792, 0.39725, 0.40099999999999997, 0.381, 0.40420799999999996, 0.392833, 0.398625, 0.40541699999999997, 0.392417, 0.400959, 0.39554199999999995, 0.384959, 0.40075, 0.40079200000000004, 0.396042, 0.401166, 0.40349999999999997, 0.392292]
case=matrix_vector dtype=F16 baseline_over_direct_host_median=0.426152 validated_measured_outputs=62
case=matrix_vector dtype=Bf16 a=[129, 1025] b=[1025] output=[129] physical_low_input_bytes=266500 logical_removed_f32_operand_bytes=533000 output_bytes=516
case=matrix_vector dtype=Bf16 path=cast_both_then_f32_matmul host_median_ms=0.165833 host_p90_ms=0.175375 samples_ms=[0.166208, 0.169708, 0.160084, 0.16837500000000002, 0.170709, 0.154625, 0.1695, 0.1685, 0.165833, 0.165375, 0.163583, 0.160667, 0.157417, 0.16375, 0.177458, 0.167875, 0.1775, 0.167583, 0.175375, 0.171, 0.15604099999999999, 0.168125, 0.26895800000000003, 0.160333, 0.166, 0.142791, 0.1505, 0.151792, 0.146584, 0.1585, 0.15770800000000001]
case=matrix_vector dtype=Bf16 path=direct_low_to_f32_matmul host_median_ms=0.401583 host_p90_ms=0.413333 samples_ms=[0.413333, 0.389792, 0.403542, 0.40279200000000004, 0.401375, 0.396333, 0.40058299999999997, 0.5385420000000001, 0.40816600000000003, 0.403667, 0.39775, 0.388333, 0.398916, 0.402416, 0.397125, 0.40291699999999997, 0.3975, 0.401583, 0.40529200000000004, 0.402083, 0.393292, 0.405125, 0.40695800000000004, 0.39587500000000003, 0.38675, 0.37975, 0.441125, 0.428, 0.37879199999999996, 0.386, 0.406667]
case=matrix_vector dtype=Bf16 baseline_over_direct_host_median=0.412948 validated_measured_outputs=62
case=odd_gemm dtype=F16 a=[37, 65] b=[65, 51] output=[37, 51] physical_low_input_bytes=11440 logical_removed_f32_operand_bytes=22880 output_bytes=7548
case=odd_gemm dtype=F16 path=cast_both_then_f32_matmul host_median_ms=0.132333 host_p90_ms=0.140167 samples_ms=[0.141292, 0.142958, 0.137792, 0.128667, 0.140333, 0.125292, 0.12695800000000002, 0.127792, 0.127292, 0.12791699999999998, 0.132333, 0.12720900000000002, 0.127167, 0.12324999999999998, 0.126167, 0.12587500000000001, 0.12479200000000001, 0.126666, 0.132708, 0.132542, 0.135459, 0.13716699999999998, 0.13533299999999998, 0.128625, 0.131458, 0.139917, 0.14016699999999999, 0.135291, 0.135125, 0.134625, 0.139667]
case=odd_gemm dtype=F16 path=direct_low_to_f32_matmul host_median_ms=0.144667 host_p90_ms=0.157042 samples_ms=[0.15625, 0.146792, 0.139416, 0.14508300000000002, 0.14091700000000001, 0.14008400000000001, 0.14266600000000002, 0.251417, 0.143459, 0.146584, 0.144667, 0.140375, 0.138458, 0.142083, 0.142583, 0.14175000000000001, 0.14162499999999997, 0.142333, 0.142791, 0.140834, 0.156, 0.153917, 0.155667, 0.154792, 0.159, 0.1445, 0.146875, 0.156292, 0.15704200000000001, 0.15308300000000002, 0.158875]
case=odd_gemm dtype=F16 baseline_over_direct_host_median=0.914742 validated_measured_outputs=62
case=odd_gemm dtype=Bf16 a=[37, 65] b=[65, 51] output=[37, 51] physical_low_input_bytes=11440 logical_removed_f32_operand_bytes=22880 output_bytes=7548
case=odd_gemm dtype=Bf16 path=cast_both_then_f32_matmul host_median_ms=0.137667 host_p90_ms=0.142416 samples_ms=[0.128625, 0.127792, 0.126916, 0.205, 0.136875, 0.13983299999999999, 0.136667, 0.140791, 0.138458, 0.13924999999999998, 0.13924999999999998, 0.142416, 0.140042, 0.13941699999999999, 0.130833, 0.13799999999999998, 0.131583, 0.150208, 0.133, 0.128417, 0.13716699999999998, 0.14191700000000002, 0.131166, 0.133375, 0.1405, 0.137667, 0.12283300000000001, 0.1275, 0.128208, 0.145084, 0.139084]
case=odd_gemm dtype=Bf16 path=direct_low_to_f32_matmul host_median_ms=0.153625 host_p90_ms=0.160042 samples_ms=[0.147458, 0.142417, 0.14400000000000002, 0.141375, 0.157458, 0.154792, 0.14275, 0.16162500000000002, 0.153542, 0.15062499999999998, 0.145583, 0.156375, 0.160042, 0.160625, 0.154334, 0.157625, 0.15375, 0.15275, 0.172875, 0.14475, 0.15720900000000002, 0.153708, 0.14975, 0.15412499999999998, 0.153625, 0.15412499999999998, 0.14441700000000002, 0.14416700000000002, 0.13999999999999999, 0.144375, 0.15945900000000002]
case=odd_gemm dtype=Bf16 baseline_over_direct_host_median=0.896124 validated_measured_outputs=62
case=moderate_gemm dtype=F16 a=[128, 257] b=[257, 192] output=[128, 192] physical_low_input_bytes=164480 logical_removed_f32_operand_bytes=328960 output_bytes=98304
case=moderate_gemm dtype=F16 path=cast_both_then_f32_matmul host_median_ms=0.137959 host_p90_ms=0.144875 samples_ms=[0.133875, 0.144542, 0.137959, 0.131459, 0.12825, 0.14875000000000002, 0.135, 0.205, 0.131958, 0.144875, 0.138292, 0.144375, 0.12875, 0.1435, 0.14016699999999999, 0.147291, 0.13379200000000002, 0.135375, 0.129208, 0.141125, 0.136292, 0.142042, 0.143792, 0.139875, 0.143792, 0.142375, 0.13316599999999998, 0.132834, 0.12379200000000001, 0.13674999999999998, 0.127041]
case=moderate_gemm dtype=F16 path=direct_low_to_f32_matmul host_median_ms=0.246875 host_p90_ms=0.249916 samples_ms=[0.24991599999999997, 0.2495, 0.240542, 0.238458, 0.23633300000000002, 0.243417, 0.248958, 0.24774999999999997, 0.249625, 0.247625, 0.24879099999999998, 0.246292, 0.241459, 0.249166, 0.24704099999999998, 0.243417, 0.251041, 0.244291, 0.24175, 0.244959, 0.24683300000000002, 0.24745799999999998, 0.24816600000000003, 0.252584, 0.24854199999999999, 0.24433400000000002, 0.246875, 0.319709, 0.236125, 0.234083, 0.239084]
case=moderate_gemm dtype=F16 baseline_over_direct_host_median=0.558821 validated_measured_outputs=62
case=moderate_gemm dtype=Bf16 a=[128, 257] b=[257, 192] output=[128, 192] physical_low_input_bytes=164480 logical_removed_f32_operand_bytes=328960 output_bytes=98304
case=moderate_gemm dtype=Bf16 path=cast_both_then_f32_matmul host_median_ms=0.128250 host_p90_ms=0.133583 samples_ms=[0.13045900000000002, 0.134416, 0.13375, 0.134, 0.132125, 0.130833, 0.12925, 0.133583, 0.12587500000000001, 0.128333, 0.12108300000000001, 0.12241699999999998, 0.129583, 0.12462500000000001, 0.130917, 0.127167, 0.128417, 0.131042, 0.12825, 0.129583, 0.127833, 0.124542, 0.122958, 0.127292, 0.126584, 0.127208, 0.12275, 0.12741599999999997, 0.126667, 0.126916, 0.129584]
case=moderate_gemm dtype=Bf16 path=direct_low_to_f32_matmul host_median_ms=0.236792 host_p90_ms=0.243166 samples_ms=[0.241208, 0.24025000000000002, 0.243584, 0.24483399999999997, 0.353834, 0.24229199999999998, 0.239667, 0.239792, 0.239459, 0.233541, 0.236792, 0.23558300000000001, 0.23675000000000002, 0.2335, 0.23591700000000002, 0.229708, 0.237167, 0.23658300000000002, 0.238542, 0.234125, 0.23466700000000001, 0.231958, 0.23391699999999999, 0.23425, 0.235334, 0.24316600000000002, 0.23758300000000002, 0.23475, 0.237875, 0.237916, 0.23466700000000001]
case=moderate_gemm dtype=Bf16 baseline_over_direct_host_median=0.541615 validated_measured_outputs=62
case=batch_transpose_broadcast dtype=F16 a=[2, 17, 65] b=[2, 65, 21] output=[2, 17, 21] physical_low_input_bytes=7150 logical_removed_f32_operand_bytes=19760 output_bytes=2856
case=batch_transpose_broadcast dtype=F16 path=cast_both_then_f32_matmul host_median_ms=0.123708 host_p90_ms=0.126291 samples_ms=[0.121209, 0.12458400000000001, 0.123208, 0.125167, 0.11395899999999999, 0.12379200000000001, 0.122875, 0.121292, 0.126667, 0.12025, 0.11866600000000001, 0.125125, 0.120542, 0.12520799999999999, 0.120542, 0.12462500000000001, 0.12629100000000001, 0.12433299999999999, 0.122667, 0.12320899999999999, 0.12324999999999998, 0.12545800000000001, 0.124709, 0.12416599999999998, 0.12425000000000001, 0.127959, 0.12758299999999997, 0.12370799999999998, 0.120375, 0.12320899999999999, 0.121375]
case=batch_transpose_broadcast dtype=F16 path=direct_low_to_f32_matmul host_median_ms=0.146375 host_p90_ms=0.148667 samples_ms=[0.143084, 0.14179199999999997, 0.147792, 0.143958, 0.14612499999999998, 0.14024999999999999, 0.14750000000000002, 0.145833, 0.14612499999999998, 0.149, 0.147625, 0.14595799999999998, 0.143959, 0.14441700000000002, 0.148667, 0.14870899999999998, 0.14404199999999998, 0.145, 0.256833, 0.14720799999999998, 0.148333, 0.138959, 0.146083, 0.146375, 0.144292, 0.14683400000000002, 0.148584, 0.147167, 0.148417, 0.148083, 0.147292]
case=batch_transpose_broadcast dtype=F16 baseline_over_direct_host_median=0.845144 validated_measured_outputs=62
case=batch_transpose_broadcast dtype=Bf16 a=[2, 17, 65] b=[2, 65, 21] output=[2, 17, 21] physical_low_input_bytes=7150 logical_removed_f32_operand_bytes=19760 output_bytes=2856
case=batch_transpose_broadcast dtype=Bf16 path=cast_both_then_f32_matmul host_median_ms=0.122417 host_p90_ms=0.131917 samples_ms=[0.115916, 0.132542, 0.122917, 0.115458, 0.114875, 0.119292, 0.126625, 0.123542, 0.123833, 0.127, 0.120667, 0.120375, 0.116125, 0.13449999999999998, 0.11875, 0.11791700000000001, 0.12441700000000001, 0.12241699999999998, 0.121542, 0.12224999999999998, 0.1215, 0.12425000000000001, 0.121959, 0.118834, 0.125166, 0.124125, 0.13825, 0.13137500000000002, 0.131917, 0.117792, 0.122541]
case=batch_transpose_broadcast dtype=Bf16 path=direct_low_to_f32_matmul host_median_ms=0.145625 host_p90_ms=0.157834 samples_ms=[0.14858300000000002, 0.163375, 0.14566700000000002, 0.138625, 0.159083, 0.146958, 0.152125, 0.14925, 0.144917, 0.15279099999999998, 0.144292, 0.143333, 0.140833, 0.14516600000000002, 0.265625, 0.142208, 0.14375, 0.148334, 0.147833, 0.14458400000000002, 0.145291, 0.147791, 0.141125, 0.144625, 0.14616600000000002, 0.144708, 0.144958, 0.157834, 0.142125, 0.146666, 0.145625]
case=batch_transpose_broadcast dtype=Bf16 baseline_over_direct_host_median=0.840632 validated_measured_outputs=62
complete cases=12 paths=2 measured_outputs=744 validation_failures=0
