runtime=MLX0.32.1 backend=Metal native_low_storage=true
method=wall_only fresh_graph_every_replay=true resident_low_inputs=true f32_output=true samples=31 rotated_order=true warmup_ms=200 includes=graph,allocation,evaluation,full_readback,synchronize excludes=upload,first_compile,oracle,validation,result_destruction
oracle=independent_f64 exact_dyadic_inputs=integer/16 exact_f32_comparison=true
case=vector_dot dtype=F16 a=[257] b=[257] output=[] physical_low_input_bytes=1028 logical_removed_f32_operand_bytes=2056 output_bytes=4
case=vector_dot dtype=F16 path=cast_both_then_f32_matmul host_median_ms=0.169666 host_p90_ms=0.177166 samples_ms=[0.16175, 0.17149999999999999, 0.173583, 0.150416, 0.167959, 0.1535, 0.17716600000000002, 0.178208, 0.172375, 0.172041, 0.177167, 0.162167, 0.15975, 0.173291, 0.173791, 0.17512499999999998, 0.168709, 0.172209, 0.173625, 0.169666, 0.160917, 0.169458, 0.172042, 0.170041, 0.153167, 0.15325000000000003, 0.164125, 0.152375, 0.268083, 0.14200000000000002, 0.147167]
case=vector_dot dtype=F16 path=direct_low_to_f32_matmul host_median_ms=0.185917 host_p90_ms=0.194333 samples_ms=[0.18425, 0.194333, 0.193916, 0.174625, 0.193542, 0.334208, 0.192042, 0.19020800000000002, 0.171833, 0.185917, 0.188166, 0.183792, 0.190791, 0.18975, 0.1815, 0.19233299999999998, 0.279375, 0.19808299999999998, 0.186583, 0.189792, 0.170542, 0.183916, 0.187709, 0.181959, 0.167375, 0.173333, 0.166875, 0.168583, 0.17341700000000002, 0.173292, 0.167291]
case=vector_dot dtype=F16 baseline_over_direct_host_median=0.912590 validated_measured_outputs=62
case=vector_dot dtype=Bf16 a=[257] b=[257] output=[] physical_low_input_bytes=1028 logical_removed_f32_operand_bytes=2056 output_bytes=4
case=vector_dot dtype=Bf16 path=cast_both_then_f32_matmul host_median_ms=0.132833 host_p90_ms=0.144958 samples_ms=[0.145917, 0.144833, 0.13208299999999998, 0.14525000000000002, 0.141916, 0.129333, 0.13454100000000002, 0.14416700000000002, 0.14116599999999999, 0.1285, 0.128875, 0.12387499999999999, 0.132833, 0.12220800000000001, 0.128375, 0.14375, 0.139708, 0.131292, 0.13191599999999998, 0.12704200000000002, 0.13362500000000002, 0.12975, 0.127625, 0.12787500000000002, 0.135958, 0.144958, 0.14216700000000002, 0.145708, 0.144375, 0.12362500000000001, 0.1225]
case=vector_dot dtype=Bf16 path=direct_low_to_f32_matmul host_median_ms=0.176916 host_p90_ms=0.180667 samples_ms=[0.177958, 0.17879199999999998, 0.180417, 0.176916, 0.17616600000000002, 0.177125, 0.180667, 0.18241700000000002, 0.179083, 0.16295900000000002, 0.167083, 0.169375, 0.167708, 0.16387500000000002, 0.181125, 0.17975, 0.175583, 0.170583, 0.163958, 0.16458299999999998, 0.275167, 0.177042, 0.164417, 0.168291, 0.179875, 0.17737499999999998, 0.180542, 0.17895899999999998, 0.172083, 0.157584, 0.165125]
case=vector_dot dtype=Bf16 baseline_over_direct_host_median=0.750825 validated_measured_outputs=62
case=decode_vector dtype=F16 a=[1025] b=[1025, 129] output=[129] physical_low_input_bytes=266500 logical_removed_f32_operand_bytes=533000 output_bytes=516
case=decode_vector dtype=F16 path=cast_both_then_f32_matmul host_median_ms=0.141917 host_p90_ms=0.145625 samples_ms=[0.14191700000000002, 0.130792, 0.129167, 0.145625, 0.134417, 0.141709, 0.1435, 0.268417, 0.150167, 0.142625, 0.142542, 0.141125, 0.14550000000000002, 0.144708, 0.130667, 0.144333, 0.144292, 0.14375, 0.14091599999999999, 0.145084, 0.130583, 0.14400000000000002, 0.14266600000000002, 0.132208, 0.131167, 0.13125, 0.132917, 0.12679100000000001, 0.248, 0.130625, 0.133709]
case=decode_vector dtype=F16 path=direct_low_to_f32_matmul host_median_ms=0.261750 host_p90_ms=0.270500 samples_ms=[0.255875, 0.26175, 0.257208, 0.26033300000000004, 0.27025, 0.270625, 0.255667, 0.265833, 0.258542, 0.2705, 0.259375, 0.264542, 0.267625, 0.2685, 0.259625, 0.275667, 0.269042, 0.266958, 0.268, 0.25875, 0.25991600000000004, 0.26537499999999997, 0.266334, 0.25858400000000004, 0.25495900000000005, 0.255125, 0.29862500000000003, 0.2495, 0.267041, 0.24983299999999997, 0.248]
case=decode_vector dtype=F16 baseline_over_direct_host_median=0.542185 validated_measured_outputs=62
case=decode_vector dtype=Bf16 a=[1025] b=[1025, 129] output=[129] physical_low_input_bytes=266500 logical_removed_f32_operand_bytes=533000 output_bytes=516
case=decode_vector dtype=Bf16 path=cast_both_then_f32_matmul host_median_ms=0.133000 host_p90_ms=0.150333 samples_ms=[0.149833, 0.1385, 0.137792, 0.129, 0.131875, 0.15062499999999998, 0.15133400000000002, 0.13341699999999998, 0.14750000000000002, 0.150333, 0.145209, 0.13924999999999998, 0.13679100000000002, 0.134417, 0.13341699999999998, 0.13016699999999998, 0.130083, 0.130583, 0.130667, 0.128167, 0.12774999999999997, 0.132459, 0.131, 0.133, 0.133917, 0.128708, 0.129, 0.13208299999999998, 0.26108400000000004, 0.13175, 0.127833]
case=decode_vector dtype=Bf16 path=direct_low_to_f32_matmul host_median_ms=0.342958 host_p90_ms=0.355375 samples_ms=[0.350625, 0.351917, 0.346333, 0.342958, 0.349625, 0.356708, 0.361, 0.347417, 0.35266600000000004, 0.355375, 0.44145799999999996, 0.348084, 0.344166, 0.34299999999999997, 0.34270900000000004, 0.334208, 0.338875, 0.33929099999999995, 0.338667, 0.348875, 0.339, 0.343958, 0.342292, 0.340208, 0.337125, 0.337791, 0.34237500000000004, 0.33929099999999995, 0.340875, 0.340958, 0.34037500000000004]
case=decode_vector dtype=Bf16 baseline_over_direct_host_median=0.387803 validated_measured_outputs=62
case=matrix_vector dtype=F16 a=[129, 1025] b=[1025] output=[129] physical_low_input_bytes=266500 logical_removed_f32_operand_bytes=533000 output_bytes=516
case=matrix_vector dtype=F16 path=cast_both_then_f32_matmul host_median_ms=0.153750 host_p90_ms=0.176167 samples_ms=[0.151166, 0.13691699999999998, 0.152833, 0.134625, 0.149292, 0.158333, 0.155917, 0.153375, 0.166, 0.159417, 0.1605, 0.149042, 0.15425, 0.164792, 0.176167, 0.177209, 0.169208, 0.166208, 0.174625, 0.176584, 0.15075, 0.183375, 0.15620799999999999, 0.149584, 0.15375, 0.14720799999999998, 0.14341700000000002, 0.14458400000000002, 0.140375, 0.135875, 0.140959]
case=matrix_vector dtype=F16 path=direct_low_to_f32_matmul host_median_ms=0.313667 host_p90_ms=0.339916 samples_ms=[0.307334, 0.296333, 0.300209, 0.278125, 0.30925, 0.31366700000000003, 0.305209, 0.298917, 0.31187499999999996, 0.31208400000000003, 0.302167, 0.440333, 0.324417, 0.33183300000000004, 0.33808299999999997, 0.33775, 0.339916, 0.343666, 0.336875, 0.3305, 0.33599999999999997, 0.337667, 0.333, 0.337166, 0.30925, 0.321416, 0.303834, 0.30325, 0.429833, 0.306708, 0.306917]
case=matrix_vector dtype=F16 baseline_over_direct_host_median=0.490170 validated_measured_outputs=62
case=matrix_vector dtype=Bf16 a=[129, 1025] b=[1025] output=[129] physical_low_input_bytes=266500 logical_removed_f32_operand_bytes=533000 output_bytes=516
case=matrix_vector dtype=Bf16 path=cast_both_then_f32_matmul host_median_ms=0.167958 host_p90_ms=0.185917 samples_ms=[0.19591699999999998, 0.168583, 0.176209, 0.176666, 0.182375, 0.170833, 0.179083, 0.18466700000000003, 0.189416, 0.167958, 0.1825, 0.185917, 0.167667, 0.163916, 0.16837500000000002, 0.15312499999999998, 0.153375, 0.174625, 0.170625, 0.152334, 0.15529199999999999, 0.152292, 0.322209, 0.1515, 0.156917, 0.152959, 0.155875, 0.15225, 0.15225, 0.15375, 0.157542]
case=matrix_vector dtype=Bf16 path=direct_low_to_f32_matmul host_median_ms=0.444458 host_p90_ms=0.470750 samples_ms=[0.458833, 0.459125, 0.454833, 0.444458, 0.437, 0.42862500000000003, 0.459709, 0.45029199999999997, 0.586666, 0.4685, 0.46495899999999996, 0.47195899999999996, 0.470333, 0.47075, 0.446, 0.4345, 0.491834, 0.456291, 0.46025, 0.42658300000000005, 0.42874999999999996, 0.434125, 0.418292, 0.397, 0.401583, 0.405958, 0.405125, 0.399, 0.399916, 0.396917, 0.400334]
case=matrix_vector dtype=Bf16 baseline_over_direct_host_median=0.377894 validated_measured_outputs=62
case=odd_gemm dtype=F16 a=[37, 65] b=[65, 51] output=[37, 51] physical_low_input_bytes=11440 logical_removed_f32_operand_bytes=22880 output_bytes=7548
case=odd_gemm dtype=F16 path=cast_both_then_f32_matmul host_median_ms=0.132125 host_p90_ms=0.139458 samples_ms=[0.136834, 0.140458, 0.1375, 0.132709, 0.126584, 0.1305, 0.12725, 0.139458, 0.138208, 0.13566699999999998, 0.137958, 0.1385, 0.12774999999999997, 0.134959, 0.140667, 0.132125, 0.139625, 0.13366699999999998, 0.13020800000000002, 0.135791, 0.131417, 0.121625, 0.132542, 0.125417, 0.130666, 0.127459, 0.126375, 0.12404199999999999, 0.1285, 0.12275, 0.131917]
case=odd_gemm dtype=F16 path=direct_low_to_f32_matmul host_median_ms=0.145250 host_p90_ms=0.150542 samples_ms=[0.14858300000000002, 0.148459, 0.150542, 0.146833, 0.13466699999999998, 0.13470800000000002, 0.149708, 0.145875, 0.227166, 0.149791, 0.14837499999999998, 0.14525000000000002, 0.14979199999999998, 0.151833, 0.14962499999999998, 0.14116700000000001, 0.14750000000000002, 0.14645899999999998, 0.136667, 0.151709, 0.130958, 0.13241699999999998, 0.13483399999999998, 0.1385, 0.13349999999999998, 0.135875, 0.13625, 0.136708, 0.136542, 0.140542, 0.144666]
case=odd_gemm dtype=F16 baseline_over_direct_host_median=0.909639 validated_measured_outputs=62
case=odd_gemm dtype=Bf16 a=[37, 65] b=[65, 51] output=[37, 51] physical_low_input_bytes=11440 logical_removed_f32_operand_bytes=22880 output_bytes=7548
case=odd_gemm dtype=Bf16 path=cast_both_then_f32_matmul host_median_ms=0.137292 host_p90_ms=0.141167 samples_ms=[0.142583, 0.13383399999999998, 0.126833, 0.125083, 0.132292, 0.144416, 0.1375, 0.137875, 0.138709, 0.126125, 0.125583, 0.13758299999999998, 0.13941699999999999, 0.140792, 0.1405, 0.138875, 0.137208, 0.13729200000000003, 0.13466699999999998, 0.138708, 0.135084, 0.131458, 0.12975, 0.125417, 0.128625, 0.13033399999999998, 0.131834, 0.14162499999999997, 0.140125, 0.14116700000000001, 0.137959]
case=odd_gemm dtype=Bf16 path=direct_low_to_f32_matmul host_median_ms=0.152667 host_p90_ms=0.157125 samples_ms=[0.15120899999999998, 0.153167, 0.141125, 0.14737499999999998, 0.154792, 0.294625, 0.15479099999999998, 0.157792, 0.153625, 0.14558400000000002, 0.15295799999999998, 0.15745900000000002, 0.153208, 0.146542, 0.153625, 0.155167, 0.146959, 0.15712500000000001, 0.155541, 0.15454199999999998, 0.14645899999999998, 0.147625, 0.146875, 0.14633300000000002, 0.14737499999999998, 0.148667, 0.1405, 0.141708, 0.154166, 0.152667, 0.145709]
case=odd_gemm dtype=Bf16 baseline_over_direct_host_median=0.899291 validated_measured_outputs=62
case=moderate_gemm dtype=F16 a=[128, 257] b=[257, 192] output=[128, 192] physical_low_input_bytes=164480 logical_removed_f32_operand_bytes=328960 output_bytes=98304
case=moderate_gemm dtype=F16 path=cast_both_then_f32_matmul host_median_ms=0.134083 host_p90_ms=0.147500 samples_ms=[0.14750000000000002, 0.14625, 0.143542, 0.130625, 0.130959, 0.126416, 0.132459, 0.132375, 0.123542, 0.14775000000000002, 0.149, 0.142834, 0.14325000000000002, 0.145959, 0.143292, 0.1175, 0.118292, 0.11620799999999999, 0.12362500000000001, 0.144625, 0.134083, 0.12562500000000001, 0.127, 0.132542, 0.130417, 0.13466699999999998, 0.142375, 0.14125, 0.124375, 0.140416, 0.19525]
case=moderate_gemm dtype=F16 path=direct_low_to_f32_matmul host_median_ms=0.234667 host_p90_ms=0.241750 samples_ms=[0.24175, 0.245625, 0.2385, 0.229833, 0.228666, 0.22675, 0.231542, 0.228708, 0.226708, 0.32929200000000003, 0.239791, 0.237709, 0.238042, 0.238042, 0.240292, 0.221459, 0.222833, 0.22625, 0.2455, 0.241542, 0.240834, 0.233708, 0.22495800000000002, 0.221459, 0.22391699999999998, 0.22875, 0.23925, 0.235, 0.23466700000000001, 0.238208, 0.228458]
case=moderate_gemm dtype=F16 baseline_over_direct_host_median=0.571376 validated_measured_outputs=62
case=moderate_gemm dtype=Bf16 a=[128, 257] b=[257, 192] output=[128, 192] physical_low_input_bytes=164480 logical_removed_f32_operand_bytes=328960 output_bytes=98304
case=moderate_gemm dtype=Bf16 path=cast_both_then_f32_matmul host_median_ms=0.126791 host_p90_ms=0.135916 samples_ms=[0.107834, 0.105917, 0.109125, 0.10925, 0.10366600000000001, 0.112959, 0.107458, 0.110667, 0.125916, 0.11458299999999999, 0.112417, 0.13125, 0.127166, 0.128625, 0.12679100000000001, 0.12999999999999998, 0.135375, 0.13345800000000002, 0.136667, 0.136167, 0.129625, 0.129541, 0.13029200000000002, 0.125083, 0.12787500000000002, 0.135916, 0.122583, 0.177708, 0.126417, 0.1295, 0.123125]
case=moderate_gemm dtype=Bf16 path=direct_low_to_f32_matmul host_median_ms=0.250875 host_p90_ms=0.257875 samples_ms=[0.239208, 0.239667, 0.226166, 0.2265, 0.235041, 0.241583, 0.234208, 0.34487500000000004, 0.246375, 0.234333, 0.235625, 0.244167, 0.258916, 0.252375, 0.254667, 0.251917, 0.257875, 0.254833, 0.260125, 0.2545, 0.25583300000000003, 0.255167, 0.247083, 0.251375, 0.250208, 0.254916, 0.25225, 0.248292, 0.251042, 0.248667, 0.250875]
case=moderate_gemm dtype=Bf16 baseline_over_direct_host_median=0.505395 validated_measured_outputs=62
case=batch_transpose_broadcast dtype=F16 a=[2, 17, 65] b=[2, 65, 21] output=[2, 17, 21] physical_low_input_bytes=7150 logical_removed_f32_operand_bytes=19760 output_bytes=2856
case=batch_transpose_broadcast dtype=F16 path=cast_both_then_f32_matmul host_median_ms=0.130500 host_p90_ms=0.133208 samples_ms=[0.13241699999999998, 0.128792, 0.133208, 0.131042, 0.13075, 0.13037500000000002, 0.134417, 0.1285, 0.128333, 0.128167, 0.128375, 0.12945900000000002, 0.129417, 0.1305, 0.123375, 0.128667, 0.128666, 0.131917, 0.130584, 0.128667, 0.12912500000000002, 0.195666, 0.13349999999999998, 0.132333, 0.130833, 0.131833, 0.13125, 0.13154200000000002, 0.130833, 0.126167, 0.12525]
case=batch_transpose_broadcast dtype=F16 path=direct_low_to_f32_matmul host_median_ms=0.143209 host_p90_ms=0.145875 samples_ms=[0.14508300000000002, 0.14300000000000002, 0.141791, 0.142584, 0.14400000000000002, 0.143709, 0.144084, 0.142834, 0.141291, 0.141375, 0.138959, 0.14575, 0.14545899999999998, 0.13920800000000003, 0.145209, 0.13933399999999999, 0.143459, 0.146709, 0.146, 0.14283300000000002, 0.142584, 0.13916699999999999, 0.14595799999999998, 0.143459, 0.14116700000000001, 0.145708, 0.145375, 0.145875, 0.140958, 0.138292, 0.143209]
case=batch_transpose_broadcast dtype=F16 baseline_over_direct_host_median=0.911256 validated_measured_outputs=62
case=batch_transpose_broadcast dtype=Bf16 a=[2, 17, 65] b=[2, 65, 21] output=[2, 17, 21] physical_low_input_bytes=7150 logical_removed_f32_operand_bytes=19760 output_bytes=2856
case=batch_transpose_broadcast dtype=Bf16 path=cast_both_then_f32_matmul host_median_ms=0.119959 host_p90_ms=0.122375 samples_ms=[0.11854200000000001, 0.119625, 0.1185, 0.12029200000000001, 0.125333, 0.120083, 0.11925, 0.11775000000000001, 0.12012500000000001, 0.12237500000000001, 0.12324999999999998, 0.118334, 0.12108300000000001, 0.118334, 0.126334, 0.119959, 0.11966600000000001, 0.119708, 0.120041, 0.11983300000000001, 0.12029200000000001, 0.12000000000000001, 0.119542, 0.120041, 0.119458, 0.12025, 0.121375, 0.119583, 0.119542, 0.11966700000000001, 0.120666]
case=batch_transpose_broadcast dtype=Bf16 path=direct_low_to_f32_matmul host_median_ms=0.140166 host_p90_ms=0.142125 samples_ms=[0.157084, 0.140875, 0.138417, 0.138584, 0.13937500000000003, 0.140166, 0.1385, 0.136625, 0.140375, 0.140583, 0.140208, 0.139667, 0.142125, 0.13999999999999999, 0.139834, 0.140791, 0.139333, 0.1405, 0.263417, 0.140667, 0.138875, 0.140791, 0.140667, 0.139959, 0.138125, 0.14766700000000002, 0.139333, 0.138875, 0.1375, 0.140834, 0.140791]
case=batch_transpose_broadcast dtype=Bf16 baseline_over_direct_host_median=0.855835 validated_measured_outputs=62
complete cases=12 paths=2 measured_outputs=744 validation_failures=0
