runtime=MLX0.32.1 backend=Metal native_low_storage=true
method=wall_only fresh_graph_every_replay=true resident_low_inputs=true f32_output=true samples=31 rotated_order=true warmup_ms=200 includes=graph,allocation,evaluation,full_readback,synchronize excludes=upload,first_compile,oracle,validation,result_destruction
oracle=independent_f64 exact_dyadic_inputs=integer/16 exact_f32_comparison=true
case=vector_dot dtype=F16 a=[257] b=[257] output=[] physical_low_input_bytes=1028 logical_removed_f32_operand_bytes=2056 output_bytes=4
case=vector_dot dtype=F16 path=cast_both_then_f32_matmul host_median_ms=0.184167 host_p90_ms=0.193083 samples_ms=[0.190541, 0.193167, 0.191375, 0.17891700000000002, 0.179584, 0.190583, 0.187416, 0.175917, 0.18075, 0.19316599999999998, 0.189584, 0.17720799999999998, 0.178, 0.193083, 0.186958, 0.178791, 0.17829099999999998, 0.19104100000000002, 0.187042, 0.332, 0.184167, 0.187542, 0.190417, 0.174792, 0.16433299999999998, 0.173542, 0.17825, 0.189875, 0.170958, 0.173583, 0.17825]
case=vector_dot dtype=F16 path=direct_low_to_f32_matmul host_median_ms=0.219209 host_p90_ms=0.228625 samples_ms=[0.228625, 0.219209, 0.21175, 0.211458, 0.224, 0.225917, 0.21070799999999998, 0.208667, 0.230958, 0.218208, 0.227083, 0.208541, 0.21995900000000002, 0.21925, 0.223334, 0.20858300000000002, 0.220166, 0.22824999999999998, 0.225792, 0.232125, 0.217375, 0.21762499999999999, 0.22233299999999998, 0.21454199999999998, 0.216167, 0.354167, 0.21404099999999998, 0.213458, 0.225583, 0.201417, 0.206417]
case=vector_dot dtype=F16 baseline_over_direct_host_median=0.840143 validated_measured_outputs=62
case=vector_dot dtype=Bf16 a=[257] b=[257] output=[] physical_low_input_bytes=1028 logical_removed_f32_operand_bytes=2056 output_bytes=4
case=vector_dot dtype=Bf16 path=cast_both_then_f32_matmul host_median_ms=0.130917 host_p90_ms=0.136584 samples_ms=[0.12379200000000001, 0.13425, 0.125375, 0.122583, 0.127167, 0.12575, 0.1275, 0.12208299999999998, 0.131625, 0.23875, 0.129708, 0.123667, 0.130917, 0.12483399999999999, 0.131834, 0.12645800000000001, 0.12283300000000001, 0.15025, 0.136584, 0.133125, 0.12983299999999998, 0.133542, 0.130333, 0.140666, 0.13525, 0.13345800000000002, 0.135625, 0.1325, 0.13383399999999998, 0.129333, 0.133583]
case=vector_dot dtype=Bf16 path=direct_low_to_f32_matmul host_median_ms=0.156708 host_p90_ms=0.168750 samples_ms=[0.149542, 0.155541, 0.14854199999999998, 0.154917, 0.150917, 0.151958, 0.14958300000000002, 0.15437499999999998, 0.158708, 0.15670800000000001, 0.154917, 0.156167, 0.155792, 0.154625, 0.15554199999999999, 0.151333, 0.17508300000000002, 0.149166, 0.16641599999999998, 0.21795899999999999, 0.16108299999999998, 0.1595, 0.16875, 0.16091599999999998, 0.169042, 0.16224999999999998, 0.160584, 0.15820900000000002, 0.159625, 0.156792, 0.158208]
case=vector_dot dtype=Bf16 baseline_over_direct_host_median=0.835420 validated_measured_outputs=62
case=decode_vector dtype=F16 a=[1025] b=[1025, 129] output=[129] physical_low_input_bytes=266500 logical_removed_f32_operand_bytes=533000 output_bytes=516
case=decode_vector dtype=F16 path=cast_both_then_f32_matmul host_median_ms=0.140000 host_p90_ms=0.144375 samples_ms=[0.134584, 0.13366699999999998, 0.12687500000000002, 0.129875, 0.131833, 0.131875, 0.142709, 0.130458, 0.13999999999999999, 0.14316700000000002, 0.14308300000000002, 0.133042, 0.13025, 0.129208, 0.12875, 0.131458, 0.13325, 0.14425000000000002, 0.256666, 0.14325000000000002, 0.143959, 0.142583, 0.14508300000000002, 0.142083, 0.144625, 0.143292, 0.142708, 0.141208, 0.144375, 0.131625, 0.133]
case=decode_vector dtype=F16 path=direct_low_to_f32_matmul host_median_ms=0.340875 host_p90_ms=0.345417 samples_ms=[0.332292, 0.335334, 0.335208, 0.33675000000000005, 0.329792, 0.33191600000000004, 0.341583, 0.33512499999999995, 0.346042, 0.34420799999999996, 0.340875, 0.329666, 0.331334, 0.325708, 0.33354100000000003, 0.33504100000000003, 0.344291, 0.345625, 0.345042, 0.34400000000000003, 0.34520900000000004, 0.34450000000000003, 0.345417, 0.34425, 0.344708, 0.34125, 0.34629099999999996, 0.343958, 0.33787500000000004, 0.333291, 0.326959]
case=decode_vector dtype=F16 baseline_over_direct_host_median=0.410708 validated_measured_outputs=62
case=decode_vector dtype=Bf16 a=[1025] b=[1025, 129] output=[129] physical_low_input_bytes=266500 logical_removed_f32_operand_bytes=533000 output_bytes=516
case=decode_vector dtype=Bf16 path=cast_both_then_f32_matmul host_median_ms=0.143292 host_p90_ms=0.150833 samples_ms=[0.155042, 0.138792, 0.146625, 0.14400000000000002, 0.142125, 0.140416, 0.14733300000000002, 0.143292, 0.144709, 0.150709, 0.12695800000000002, 0.145125, 0.135708, 0.135959, 0.13937500000000003, 0.134625, 0.140291, 0.149708, 0.159625, 0.149958, 0.15379099999999998, 0.142042, 0.15083300000000002, 0.139708, 0.135708, 0.15, 0.14625, 0.142042, 0.146625, 0.137667, 0.137708]
case=decode_vector dtype=Bf16 path=direct_low_to_f32_matmul host_median_ms=0.352333 host_p90_ms=0.360791 samples_ms=[0.349166, 0.34495800000000004, 0.354208, 0.352, 0.363709, 0.351416, 0.351666, 0.358833, 0.35233299999999995, 0.339542, 0.353333, 0.360083, 0.362541, 0.355458, 0.351167, 0.346541, 0.344584, 0.4105, 0.352916, 0.357084, 0.355667, 0.35070799999999996, 0.357875, 0.34937500000000005, 0.342958, 0.356166, 0.36079100000000003, 0.352833, 0.35083400000000003, 0.346584, 0.344917]
case=decode_vector dtype=Bf16 baseline_over_direct_host_median=0.406695 validated_measured_outputs=62
case=matrix_vector dtype=F16 a=[129, 1025] b=[1025] output=[129] physical_low_input_bytes=266500 logical_removed_f32_operand_bytes=533000 output_bytes=516
case=matrix_vector dtype=F16 path=cast_both_then_f32_matmul host_median_ms=0.162375 host_p90_ms=0.179458 samples_ms=[0.14766700000000002, 0.167541, 0.178333, 0.16679100000000002, 0.184708, 0.161958, 0.184083, 0.16574999999999998, 0.18454199999999998, 0.172458, 0.16, 0.162791, 0.17945799999999998, 0.162375, 0.154625, 0.164084, 0.168542, 0.152625, 0.162917, 0.151375, 0.14008299999999999, 0.150125, 0.16108299999999998, 0.15170799999999998, 0.172083, 0.153583, 0.152084, 0.150375, 0.15312499999999998, 0.156417, 0.172041]
case=matrix_vector dtype=F16 path=direct_low_to_f32_matmul host_median_ms=0.396458 host_p90_ms=0.423458 samples_ms=[0.5583330000000001, 0.40875, 0.413667, 0.41675, 0.41966600000000004, 0.423458, 0.417417, 0.416, 0.414625, 0.43158399999999997, 0.398791, 0.397583, 0.403458, 0.40737500000000004, 0.5475420000000001, 0.394958, 0.390292, 0.394208, 0.38775000000000004, 0.382458, 0.38983399999999996, 0.38620899999999997, 0.376166, 0.379667, 0.393708, 0.396458, 0.388208, 0.375458, 0.390959, 0.38699999999999996, 0.39075]
case=matrix_vector dtype=F16 baseline_over_direct_host_median=0.409564 validated_measured_outputs=62
case=matrix_vector dtype=Bf16 a=[129, 1025] b=[1025] output=[129] physical_low_input_bytes=266500 logical_removed_f32_operand_bytes=533000 output_bytes=516
case=matrix_vector dtype=Bf16 path=cast_both_then_f32_matmul host_median_ms=0.160334 host_p90_ms=0.171375 samples_ms=[0.151625, 0.16033399999999998, 0.165334, 0.163084, 0.168042, 0.170458, 0.171, 0.155583, 0.15375, 0.17408300000000002, 0.298834, 0.158417, 0.16262500000000002, 0.163458, 0.161833, 0.169542, 0.153166, 0.165542, 0.171375, 0.158959, 0.16054200000000002, 0.155875, 0.154667, 0.144041, 0.173958, 0.15575, 0.15395799999999998, 0.16025, 0.157416, 0.153291, 0.15812500000000002]
case=matrix_vector dtype=Bf16 path=direct_low_to_f32_matmul host_median_ms=0.407625 host_p90_ms=0.413875 samples_ms=[0.40904100000000004, 0.409583, 0.413125, 0.413875, 0.414166, 0.41129099999999996, 0.416167, 0.392417, 0.408125, 0.409416, 0.410291, 0.407708, 0.405167, 0.40245800000000004, 0.412084, 0.39595800000000003, 0.417334, 0.407625, 0.408333, 0.399875, 0.403167, 0.401958, 0.40025, 0.39325, 0.40904199999999996, 0.393208, 0.381583, 0.382, 0.38075000000000003, 0.38533300000000004, 0.39545800000000003]
case=matrix_vector dtype=Bf16 baseline_over_direct_host_median=0.393337 validated_measured_outputs=62
case=odd_gemm dtype=F16 a=[37, 65] b=[65, 51] output=[37, 51] physical_low_input_bytes=11440 logical_removed_f32_operand_bytes=22880 output_bytes=7548
case=odd_gemm dtype=F16 path=cast_both_then_f32_matmul host_median_ms=0.124167 host_p90_ms=0.130250 samples_ms=[0.131583, 0.128375, 0.126417, 0.130541, 0.124167, 0.128959, 0.128792, 0.129542, 0.131459, 0.13025, 0.12804200000000002, 0.129083, 0.128417, 0.127208, 0.11950000000000001, 0.12191700000000001, 0.125125, 0.125834, 0.12125000000000001, 0.12300000000000001, 0.12237500000000001, 0.118958, 0.11916700000000001, 0.118625, 0.121708, 0.11875, 0.118167, 0.120666, 0.120083, 0.11916700000000001, 0.11854200000000001]
case=odd_gemm dtype=F16 path=direct_low_to_f32_matmul host_median_ms=0.139791 host_p90_ms=0.145750 samples_ms=[0.144917, 0.144875, 0.14475, 0.154417, 0.142042, 0.145708, 0.14575, 0.141458, 0.14583400000000002, 0.1445, 0.144166, 0.14416700000000002, 0.145541, 0.26279199999999997, 0.139458, 0.138791, 0.138708, 0.139791, 0.136709, 0.13541599999999998, 0.138834, 0.13916699999999999, 0.136333, 0.14200000000000002, 0.13891599999999998, 0.138208, 0.138875, 0.137875, 0.13766599999999998, 0.13712500000000002, 0.13924999999999998]
case=odd_gemm dtype=F16 baseline_over_direct_host_median=0.888233 validated_measured_outputs=62
case=odd_gemm dtype=Bf16 a=[37, 65] b=[65, 51] output=[37, 51] physical_low_input_bytes=11440 logical_removed_f32_operand_bytes=22880 output_bytes=7548
case=odd_gemm dtype=Bf16 path=cast_both_then_f32_matmul host_median_ms=0.123333 host_p90_ms=0.124416 samples_ms=[0.121125, 0.122125, 0.12370799999999998, 0.122875, 0.124084, 0.120833, 0.124084, 0.120833, 0.123667, 0.12354099999999998, 0.12429100000000001, 0.119041, 0.123834, 0.12458400000000001, 0.124666, 0.12625, 0.123834, 0.121833, 0.123125, 0.12224999999999998, 0.122667, 0.12220800000000001, 0.124375, 0.124084, 0.121542, 0.124416, 0.12216700000000001, 0.121333, 0.123333, 0.12141700000000001, 0.124125]
case=odd_gemm dtype=Bf16 path=direct_low_to_f32_matmul host_median_ms=0.140000 host_p90_ms=0.143625 samples_ms=[0.139875, 0.138291, 0.139667, 0.1435, 0.144041, 0.147917, 0.139709, 0.138292, 0.13991599999999998, 0.140417, 0.246792, 0.143625, 0.136125, 0.142625, 0.139791, 0.137209, 0.13999999999999999, 0.141041, 0.14116700000000001, 0.135625, 0.142083, 0.14179199999999997, 0.13924999999999998, 0.14166600000000001, 0.143292, 0.14341700000000002, 0.138958, 0.141708, 0.138375, 0.13875, 0.138709]
case=odd_gemm dtype=Bf16 baseline_over_direct_host_median=0.880950 validated_measured_outputs=62
case=moderate_gemm dtype=F16 a=[128, 257] b=[257, 192] output=[128, 192] physical_low_input_bytes=164480 logical_removed_f32_operand_bytes=328960 output_bytes=98304
case=moderate_gemm dtype=F16 path=cast_both_then_f32_matmul host_median_ms=0.144125 host_p90_ms=0.151416 samples_ms=[0.12825, 0.144125, 0.14416700000000002, 0.148333, 0.135792, 0.13245800000000002, 0.131833, 0.148458, 0.146542, 0.13245800000000002, 0.142125, 0.145042, 0.148292, 0.21537499999999998, 0.14375, 0.11729200000000001, 0.11870800000000001, 0.146542, 0.132209, 0.12895800000000002, 0.131083, 0.154625, 0.149333, 0.14891700000000002, 0.150334, 0.134791, 0.136375, 0.151416, 0.149333, 0.155917, 0.139792]
case=moderate_gemm dtype=F16 path=direct_low_to_f32_matmul host_median_ms=0.250750 host_p90_ms=0.256542 samples_ms=[0.255125, 0.25075, 0.24558400000000002, 0.254125, 0.24333300000000002, 0.23725, 0.24316600000000002, 0.253917, 0.250291, 0.247083, 0.253125, 0.25179100000000004, 0.252958, 0.241458, 0.232584, 0.227666, 0.24520899999999998, 0.2515, 0.252625, 0.25212500000000004, 0.24525000000000002, 0.25583300000000003, 0.256542, 0.276084, 0.249791, 0.245334, 0.245958, 0.25845799999999997, 0.256416, 0.276625, 0.246667]
case=moderate_gemm dtype=F16 baseline_over_direct_host_median=0.574776 validated_measured_outputs=62
case=moderate_gemm dtype=Bf16 a=[128, 257] b=[257, 192] output=[128, 192] physical_low_input_bytes=164480 logical_removed_f32_operand_bytes=328960 output_bytes=98304
case=moderate_gemm dtype=Bf16 path=cast_both_then_f32_matmul host_median_ms=0.129375 host_p90_ms=0.138083 samples_ms=[0.130917, 0.1255, 0.13375, 0.14175000000000001, 0.1255, 0.129667, 0.125958, 0.125, 0.12316700000000001, 0.13033399999999998, 0.13012500000000002, 0.121875, 0.126459, 0.128833, 0.12237500000000001, 0.130209, 0.129208, 0.12770800000000002, 0.129, 0.129375, 0.128875, 0.123667, 0.127666, 0.130042, 0.131292, 0.138083, 0.138333, 0.136458, 0.134583, 0.14024999999999999, 0.13708399999999998]
case=moderate_gemm dtype=Bf16 path=direct_low_to_f32_matmul host_median_ms=0.239084 host_p90_ms=0.244875 samples_ms=[0.23541600000000001, 0.24075, 0.243541, 0.24350000000000002, 0.239084, 0.23616600000000001, 0.234875, 0.23641600000000002, 0.236708, 0.23666700000000002, 0.239625, 0.241458, 0.23383299999999999, 0.23808400000000002, 0.23879199999999998, 0.236666, 0.24108300000000002, 0.235291, 0.239709, 0.23691700000000002, 0.24487499999999998, 0.23800000000000002, 0.234208, 0.242083, 0.235958, 0.244042, 0.24758400000000003, 0.243625, 0.24608300000000002, 0.249542, 0.24475000000000002]
case=moderate_gemm dtype=Bf16 baseline_over_direct_host_median=0.541128 validated_measured_outputs=62
case=batch_transpose_broadcast dtype=F16 a=[2, 17, 65] b=[2, 65, 21] output=[2, 17, 21] physical_low_input_bytes=7150 logical_removed_f32_operand_bytes=19760 output_bytes=2856
case=batch_transpose_broadcast dtype=F16 path=cast_both_then_f32_matmul host_median_ms=0.134958 host_p90_ms=0.141500 samples_ms=[0.142209, 0.128166, 0.1415, 0.136042, 0.140625, 0.137708, 0.134958, 0.134416, 0.1405, 0.134291, 0.140292, 0.14116700000000001, 0.140875, 0.116792, 0.132541, 0.133542, 0.134, 0.12875, 0.126667, 0.132041, 0.137208, 0.1375, 0.142917, 0.128667, 0.129084, 0.127959, 0.127916, 0.14008400000000001, 0.140833, 0.13262500000000002, 0.150125]
case=batch_transpose_broadcast dtype=F16 path=direct_low_to_f32_matmul host_median_ms=0.160834 host_p90_ms=0.163417 samples_ms=[0.16275, 0.160541, 0.160875, 0.159417, 0.160167, 0.1615, 0.15875, 0.162125, 0.161167, 0.160792, 0.161666, 0.162292, 0.160834, 0.161875, 0.163458, 0.16275, 0.154084, 0.150584, 0.15025, 0.148916, 0.158583, 0.163417, 0.158959, 0.16154200000000002, 0.152709, 0.248041, 0.15804200000000002, 0.152167, 0.16404200000000002, 0.1605, 0.161125]
case=batch_transpose_broadcast dtype=F16 baseline_over_direct_host_median=0.839114 validated_measured_outputs=62
case=batch_transpose_broadcast dtype=Bf16 a=[2, 17, 65] b=[2, 65, 21] output=[2, 17, 21] physical_low_input_bytes=7150 logical_removed_f32_operand_bytes=19760 output_bytes=2856
case=batch_transpose_broadcast dtype=Bf16 path=cast_both_then_f32_matmul host_median_ms=0.139375 host_p90_ms=0.142417 samples_ms=[0.140416, 0.13991599999999998, 0.13954200000000003, 0.124125, 0.142083, 0.13937500000000003, 0.138041, 0.13125, 0.132542, 0.140417, 0.12929200000000002, 0.123375, 0.128833, 0.14375, 0.140709, 0.13275, 0.139416, 0.13520900000000002, 0.127167, 0.132708, 0.142417, 0.140667, 0.138042, 0.140667, 0.13699999999999998, 0.1265, 0.134583, 0.141459, 0.143292, 0.14408300000000002, 0.140209]
case=batch_transpose_broadcast dtype=Bf16 path=direct_low_to_f32_matmul host_median_ms=0.162500 host_p90_ms=0.167833 samples_ms=[0.165, 0.163792, 0.1625, 0.163709, 0.162209, 0.165542, 0.16837500000000002, 0.15904100000000002, 0.15204199999999998, 0.156459, 0.152292, 0.15025, 0.15083300000000002, 0.153291, 0.16612500000000002, 0.16579100000000002, 0.167708, 0.16025, 0.153792, 0.25395799999999996, 0.16783299999999998, 0.169292, 0.16641599999999998, 0.161416, 0.152292, 0.156083, 0.157334, 0.166208, 0.16383399999999998, 0.153375, 0.163417]
case=batch_transpose_broadcast dtype=Bf16 baseline_over_direct_host_median=0.857692 validated_measured_outputs=62
complete cases=12 paths=2 measured_outputs=744 validation_failures=0
