runtime=MLX0.32.1 backend=Metal native_low_storage=true
method=wall_only fresh_graph_every_replay=true resident_low_inputs=true f32_output=true samples=31 rotated_order=true warmup_ms=200 includes=graph,allocation,evaluation,full_readback,synchronize excludes=upload,first_compile,oracle,validation,result_destruction
oracle=independent_f64 exact_dyadic_inputs=integer/16 exact_f32_comparison=true
case=vector_dot dtype=F16 a=[257] b=[257] output=[] physical_low_input_bytes=1028 logical_removed_f32_operand_bytes=2056 output_bytes=4
case=vector_dot dtype=F16 path=cast_both_then_f32_matmul host_median_ms=0.122375 host_p90_ms=0.128291 samples_ms=[0.123791, 0.125416, 0.127834, 0.123333, 0.121291, 0.11745799999999999, 0.12208299999999998, 0.122333, 0.1265, 0.12262500000000001, 0.12175000000000001, 0.11816600000000001, 0.124416, 0.120542, 0.119459, 0.12670800000000002, 0.12237500000000001, 0.114541, 0.255875, 0.117833, 0.11637499999999999, 0.12258399999999998, 0.116083, 0.119417, 0.12812500000000002, 0.128291, 0.135083, 0.126459, 0.122, 0.13449999999999998, 0.121875]
case=vector_dot dtype=F16 path=direct_low_to_f32_matmul host_median_ms=0.114833 host_p90_ms=0.121542 samples_ms=[0.11175, 0.11254199999999999, 0.113625, 0.112917, 0.116334, 0.11625, 0.110666, 0.112875, 0.11729200000000001, 0.121542, 0.113375, 0.115542, 0.119708, 0.116916, 0.109416, 0.12016700000000001, 0.114042, 0.111583, 0.169834, 0.11, 0.104708, 0.114875, 0.109417, 0.109792, 0.127333, 0.116625, 0.112084, 0.114833, 0.121542, 0.119084, 0.116125]
case=vector_dot dtype=F16 baseline_over_direct_host_median=1.065678 validated_measured_outputs=62
case=vector_dot dtype=Bf16 a=[257] b=[257] output=[] physical_low_input_bytes=1028 logical_removed_f32_operand_bytes=2056 output_bytes=4
case=vector_dot dtype=Bf16 path=cast_both_then_f32_matmul host_median_ms=0.121791 host_p90_ms=0.124833 samples_ms=[0.119584, 0.119709, 0.120208, 0.12487500000000001, 0.12925, 0.124833, 0.11983400000000001, 0.12062500000000001, 0.120875, 0.124208, 0.124, 0.1205, 0.120667, 0.123709, 0.123542, 0.121916, 0.122875, 0.171708, 0.120667, 0.118125, 0.12379200000000001, 0.119375, 0.119541, 0.121791, 0.123917, 0.11975, 0.12433299999999999, 0.120708, 0.120708, 0.123166, 0.12220800000000001]
case=vector_dot dtype=Bf16 path=direct_low_to_f32_matmul host_median_ms=0.113750 host_p90_ms=0.116833 samples_ms=[0.113666, 0.115166, 0.112125, 0.11683299999999999, 0.11395799999999999, 0.111416, 0.115625, 0.11108299999999999, 0.11458299999999999, 0.11445899999999999, 0.1125, 0.111958, 0.11375, 0.111667, 0.114667, 0.11508299999999999, 0.103833, 0.12425000000000001, 0.110333, 0.108917, 0.11316699999999999, 0.109667, 0.108875, 0.115791, 0.117959, 0.115833, 0.114708, 0.11741700000000001, 0.112334, 0.11608399999999999, 0.11275]
case=vector_dot dtype=Bf16 baseline_over_direct_host_median=1.070690 validated_measured_outputs=62
case=decode_vector dtype=F16 a=[1025] b=[1025, 129] output=[129] physical_low_input_bytes=266500 logical_removed_f32_operand_bytes=533000 output_bytes=516
case=decode_vector dtype=F16 path=cast_both_then_f32_matmul host_median_ms=0.163625 host_p90_ms=0.179625 samples_ms=[0.127125, 0.12425000000000001, 0.125459, 0.124084, 0.12562500000000001, 0.12012500000000001, 0.12416599999999998, 0.12233400000000001, 0.128666, 0.12441700000000001, 0.121625, 0.125167, 0.124833, 0.125, 0.119708, 0.164167, 0.165333, 0.163625, 0.17108299999999999, 0.171834, 0.184583, 0.178666, 0.19366699999999998, 0.17875000000000002, 0.17891700000000002, 0.1815, 0.179541, 0.17962499999999998, 0.17925, 0.17341700000000002, 0.17495799999999997]
case=decode_vector dtype=F16 path=direct_low_to_f32_matmul host_median_ms=0.145875 host_p90_ms=0.167209 samples_ms=[0.127, 0.118292, 0.12220800000000001, 0.12291599999999998, 0.121, 0.122042, 0.12241699999999998, 0.12487500000000001, 0.126333, 0.117792, 0.11950000000000001, 0.122166, 0.12645800000000001, 0.125417, 0.305875, 0.145875, 0.142125, 0.147458, 0.1505, 0.153166, 0.16316599999999998, 0.166375, 0.159625, 0.158792, 0.165792, 0.161583, 0.167209, 0.162666, 0.165333, 0.20075, 0.17200000000000001]
case=decode_vector dtype=F16 baseline_over_direct_host_median=1.121680 validated_measured_outputs=62
case=decode_vector dtype=Bf16 a=[1025] b=[1025, 129] output=[129] physical_low_input_bytes=266500 logical_removed_f32_operand_bytes=533000 output_bytes=516
case=decode_vector dtype=Bf16 path=cast_both_then_f32_matmul host_median_ms=0.140583 host_p90_ms=0.146334 samples_ms=[0.1495, 0.141083, 0.144875, 0.22824999999999998, 0.139667, 0.140875, 0.137958, 0.137584, 0.146375, 0.14091700000000001, 0.140958, 0.142166, 0.139125, 0.14508300000000002, 0.145792, 0.140583, 0.142458, 0.139458, 0.14316700000000002, 0.146334, 0.143583, 0.136916, 0.138292, 0.137542, 0.136, 0.136291, 0.139459, 0.135291, 0.138458, 0.137542, 0.136541]
case=decode_vector dtype=Bf16 path=direct_low_to_f32_matmul host_median_ms=0.132917 host_p90_ms=0.139375 samples_ms=[0.193416, 0.13725, 0.13937500000000003, 0.13883299999999998, 0.131959, 0.132666, 0.131291, 0.131583, 0.134666, 0.13975, 0.13379200000000002, 0.13470800000000002, 0.133375, 0.132666, 0.134, 0.132917, 0.134792, 0.135584, 0.138625, 0.137375, 0.142166, 0.130042, 0.131333, 0.132708, 0.128416, 0.131459, 0.130042, 0.131334, 0.131875, 0.124666, 0.129167]
case=decode_vector dtype=Bf16 baseline_over_direct_host_median=1.057675 validated_measured_outputs=62
case=matrix_vector dtype=F16 a=[129, 1025] b=[1025] output=[129] physical_low_input_bytes=266500 logical_removed_f32_operand_bytes=533000 output_bytes=516
case=matrix_vector dtype=F16 path=cast_both_then_f32_matmul host_median_ms=0.116709 host_p90_ms=0.119083 samples_ms=[0.114834, 0.116333, 0.11524999999999999, 0.11820800000000001, 0.117042, 0.11254199999999999, 0.116958, 0.118917, 0.11654099999999999, 0.120375, 0.11558299999999999, 0.11787500000000001, 0.11220799999999999, 0.118791, 0.11445899999999999, 0.119375, 0.1145, 0.116709, 0.117083, 0.115041, 0.11666699999999999, 0.116, 0.119083, 0.11804200000000001, 0.115458, 0.11758400000000001, 0.117834, 0.117375, 0.114042, 0.110375, 0.12308299999999998]
case=matrix_vector dtype=F16 path=direct_low_to_f32_matmul host_median_ms=0.119500 host_p90_ms=0.123917 samples_ms=[0.118125, 0.114042, 0.121792, 0.12091600000000001, 0.118459, 0.120708, 0.117833, 0.122958, 0.122, 0.115125, 0.120375, 0.117375, 0.11787500000000001, 0.11975, 0.11900000000000001, 0.123958, 0.118458, 0.11775000000000001, 0.11808400000000001, 0.12224999999999998, 0.117958, 0.123917, 0.12175000000000001, 0.112958, 0.12416599999999998, 0.12091600000000001, 0.115208, 0.136625, 0.121666, 0.117334, 0.11950000000000001]
case=matrix_vector dtype=F16 baseline_over_direct_host_median=0.976644 validated_measured_outputs=62
case=matrix_vector dtype=Bf16 a=[129, 1025] b=[1025] output=[129] physical_low_input_bytes=266500 logical_removed_f32_operand_bytes=533000 output_bytes=516
case=matrix_vector dtype=Bf16 path=cast_both_then_f32_matmul host_median_ms=0.112750 host_p90_ms=0.144000 samples_ms=[0.12675, 0.16574999999999998, 0.12829200000000002, 0.11275, 0.1285, 0.14400000000000002, 0.126292, 0.11075, 0.10725, 0.10387500000000001, 0.105709, 0.11124999999999999, 0.117792, 0.153291, 0.115333, 0.10625, 0.104792, 0.10308400000000001, 0.109083, 0.205833, 0.127375, 0.10770800000000001, 0.11691700000000001, 0.104917, 0.113083, 0.12320899999999999, 0.118917, 0.100833, 0.09825, 0.097667, 0.101583]
case=matrix_vector dtype=Bf16 path=direct_low_to_f32_matmul host_median_ms=0.114917 host_p90_ms=0.164041 samples_ms=[0.121458, 0.11491699999999999, 0.135792, 0.126542, 0.169708, 0.16766599999999998, 0.141459, 0.129458, 0.113875, 0.108834, 0.10229200000000001, 0.108083, 0.14008299999999999, 0.164041, 0.1125, 0.105875, 0.11124999999999999, 0.127417, 0.137625, 0.12604200000000002, 0.110708, 0.112292, 0.106542, 0.104125, 0.14325000000000002, 0.12687500000000002, 0.11225, 0.111959, 0.11325, 0.1065, 0.185875]
case=matrix_vector dtype=Bf16 baseline_over_direct_host_median=0.981143 validated_measured_outputs=62
case=odd_gemm dtype=F16 a=[37, 65] b=[65, 51] output=[37, 51] physical_low_input_bytes=11440 logical_removed_f32_operand_bytes=22880 output_bytes=7548
case=odd_gemm dtype=F16 path=cast_both_then_f32_matmul host_median_ms=0.130083 host_p90_ms=0.138375 samples_ms=[0.142958, 0.14162499999999997, 0.135208, 0.138375, 0.12625, 0.129, 0.14016699999999999, 0.13362500000000002, 0.134375, 0.126167, 0.13549999999999998, 0.13449999999999998, 0.133167, 0.132875, 0.1365, 0.129208, 0.129291, 0.12725, 0.1305, 0.127417, 0.129667, 0.123041, 0.127334, 0.126083, 0.126542, 0.136667, 0.12345800000000001, 0.130083, 0.126334, 0.12345800000000001, 0.132375]
case=odd_gemm dtype=F16 path=direct_low_to_f32_matmul host_median_ms=0.135000 host_p90_ms=0.145500 samples_ms=[0.14625, 0.135, 0.14183300000000001, 0.13466699999999998, 0.1405, 0.136542, 0.136541, 0.134666, 0.13954200000000003, 0.131917, 0.13899999999999998, 0.132833, 0.141041, 0.138959, 0.14108400000000001, 0.131708, 0.24000000000000002, 0.138875, 0.14550000000000002, 0.128875, 0.133042, 0.129417, 0.137916, 0.127291, 0.13475, 0.149708, 0.13345800000000002, 0.134, 0.130584, 0.12354099999999998, 0.1305]
case=odd_gemm dtype=F16 baseline_over_direct_host_median=0.963578 validated_measured_outputs=62
case=odd_gemm dtype=Bf16 a=[37, 65] b=[65, 51] output=[37, 51] physical_low_input_bytes=11440 logical_removed_f32_operand_bytes=22880 output_bytes=7548
case=odd_gemm dtype=Bf16 path=cast_both_then_f32_matmul host_median_ms=0.122791 host_p90_ms=0.126292 samples_ms=[0.126125, 0.121834, 0.120542, 0.130583, 0.12216700000000001, 0.12275, 0.12079100000000001, 0.12025, 0.125083, 0.127125, 0.117834, 0.12479099999999999, 0.2205, 0.12141700000000001, 0.122583, 0.119792, 0.11975, 0.126292, 0.123125, 0.123709, 0.12316700000000001, 0.121458, 0.12224999999999998, 0.121542, 0.12279200000000001, 0.122416, 0.122791, 0.124666, 0.12475, 0.12470800000000001, 0.125125]
case=odd_gemm dtype=Bf16 path=direct_low_to_f32_matmul host_median_ms=0.123792 host_p90_ms=0.127209 samples_ms=[0.12379200000000001, 0.125417, 0.12320899999999999, 0.130958, 0.12320899999999999, 0.12466699999999999, 0.12266600000000001, 0.121, 0.123833, 0.122333, 0.125667, 0.126333, 0.125167, 0.12241699999999998, 0.12224999999999998, 0.12466699999999999, 0.120584, 0.122459, 0.12429100000000001, 0.123333, 0.121375, 0.12229100000000001, 0.12279200000000001, 0.12329100000000001, 0.12625, 0.123375, 0.128667, 0.128625, 0.12645800000000001, 0.12720900000000002, 0.126375]
case=odd_gemm dtype=Bf16 baseline_over_direct_host_median=0.991914 validated_measured_outputs=62
case=moderate_gemm dtype=F16 a=[128, 257] b=[257, 192] output=[128, 192] physical_low_input_bytes=164480 logical_removed_f32_operand_bytes=328960 output_bytes=98304
case=moderate_gemm dtype=F16 path=cast_both_then_f32_matmul host_median_ms=0.123792 host_p90_ms=0.129958 samples_ms=[0.131084, 0.125125, 0.12275, 0.12220800000000001, 0.12208400000000001, 0.123125, 0.12208299999999998, 0.129708, 0.126, 0.12774999999999997, 0.123125, 0.12379200000000001, 0.122292, 0.12375, 0.12495799999999999, 0.124709, 0.12495799999999999, 0.13125, 0.128416, 0.12370799999999998, 0.12329100000000001, 0.12262500000000001, 0.126292, 0.12075, 0.12379200000000001, 0.12141600000000001, 0.117792, 0.12995800000000002, 0.130333, 0.124583, 0.123208]
case=moderate_gemm dtype=F16 path=direct_low_to_f32_matmul host_median_ms=0.136333 host_p90_ms=0.143209 samples_ms=[0.13904100000000003, 0.136541, 0.13625, 0.135584, 0.13449999999999998, 0.138375, 0.137083, 0.13695800000000002, 0.136667, 0.136167, 0.13416599999999998, 0.136333, 0.135708, 0.135708, 0.135959, 0.136292, 0.140834, 0.14108400000000001, 0.138792, 0.136458, 0.134375, 0.13574999999999998, 0.131917, 0.135875, 0.152041, 0.13345800000000002, 0.12912500000000002, 0.14854199999999998, 0.143209, 0.146542, 0.13799999999999998]
case=moderate_gemm dtype=F16 baseline_over_direct_host_median=0.908012 validated_measured_outputs=62
case=moderate_gemm dtype=Bf16 a=[128, 257] b=[257, 192] output=[128, 192] physical_low_input_bytes=164480 logical_removed_f32_operand_bytes=328960 output_bytes=98304
case=moderate_gemm dtype=Bf16 path=cast_both_then_f32_matmul host_median_ms=0.123792 host_p90_ms=0.125750 samples_ms=[0.12429100000000001, 0.12441700000000001, 0.12379200000000001, 0.12262500000000001, 0.124084, 0.125083, 0.121792, 0.123917, 0.119542, 0.125125, 0.125791, 0.12504200000000001, 0.12300000000000001, 0.12079200000000001, 0.12362500000000001, 0.12316700000000001, 0.1225, 0.125417, 0.12433299999999999, 0.12075, 0.11649999999999999, 0.117625, 0.11804200000000001, 0.124666, 0.12774999999999997, 0.119083, 0.12575, 0.121542, 0.121958, 0.231125, 0.12470800000000001]
case=moderate_gemm dtype=Bf16 path=direct_low_to_f32_matmul host_median_ms=0.133042 host_p90_ms=0.139708 samples_ms=[0.132333, 0.248667, 0.135084, 0.134083, 0.133459, 0.134209, 0.133042, 0.131875, 0.132666, 0.130333, 0.133125, 0.13275, 0.133042, 0.134, 0.13279200000000002, 0.13349999999999998, 0.132583, 0.13825, 0.13262500000000002, 0.139792, 0.128959, 0.127084, 0.129542, 0.13154200000000002, 0.140625, 0.139708, 0.13658299999999998, 0.132667, 0.13341699999999998, 0.132416, 0.133167]
case=moderate_gemm dtype=Bf16 baseline_over_direct_host_median=0.930473 validated_measured_outputs=62
case=batch_transpose_broadcast dtype=F16 a=[2, 17, 65] b=[2, 65, 21] output=[2, 17, 21] physical_low_input_bytes=7150 logical_removed_f32_operand_bytes=19760 output_bytes=2856
case=batch_transpose_broadcast dtype=F16 path=cast_both_then_f32_matmul host_median_ms=0.124333 host_p90_ms=0.131000 samples_ms=[0.13120800000000002, 0.129541, 0.132209, 0.12262500000000001, 0.121, 0.129708, 0.124334, 0.12416599999999998, 0.1235, 0.126667, 0.12316700000000001, 0.12324999999999998, 0.12329100000000001, 0.12433299999999999, 0.124, 0.124167, 0.124542, 0.125917, 0.12391600000000001, 0.121333, 0.122917, 0.131, 0.13383399999999998, 0.12279200000000001, 0.120708, 0.12929200000000002, 0.123542, 0.127125, 0.126333, 0.124833, 0.1255]
case=batch_transpose_broadcast dtype=F16 path=direct_low_to_f32_matmul host_median_ms=0.126667 host_p90_ms=0.130709 samples_ms=[0.13333299999999998, 0.130916, 0.13070900000000002, 0.12758299999999997, 0.127167, 0.12575, 0.127, 0.125709, 0.125167, 0.125291, 0.126667, 0.124, 0.12812500000000002, 0.127959, 0.129542, 0.129959, 0.12570800000000001, 0.126667, 0.12562500000000001, 0.12475, 0.12575, 0.12645800000000001, 0.123709, 0.12475, 0.12445800000000001, 0.127458, 0.12620900000000002, 0.24925000000000003, 0.128584, 0.128583, 0.128375]
case=batch_transpose_broadcast dtype=F16 baseline_over_direct_host_median=0.981574 validated_measured_outputs=62
case=batch_transpose_broadcast dtype=Bf16 a=[2, 17, 65] b=[2, 65, 21] output=[2, 17, 21] physical_low_input_bytes=7150 logical_removed_f32_operand_bytes=19760 output_bytes=2856
case=batch_transpose_broadcast dtype=Bf16 path=cast_both_then_f32_matmul host_median_ms=0.122334 host_p90_ms=0.127208 samples_ms=[0.124125, 0.122042, 0.122125, 0.12233400000000001, 0.12354099999999998, 0.117083, 0.12025, 0.121209, 0.121542, 0.12275, 0.128208, 0.122875, 0.123833, 0.12125000000000001, 0.12075, 0.121708, 0.12233400000000001, 0.122, 0.12125000000000001, 0.121667, 0.124, 0.127292, 0.126792, 0.12466699999999999, 0.12208299999999998, 0.24312499999999998, 0.127208, 0.12175000000000001, 0.123041, 0.12433299999999999, 0.121625]
case=batch_transpose_broadcast dtype=Bf16 path=direct_low_to_f32_matmul host_median_ms=0.125667 host_p90_ms=0.130041 samples_ms=[0.130083, 0.12587500000000001, 0.12562500000000001, 0.126667, 0.126208, 0.168708, 0.12237500000000001, 0.122333, 0.12449999999999999, 0.13004100000000002, 0.12495799999999999, 0.124, 0.12395900000000001, 0.126625, 0.124, 0.12404199999999999, 0.130792, 0.12625, 0.12504099999999999, 0.124833, 0.1265, 0.12575, 0.12324999999999998, 0.12495900000000001, 0.124416, 0.12562500000000001, 0.12725, 0.125667, 0.12812500000000002, 0.127, 0.127458]
case=batch_transpose_broadcast dtype=Bf16 baseline_over_direct_host_median=0.973478 validated_measured_outputs=62
complete cases=12 paths=2 measured_outputs=744 validation_failures=0
