runtime=MLX0.32.1 backend=Metal native_low_storage=true
method=wall_only fresh_graph_every_replay=true resident_low_inputs=true f32_output=true samples=31 rotated_order=true warmup_ms=200 includes=graph,allocation,evaluation,full_readback,synchronize excludes=upload,first_compile,oracle,validation,result_destruction
oracle=independent_f64 exact_dyadic_inputs=integer/16 exact_f32_comparison=true
case=vector_dot dtype=F16 a=[257] b=[257] output=[] physical_low_input_bytes=1028 logical_removed_f32_operand_bytes=2056 output_bytes=4
case=vector_dot dtype=F16 path=cast_both_then_f32_matmul host_median_ms=0.127542 host_p90_ms=0.132542 samples_ms=[0.12645800000000001, 0.124334, 0.12904100000000002, 0.129542, 0.126709, 0.250917, 0.11745900000000001, 0.127542, 0.12625, 0.125375, 0.12479200000000001, 0.13016699999999998, 0.125209, 0.129333, 0.12495799999999999, 0.126, 0.12579200000000001, 0.129416, 0.127334, 0.126833, 0.128208, 0.127667, 0.12687500000000002, 0.132958, 0.130625, 0.131333, 0.132542, 0.135417, 0.124, 0.12995800000000002, 0.131]
case=vector_dot dtype=F16 path=direct_low_to_f32_matmul host_median_ms=0.120208 host_p90_ms=0.124666 samples_ms=[0.12433299999999999, 0.123292, 0.12354099999999998, 0.12300000000000001, 0.1255, 0.12545800000000001, 0.12220800000000001, 0.124666, 0.127292, 0.11741700000000001, 0.120208, 0.11529199999999999, 0.11691700000000001, 0.114333, 0.11670799999999999, 0.115458, 0.114375, 0.12000000000000001, 0.11741700000000001, 0.11708400000000001, 0.116, 0.11691700000000001, 0.116625, 0.1185, 0.12208299999999998, 0.122209, 0.120042, 0.121916, 0.12370799999999998, 0.120542, 0.12224999999999998]
case=vector_dot dtype=F16 baseline_over_direct_host_median=1.061011 validated_measured_outputs=62
case=vector_dot dtype=Bf16 a=[257] b=[257] output=[] physical_low_input_bytes=1028 logical_removed_f32_operand_bytes=2056 output_bytes=4
case=vector_dot dtype=Bf16 path=cast_both_then_f32_matmul host_median_ms=0.123292 host_p90_ms=0.126791 samples_ms=[0.125292, 0.123292, 0.121125, 0.12979100000000002, 0.12679100000000001, 0.123375, 0.124583, 0.121792, 0.121209, 0.1255, 0.12237500000000001, 0.121625, 0.11604099999999999, 0.12449999999999999, 0.1255, 0.12308299999999998, 0.123833, 0.1235, 0.12241699999999998, 0.126625, 0.12475, 0.129333, 0.121792, 0.1235, 0.121292, 0.121541, 0.122667, 0.129333, 0.1055, 0.115041, 0.114041]
case=vector_dot dtype=Bf16 path=direct_low_to_f32_matmul host_median_ms=0.115542 host_p90_ms=0.120500 samples_ms=[0.115, 0.115542, 0.114333, 0.1205, 0.18229199999999998, 0.11383399999999999, 0.11637499999999999, 0.11666699999999999, 0.114875, 0.115792, 0.116958, 0.11683299999999999, 0.117958, 0.116416, 0.1145, 0.11925, 0.11445799999999999, 0.115125, 0.11995800000000001, 0.118583, 0.121167, 0.118458, 0.1155, 0.114791, 0.115041, 0.11445799999999999, 0.114834, 0.13262500000000002, 0.1055, 0.109375, 0.11108299999999999]
case=vector_dot dtype=Bf16 baseline_over_direct_host_median=1.067075 validated_measured_outputs=62
case=decode_vector dtype=F16 a=[1025] b=[1025, 129] output=[129] physical_low_input_bytes=266500 logical_removed_f32_operand_bytes=533000 output_bytes=516
case=decode_vector dtype=F16 path=cast_both_then_f32_matmul host_median_ms=0.126459 host_p90_ms=0.130833 samples_ms=[0.115375, 0.257666, 0.123125, 0.120833, 0.120333, 0.125375, 0.122125, 0.123833, 0.120917, 0.128667, 0.12774999999999997, 0.127, 0.12645800000000001, 0.12879100000000002, 0.129541, 0.126459, 0.130833, 0.12425000000000001, 0.12375, 0.127, 0.128667, 0.128, 0.135417, 0.126292, 0.12770800000000002, 0.12787500000000002, 0.124583, 0.12441700000000001, 0.13025, 0.130833, 0.11837500000000001]
case=decode_vector dtype=F16 path=direct_low_to_f32_matmul host_median_ms=0.123917 host_p90_ms=0.130625 samples_ms=[0.114709, 0.119583, 0.123125, 0.123292, 0.121875, 0.124833, 0.12387499999999999, 0.130625, 0.12520799999999999, 0.126125, 0.123958, 0.12570800000000001, 0.124125, 0.11933300000000001, 0.125375, 0.13745900000000003, 0.125375, 0.11770800000000001, 0.127333, 0.123917, 0.12279200000000001, 0.1255, 0.12387499999999999, 0.1445, 0.121125, 0.12033400000000001, 0.16154200000000002, 0.118917, 0.1265, 0.123833, 0.113917]
case=decode_vector dtype=F16 baseline_over_direct_host_median=1.020514 validated_measured_outputs=62
case=decode_vector dtype=Bf16 a=[1025] b=[1025, 129] output=[129] physical_low_input_bytes=266500 logical_removed_f32_operand_bytes=533000 output_bytes=516
case=decode_vector dtype=Bf16 path=cast_both_then_f32_matmul host_median_ms=0.122125 host_p90_ms=0.128333 samples_ms=[0.123459, 0.120208, 0.122708, 0.122125, 0.119541, 0.120875, 0.12108300000000001, 0.119542, 0.12220800000000001, 0.12191700000000001, 0.128541, 0.12375, 0.118416, 0.131, 0.12675, 0.125416, 0.128333, 0.11916600000000001, 0.118583, 0.125958, 0.125583, 0.11591699999999999, 0.113542, 0.11541699999999999, 0.11925, 0.126583, 0.120416, 0.12079100000000001, 0.12275, 0.145375, 0.126625]
case=decode_vector dtype=Bf16 path=direct_low_to_f32_matmul host_median_ms=0.119083 host_p90_ms=0.123292 samples_ms=[0.12158300000000001, 0.122958, 0.119917, 0.11683299999999999, 0.132583, 0.121125, 0.11458299999999999, 0.115833, 0.120083, 0.12175000000000001, 0.12504200000000001, 0.117625, 0.114667, 0.118916, 0.11875, 0.123292, 0.12237500000000001, 0.117542, 0.119875, 0.11474999999999999, 0.119083, 0.13916699999999999, 0.118458, 0.115625, 0.112708, 0.117375, 0.11779099999999999, 0.112667, 0.122042, 0.121291, 0.120917]
case=decode_vector dtype=Bf16 baseline_over_direct_host_median=1.025545 validated_measured_outputs=62
case=matrix_vector dtype=F16 a=[129, 1025] b=[1025] output=[129] physical_low_input_bytes=266500 logical_removed_f32_operand_bytes=533000 output_bytes=516
case=matrix_vector dtype=F16 path=cast_both_then_f32_matmul host_median_ms=0.109125 host_p90_ms=0.115292 samples_ms=[0.137209, 0.108625, 0.105667, 0.108834, 0.112916, 0.154583, 0.11395899999999999, 0.110417, 0.108417, 0.105708, 0.111208, 0.11124999999999999, 0.106, 0.11316699999999999, 0.114084, 0.108792, 0.114, 0.108458, 0.103583, 0.10225000000000001, 0.104458, 0.107208, 0.113084, 0.110416, 0.11529199999999999, 0.104542, 0.109458, 0.109125, 0.108542, 0.108375, 0.215666]
case=matrix_vector dtype=F16 path=direct_low_to_f32_matmul host_median_ms=0.117542 host_p90_ms=0.125750 samples_ms=[0.116458, 0.12191700000000001, 0.11758300000000001, 0.118667, 0.111292, 0.117542, 0.111792, 0.134792, 0.126125, 0.116958, 0.11491599999999999, 0.126167, 0.110792, 0.121042, 0.121542, 0.12075, 0.121, 0.108375, 0.114167, 0.12012500000000001, 0.116625, 0.115542, 0.12141700000000001, 0.115041, 0.11625, 0.1205, 0.11375, 0.117834, 0.112167, 0.12575, 0.112583]
case=matrix_vector dtype=F16 baseline_over_direct_host_median=0.928392 validated_measured_outputs=62
case=matrix_vector dtype=Bf16 a=[129, 1025] b=[1025] output=[129] physical_low_input_bytes=266500 logical_removed_f32_operand_bytes=533000 output_bytes=516
case=matrix_vector dtype=Bf16 path=cast_both_then_f32_matmul host_median_ms=0.115750 host_p90_ms=0.118959 samples_ms=[0.11325, 0.118667, 0.119875, 0.115542, 0.11620799999999999, 0.11541599999999999, 0.115333, 0.11787500000000001, 0.118125, 0.118959, 0.11729099999999999, 0.1175, 0.11574999999999999, 0.116916, 0.114791, 0.117083, 0.147708, 0.114833, 0.109209, 0.116791, 0.112417, 0.110416, 0.108959, 0.110917, 0.113125, 0.11275, 0.114708, 0.119375, 0.118334, 0.116458, 0.11445899999999999]
case=matrix_vector dtype=Bf16 path=direct_low_to_f32_matmul host_median_ms=0.122791 host_p90_ms=0.127667 samples_ms=[0.12741599999999997, 0.12224999999999998, 0.12487500000000001, 0.119625, 0.127667, 0.121167, 0.12579200000000001, 0.120917, 0.12975, 0.120375, 0.127208, 0.11837500000000001, 0.125542, 0.127375, 0.1255, 0.120667, 0.11545899999999999, 0.120666, 0.12620900000000002, 0.120833, 0.115667, 0.11491599999999999, 0.12324999999999998, 0.11637499999999999, 0.122791, 0.11433399999999999, 0.131292, 0.118, 0.24716700000000003, 0.127375, 0.123667]
case=matrix_vector dtype=Bf16 baseline_over_direct_host_median=0.942659 validated_measured_outputs=62
case=odd_gemm dtype=F16 a=[37, 65] b=[65, 51] output=[37, 51] physical_low_input_bytes=11440 logical_removed_f32_operand_bytes=22880 output_bytes=7548
case=odd_gemm dtype=F16 path=cast_both_then_f32_matmul host_median_ms=0.121083 host_p90_ms=0.123958 samples_ms=[0.123958, 0.124041, 0.12341699999999999, 0.12262500000000001, 0.12262500000000001, 0.12125000000000001, 0.118583, 0.11916700000000001, 0.12108300000000001, 0.121333, 0.12466699999999999, 0.123583, 0.120584, 0.121167, 0.123125, 0.11900000000000001, 0.11916600000000001, 0.121667, 0.12025, 0.12000000000000001, 0.12275, 0.11933300000000001, 0.121375, 0.1185, 0.1205, 0.243209, 0.119792, 0.119125, 0.120584, 0.11979100000000001, 0.11920900000000001]
case=odd_gemm dtype=F16 path=direct_low_to_f32_matmul host_median_ms=0.121500 host_p90_ms=0.125125 samples_ms=[0.120375, 0.12245800000000001, 0.123208, 0.11866600000000001, 0.123958, 0.12433299999999999, 0.125, 0.11975, 0.121916, 0.125125, 0.125167, 0.12045800000000001, 0.12675, 0.12587500000000001, 0.121042, 0.12425000000000001, 0.118917, 0.124583, 0.1215, 0.11775000000000001, 0.12016700000000001, 0.122166, 0.12075, 0.119916, 0.120666, 0.12045900000000001, 0.123375, 0.120834, 0.120166, 0.120375, 0.121625]
case=odd_gemm dtype=F16 baseline_over_direct_host_median=0.996568 validated_measured_outputs=62
case=odd_gemm dtype=Bf16 a=[37, 65] b=[65, 51] output=[37, 51] physical_low_input_bytes=11440 logical_removed_f32_operand_bytes=22880 output_bytes=7548
case=odd_gemm dtype=Bf16 path=cast_both_then_f32_matmul host_median_ms=0.122916 host_p90_ms=0.130334 samples_ms=[0.13033399999999998, 0.115709, 0.1155, 0.11900000000000001, 0.118583, 0.11933300000000001, 0.112834, 0.12045900000000001, 0.12441700000000001, 0.1275, 0.123292, 0.12095900000000001, 0.12224999999999998, 0.127125, 0.125375, 0.12300000000000001, 0.12291599999999998, 0.121458, 0.122958, 0.12925, 0.129458, 0.125583, 0.122708, 0.120917, 0.217459, 0.117334, 0.11604199999999999, 0.13137500000000002, 0.129916, 0.133583, 0.117958]
case=odd_gemm dtype=Bf16 path=direct_low_to_f32_matmul host_median_ms=0.123959 host_p90_ms=0.132417 samples_ms=[0.129333, 0.112834, 0.11950000000000001, 0.121375, 0.12158300000000001, 0.11804200000000001, 0.198833, 0.11900000000000001, 0.127458, 0.126834, 0.123834, 0.12625, 0.129917, 0.12479099999999999, 0.12358399999999999, 0.12216700000000001, 0.125292, 0.1275, 0.12395900000000001, 0.123042, 0.133, 0.13241699999999998, 0.123709, 0.12458400000000001, 0.126584, 0.122042, 0.117541, 0.12045900000000001, 0.12704200000000002, 0.13329100000000002, 0.12370799999999998]
case=odd_gemm dtype=Bf16 baseline_over_direct_host_median=0.991586 validated_measured_outputs=62
case=moderate_gemm dtype=F16 a=[128, 257] b=[257, 192] output=[128, 192] physical_low_input_bytes=164480 logical_removed_f32_operand_bytes=328960 output_bytes=98304
case=moderate_gemm dtype=F16 path=cast_both_then_f32_matmul host_median_ms=0.122083 host_p90_ms=0.125542 samples_ms=[0.121458, 0.120083, 0.11995800000000001, 0.12233400000000001, 0.121125, 0.11395799999999999, 0.11495899999999999, 0.13674999999999998, 0.12224999999999998, 0.116166, 0.121542, 0.118125, 0.12220800000000001, 0.125542, 0.12416599999999998, 0.125417, 0.12262500000000001, 0.1285, 0.12404199999999999, 0.116625, 0.119417, 0.125791, 0.124041, 0.119708, 0.122292, 0.12208400000000001, 0.12079200000000001, 0.12208299999999998, 0.119917, 0.123833, 0.11574999999999999]
case=moderate_gemm dtype=F16 path=direct_low_to_f32_matmul host_median_ms=0.132833 host_p90_ms=0.138125 samples_ms=[0.132708, 0.13245800000000002, 0.131791, 0.132375, 0.242209, 0.135208, 0.129541, 0.138125, 0.12579200000000001, 0.12774999999999997, 0.133917, 0.132542, 0.132833, 0.216167, 0.135167, 0.131917, 0.13425, 0.128, 0.129458, 0.135792, 0.131292, 0.13712500000000002, 0.1325, 0.136125, 0.132541, 0.138875, 0.134917, 0.134041, 0.134042, 0.133125, 0.128792]
case=moderate_gemm dtype=F16 baseline_over_direct_host_median=0.919071 validated_measured_outputs=62
case=moderate_gemm dtype=Bf16 a=[128, 257] b=[257, 192] output=[128, 192] physical_low_input_bytes=164480 logical_removed_f32_operand_bytes=328960 output_bytes=98304
case=moderate_gemm dtype=Bf16 path=cast_both_then_f32_matmul host_median_ms=0.127375 host_p90_ms=0.134125 samples_ms=[0.12520799999999999, 0.130166, 0.125542, 0.125, 0.12216700000000001, 0.121208, 0.124125, 0.121, 0.13920800000000003, 0.131708, 0.12604200000000002, 0.128917, 0.12595900000000002, 0.12704200000000002, 0.12912500000000002, 0.12629100000000001, 0.128208, 0.128458, 0.12695800000000002, 0.127375, 0.119208, 0.120833, 0.136916, 0.123583, 0.132375, 0.130625, 0.130084, 0.128834, 0.1325, 0.134125, 0.142959]
case=moderate_gemm dtype=Bf16 path=direct_low_to_f32_matmul host_median_ms=0.138875 host_p90_ms=0.145792 samples_ms=[0.13783299999999998, 0.14179199999999997, 0.137708, 0.137083, 0.134, 0.13316599999999998, 0.140209, 0.131167, 0.146875, 0.141708, 0.138709, 0.13625, 0.13674999999999998, 0.239084, 0.138875, 0.139291, 0.13899999999999998, 0.136458, 0.140459, 0.13695800000000002, 0.13295900000000002, 0.134958, 0.135875, 0.138375, 0.142834, 0.140208, 0.141584, 0.145792, 0.146375, 0.141708, 0.144959]
case=moderate_gemm dtype=Bf16 baseline_over_direct_host_median=0.917192 validated_measured_outputs=62
case=batch_transpose_broadcast dtype=F16 a=[2, 17, 65] b=[2, 65, 21] output=[2, 17, 21] physical_low_input_bytes=7150 logical_removed_f32_operand_bytes=19760 output_bytes=2856
case=batch_transpose_broadcast dtype=F16 path=cast_both_then_f32_matmul host_median_ms=0.125166 host_p90_ms=0.127834 samples_ms=[0.12425000000000001, 0.122834, 0.12379200000000001, 0.125709, 0.125917, 0.123958, 0.12375, 0.23900000000000002, 0.128625, 0.12575, 0.12570800000000001, 0.12687500000000002, 0.12258399999999998, 0.11687499999999999, 0.12670800000000002, 0.13349999999999998, 0.123333, 0.1255, 0.12545800000000001, 0.126333, 0.125166, 0.12308299999999998, 0.126542, 0.122, 0.123084, 0.12158300000000001, 0.12208299999999998, 0.127834, 0.123375, 0.12441700000000001, 0.125166]
case=batch_transpose_broadcast dtype=F16 path=direct_low_to_f32_matmul host_median_ms=0.127000 host_p90_ms=0.130791 samples_ms=[0.127375, 0.12725, 0.125833, 0.135125, 0.120875, 0.126375, 0.126916, 0.1295, 0.126167, 0.121625, 0.128458, 0.134375, 0.128584, 0.123833, 0.11645900000000001, 0.11950000000000001, 0.128, 0.126125, 0.124709, 0.125083, 0.129334, 0.127459, 0.128709, 0.12625, 0.12470800000000001, 0.12545800000000001, 0.130791, 0.13262500000000002, 0.128417, 0.127, 0.127166]
case=batch_transpose_broadcast dtype=F16 baseline_over_direct_host_median=0.985559 validated_measured_outputs=62
case=batch_transpose_broadcast dtype=Bf16 a=[2, 17, 65] b=[2, 65, 21] output=[2, 17, 21] physical_low_input_bytes=7150 logical_removed_f32_operand_bytes=19760 output_bytes=2856
case=batch_transpose_broadcast dtype=Bf16 path=cast_both_then_f32_matmul host_median_ms=0.122791 host_p90_ms=0.130083 samples_ms=[0.12000000000000001, 0.1205, 0.11887500000000001, 0.117541, 0.12687500000000002, 0.183208, 0.11804100000000001, 0.12224999999999998, 0.116583, 0.111958, 0.12062500000000001, 0.12829200000000002, 0.11887500000000001, 0.123125, 0.125917, 0.12279200000000001, 0.130083, 0.122791, 0.122125, 0.131084, 0.127, 0.126084, 0.13137500000000002, 0.122917, 0.122333, 0.121792, 0.122125, 0.12425000000000001, 0.126667, 0.126083, 0.119583]
case=batch_transpose_broadcast dtype=Bf16 path=direct_low_to_f32_matmul host_median_ms=0.127792 host_p90_ms=0.137458 samples_ms=[0.12224999999999998, 0.123208, 0.11933300000000001, 0.122042, 0.18225000000000002, 0.12525, 0.12545800000000001, 0.122416, 0.120583, 0.121541, 0.122333, 0.142333, 0.13158399999999998, 0.139541, 0.125125, 0.128458, 0.12904100000000002, 0.12625, 0.132917, 0.1325, 0.127792, 0.131333, 0.130708, 0.127333, 0.125416, 0.12587500000000001, 0.129792, 0.129208, 0.127792, 0.131833, 0.137458]
case=batch_transpose_broadcast dtype=Bf16 baseline_over_direct_host_median=0.960866 validated_measured_outputs=62
complete cases=12 paths=2 measured_outputs=744 validation_failures=0
