backend=metal timestamp_period_ns=1 200ms warmup per mode,31 rotated samples; resident full arrays; host mode has no timestamp queries and reads4bytes; GPU mode includes all compute stages only; preparation and uploads excluded
n=1 dot_prepare_ms=0.911000 first_dot=true removed_products_bytes=4
path=map_frozen_sum mode=host median_ms=0.120125 p90_ms=0.126709 samples_ms=[0.118625, 0.120667, 0.119291, 0.115542, 0.1155, 0.11458299999999999, 0.119084, 0.121292, 0.121875, 0.12012500000000001, 0.11675, 0.163833, 0.11887500000000001, 0.161666, 0.117958, 0.126709, 0.118792, 0.116083, 0.12216700000000001, 0.116083, 0.121833, 0.115833, 0.12262500000000001, 0.120166, 0.121875, 0.12012500000000001, 0.12091600000000001, 0.18837500000000001, 0.118958, 0.121667, 0.11508299999999999]
path=map_current_sum mode=host median_ms=0.120041 p90_ms=0.128833 samples_ms=[0.119625, 0.11412499999999999, 0.11916700000000001, 0.126, 0.12220800000000001, 0.128833, 0.119417, 0.11837500000000001, 0.11900000000000001, 0.116125, 0.116292, 0.122583, 0.127083, 0.12079200000000001, 0.129792, 0.117959, 0.12241699999999998, 0.11729200000000001, 0.12237500000000001, 0.118292, 0.11349999999999999, 0.130541, 0.121167, 0.1215, 0.1205, 0.11825000000000001, 0.120041, 0.124041, 0.117083, 0.11524999999999999, 0.13262500000000002]
path=default_dot mode=host median_ms=0.118166 p90_ms=0.132417 samples_ms=[0.112875, 0.115209, 0.11725000000000001, 0.118792, 0.119041, 0.114417, 0.11395799999999999, 0.113292, 0.120542, 0.11412499999999999, 0.11604199999999999, 0.140625, 0.11491599999999999, 0.13241699999999998, 0.129375, 0.116334, 0.11495899999999999, 0.13574999999999998, 0.1255, 0.11529199999999999, 0.11816600000000001, 0.27549999999999997, 0.117416, 0.12079200000000001, 0.121542, 0.11770800000000001, 0.118667, 0.126166, 0.121958, 0.11699999999999999, 0.118167]
path=map_frozen_sum mode=gpu median_ms=0.006292 p90_ms=0.006417 samples_ms=[0.006292, 0.006208, 0.006167, 0.006166, 0.006375, 0.00625, 0.006417, 0.006292, 0.00625, 0.006542, 0.00625, 0.006333, 0.006417, 0.006208, 0.006334, 0.006167, 0.00625, 0.006333, 0.006333, 0.006292, 0.006375, 0.006542, 0.006167, 0.006417, 0.006375, 0.00625, 0.006709, 0.006208, 0.006333, 0.006292, 0.006417]
path=map_current_sum mode=gpu median_ms=0.006333 p90_ms=0.006500 samples_ms=[0.006333, 0.0065, 0.006334, 0.006291, 0.006166, 0.0065, 0.006375, 0.00625, 0.006209, 0.006333, 0.006375, 0.006708, 0.0065, 0.006375, 0.006458, 0.006375, 0.00625, 0.00625, 0.006333, 0.0065, 0.006292, 0.006417, 0.006375, 0.006333, 0.006291, 0.006292, 0.0065, 0.006417, 0.006292, 0.006208, 0.006333]
path=default_dot mode=gpu median_ms=0.004042 p90_ms=0.004208 samples_ms=[0.004083, 0.004125, 0.003958, 0.004042, 0.004208, 0.004, 0.004, 0.004042, 0.003958, 0.004042, 0.004, 0.004209, 0.003958, 0.004042, 0.004083, 0.003958, 0.004125, 0.004125, 0.004041, 0.004042, 0.004125, 0.004208, 0.004, 0.004166, 0.004, 0.003875, 0.004, 0.004, 0.004208, 0.004208, 0.004042]
n=4097 dot_prepare_ms=0.020750 first_dot=false removed_products_bytes=16388
path=map_frozen_sum mode=host median_ms=0.128416 p90_ms=0.134208 samples_ms=[0.131125, 0.13137500000000002, 0.135708, 0.128416, 0.12341699999999999, 0.12370799999999998, 0.135417, 0.128291, 0.129708, 0.1285, 0.12704200000000002, 0.13075, 0.13029200000000002, 0.134208, 0.12095800000000001, 0.116292, 0.128208, 0.1285, 0.126292, 0.124917, 0.139125, 0.12275, 0.123333, 0.123166, 0.126125, 0.123833, 0.130875, 0.12925, 0.12404199999999999, 0.130291, 0.129375]
path=map_current_sum mode=host median_ms=0.129291 p90_ms=0.132209 samples_ms=[0.131833, 0.12804200000000002, 0.132, 0.129708, 0.130667, 0.238042, 0.125291, 0.13154200000000002, 0.127417, 0.127959, 0.131958, 0.174334, 0.129291, 0.131042, 0.125917, 0.129792, 0.129708, 0.128083, 0.131167, 0.130959, 0.129167, 0.12625, 0.1275, 0.12308299999999998, 0.12475, 0.121833, 0.132209, 0.122791, 0.126417, 0.136458, 0.124292]
path=default_dot mode=host median_ms=0.121917 p90_ms=0.129958 samples_ms=[0.12995800000000002, 0.12587500000000001, 0.11866600000000001, 0.129916, 0.12458400000000001, 0.12025, 0.13325, 0.121542, 0.12191700000000001, 0.127542, 0.126583, 0.123666, 0.125917, 0.116916, 0.11691700000000001, 0.122333, 0.11900000000000001, 0.11745799999999999, 0.142333, 0.124, 0.13591699999999998, 0.119125, 0.11558299999999999, 0.115, 0.122875, 0.121375, 0.113083, 0.118667, 0.11687499999999999, 0.115333, 0.128792]
path=map_frozen_sum mode=gpu median_ms=0.009625 p90_ms=0.036083 samples_ms=[0.041875, 0.041417, 0.04125, 0.035, 0.036083, 0.035, 0.034792, 0.009458, 0.009333, 0.009542, 0.009625, 0.009292, 0.00975, 0.009333, 0.032291, 0.009291, 0.009667, 0.00975, 0.009625, 0.009792, 0.009125, 0.009375, 0.009792, 0.009417, 0.009666, 0.009583, 0.009334, 0.009416, 0.009625, 0.009583, 0.0095]
path=map_current_sum mode=gpu median_ms=0.009542 p90_ms=0.035250 samples_ms=[0.03525, 0.041875, 0.03475, 0.03525, 0.035, 0.034875, 0.041667, 0.009125, 0.009625, 0.009625, 0.009417, 0.009667, 0.009666, 0.00925, 0.01, 0.009375, 0.009417, 0.009542, 0.009416, 0.009541, 0.009375, 0.01, 0.00925, 0.009333, 0.009333, 0.009458, 0.009708, 0.009208, 0.009625, 0.009417, 0.009291]
path=default_dot mode=gpu median_ms=0.008625 p90_ms=0.032625 samples_ms=[0.037583, 0.034625, 0.032333, 0.032291, 0.053167, 0.032625, 0.008416, 0.008375, 0.008625, 0.008666, 0.008625, 0.008666, 0.008375, 0.008625, 0.008458, 0.008542, 0.0095, 0.008666, 0.008541, 0.008417, 0.00825, 0.0085, 0.008458, 0.00875, 0.008459, 0.008542, 0.008416, 0.008584, 0.008708, 0.0085, 0.008708]
n=1000003 dot_prepare_ms=0.033708 first_dot=false removed_products_bytes=4000012
path=map_frozen_sum mode=host median_ms=0.254042 p90_ms=0.264417 samples_ms=[0.257375, 0.267958, 0.264417, 0.256125, 0.23925, 0.264, 0.257834, 0.263583, 0.243, 0.359208, 0.257625, 0.2515, 0.237709, 0.238209, 0.24312499999999998, 0.24966700000000003, 0.242, 0.242417, 0.24662499999999998, 0.311, 0.248375, 0.23458299999999999, 0.262125, 0.26033399999999995, 0.254042, 0.24983299999999997, 0.263667, 0.26225, 0.251292, 0.259542, 0.24212499999999998]
path=map_current_sum mode=host median_ms=0.199792 p90_ms=0.211208 samples_ms=[0.204792, 0.20916700000000002, 0.210958, 0.198333, 0.195375, 0.199792, 0.197708, 0.2085, 0.192375, 0.218667, 0.195709, 0.197875, 0.201709, 0.190334, 0.19683299999999998, 0.192833, 0.196083, 0.192958, 0.18495799999999998, 0.20149999999999998, 0.194375, 0.209084, 0.203875, 0.211458, 0.19633399999999998, 0.206042, 0.21275, 0.196916, 0.211208, 0.201625, 0.210417]
path=default_dot mode=host median_ms=0.158958 p90_ms=0.166833 samples_ms=[0.139917, 0.16683299999999998, 0.162166, 0.147625, 0.139792, 0.180125, 0.164291, 0.165125, 0.153916, 0.145042, 0.159875, 0.158875, 0.14233400000000002, 0.144959, 0.141667, 0.144791, 0.14875000000000002, 0.152667, 0.16695800000000002, 0.164709, 0.148792, 0.163042, 0.157625, 0.141542, 0.16474999999999998, 0.15895800000000002, 0.16674999999999998, 0.16825, 0.159958, 0.164125, 0.16]
path=map_frozen_sum mode=gpu median_ms=0.113208 p90_ms=0.119875 samples_ms=[0.124083, 0.11925, 0.115667, 0.11575, 0.114, 0.112792, 0.11275, 0.112125, 0.112333, 0.111791, 0.120959, 0.116125, 0.112542, 0.11225, 0.112542, 0.113208, 0.116958, 0.112833, 0.115458, 0.112167, 0.112125, 0.1155, 0.112208, 0.112333, 0.120209, 0.116875, 0.119875, 0.111583, 0.119833, 0.112708, 0.116708]
path=map_current_sum mode=gpu median_ms=0.063917 p90_ms=0.068125 samples_ms=[0.067875, 0.0685, 0.063625, 0.066917, 0.063834, 0.063583, 0.063917, 0.063375, 0.0635, 0.067708, 0.063709, 0.067792, 0.063459, 0.063666, 0.079375, 0.068083, 0.068125, 0.0635, 0.066875, 0.063584, 0.066916, 0.063542, 0.11925, 0.067791, 0.063166, 0.064958, 0.067375, 0.0635, 0.063833, 0.067541, 0.063417]
path=default_dot mode=gpu median_ms=0.019416 p90_ms=0.025709 samples_ms=[0.0195, 0.025709, 0.02575, 0.019083, 0.019334, 0.025, 0.019375, 0.01925, 0.019291, 0.025542, 0.019, 0.025708, 0.025708, 0.01925, 0.019209, 0.025667, 0.019709, 0.019042, 0.019375, 0.019416, 0.0195, 0.019, 0.023709, 0.019083, 0.019334, 0.019417, 0.025958, 0.019791, 0.01925, 0.019167, 0.025709]
n=4000003 dot_prepare_ms=0.030417 first_dot=false removed_products_bytes=16000012
path=map_frozen_sum mode=host median_ms=0.596542 p90_ms=0.647500 samples_ms=[0.661, 0.61925, 0.609333, 0.6263329999999999, 0.587125, 0.5907910000000001, 0.6008330000000001, 0.5925, 0.5805, 0.605458, 0.582041, 0.575792, 0.6128330000000001, 0.590334, 0.6475, 0.6759999999999999, 0.585, 0.5948330000000001, 0.6081669999999999, 0.5933750000000001, 0.5902919999999999, 0.6483749999999999, 0.584584, 0.6025419999999999, 0.623292, 0.575875, 0.58825, 0.596542, 0.602625, 0.593584, 0.6076659999999999]
path=map_current_sum mode=host median_ms=0.397375 p90_ms=0.416416 samples_ms=[0.397375, 0.394583, 0.40425, 0.412458, 0.395375, 0.407083, 0.397333, 0.380125, 0.405542, 0.404, 0.375041, 0.442375, 0.396458, 0.397667, 0.416666, 0.40099999999999997, 0.392042, 0.40533399999999997, 0.39762499999999995, 0.394084, 0.390917, 0.396875, 0.38954099999999997, 0.393916, 0.387583, 0.37883300000000003, 0.399209, 0.390459, 0.416416, 0.418458, 0.405458]
path=default_dot mode=host median_ms=0.194167 p90_ms=0.205292 samples_ms=[0.196792, 0.215834, 0.20316700000000001, 0.19245800000000002, 0.205292, 0.18720799999999999, 0.183167, 0.203333, 0.20550000000000002, 0.19683299999999998, 0.18070799999999998, 0.18375, 0.19349999999999998, 0.191834, 0.200917, 0.19075, 0.186959, 0.203, 0.195667, 0.18854200000000002, 0.196834, 0.18975, 0.198125, 0.19870900000000002, 0.181416, 0.18016700000000002, 0.180542, 0.19, 0.26837500000000003, 0.194167, 0.197583]
path=map_frozen_sum mode=gpu median_ms=0.478792 p90_ms=0.489500 samples_ms=[0.471584, 0.463708, 0.464375, 0.480458, 0.474709, 0.47775, 0.498125, 0.474834, 0.478958, 0.482, 0.463166, 0.469291, 0.484791, 0.485708, 0.476167, 0.483875, 0.487709, 0.474208, 0.490167, 0.473167, 0.466583, 0.48475, 0.476792, 0.481166, 0.4895, 0.483209, 0.478792, 0.486334, 0.477875, 0.474667, 0.504167]
path=map_current_sum mode=gpu median_ms=0.272292 p90_ms=0.279458 samples_ms=[0.270958, 0.259042, 0.27575, 0.271667, 0.253167, 0.276209, 0.282125, 0.266625, 0.271958, 0.275458, 0.259417, 0.275625, 0.276125, 0.26725, 0.278459, 0.271458, 0.264917, 0.272292, 0.270083, 0.264, 0.277334, 0.273458, 0.255709, 0.297291, 0.273084, 0.267209, 0.273959, 0.28125, 0.266042, 0.279458, 0.274709]
path=default_dot mode=gpu median_ms=0.063208 p90_ms=0.068250 samples_ms=[0.063208, 0.059541, 0.059917, 0.062666, 0.065166, 0.06625, 0.07, 0.070625, 0.06825, 0.059042, 0.060208, 0.061959, 0.0605, 0.098292, 0.066917, 0.061125, 0.064459, 0.062791, 0.065292, 0.060541, 0.058916, 0.063, 0.064083, 0.065042, 0.062542, 0.066084, 0.064042, 0.064667, 0.0655, 0.062209, 0.060625]
