warning: binary `wgsl_export` should have a kebab-case name
  |
1 | /Users/themoretheless/Documents/Sources/open-scad-viewer/crates/target/.../wgsl_export
  |                                                                            ^^^^^^^^^^^
  |
  = note: `cargo::non_kebab_case_bins` is set to `warn` by default
help: to change the binary name to `wgsl-export`, convert the file stem
  |
1 - src/bin/wgsl_export.rs
1 + src/bin/wgsl-export.rs
  |
warning: `raster-core` (manifest) generated 1 warning
    Blocking waiting for file lock on package cache
    Finished `release` profile [optimized] target(s) in 0.08s
     Running `crates/target/release/examples/profile_fused_sum`
backend=metal timestamp_period_ns=1 200ms warmup,31 paired samples; GPU timestamps include compute pass only; wall includes scalar+timestamp readback
n=4097 map_gpu_ms=0.008583 fused_gpu_ms=0.008750 map_wall_ms=0.122500 fused_wall_ms=0.124291
gpu_samples_ms=[[0.008375, 0.008292, 0.009, 0.008292, 0.012375, 0.008416, 0.008875, 0.008417, 0.009, 0.008375, 0.009, 0.008417, 0.009042, 0.008375, 0.008917, 0.008292, 0.009167, 0.008541, 0.010125, 0.008292, 0.008833, 0.00825, 0.008917, 0.008583, 0.009291, 0.008375, 0.009125, 0.008333, 0.008875, 0.008333, 0.008958], [0.008709, 0.008375, 0.008917, 0.0085, 0.00925, 0.008459, 0.008916, 0.008333, 0.008917, 0.008417, 0.008917, 0.008791, 0.008875, 0.008583, 0.008875, 0.009292, 0.008875, 0.014625, 0.008791, 0.0085, 0.00875, 0.008375, 0.009125, 0.008416, 0.009, 0.008416, 0.008958, 0.008375, 0.00875, 0.008333, 0.008708]]
wall_samples_ms=[[0.125375, 0.119208, 0.11412499999999999, 0.18775, 0.170792, 0.12308299999999998, 0.116791, 0.125209, 0.117125, 0.11649999999999999, 0.121167, 0.12141600000000001, 0.12379200000000001, 0.126792, 0.140542, 0.18895800000000001, 0.149333, 0.151666, 0.148667, 0.127, 0.126125, 0.109875, 0.11299999999999999, 0.11299999999999999, 0.1115, 0.130625, 0.1225, 0.118667, 0.117959, 0.11666699999999999, 0.120416], [0.124542, 0.12525, 0.11875, 0.115709, 0.125, 0.144458, 0.119083, 0.128167, 0.133459, 0.14383300000000002, 0.11887500000000001, 0.115791, 0.115834, 0.112625, 0.125083, 0.152083, 0.12675, 0.132875, 0.14075000000000001, 0.12429100000000001, 0.13245800000000002, 0.12283300000000001, 0.111459, 0.111125, 0.12587500000000001, 0.251625, 0.119375, 0.11425, 0.113125, 0.11775000000000001, 0.11966700000000001]]
n=1000003 map_gpu_ms=0.020417 fused_gpu_ms=0.110959 map_wall_ms=0.231417 fused_wall_ms=0.131458
gpu_samples_ms=[[0.020417, 0.01925, 0.112334, 0.019375, 0.113291, 0.018458, 0.111208, 0.018417, 0.111375, 0.018417, 0.111666, 0.0185, 0.110875, 0.018375, 0.110958, 0.0185, 0.111125, 0.019084, 0.111708, 0.019125, 0.111667, 0.019209, 0.116042, 0.019167, 0.1125, 0.0195, 0.111334, 0.019625, 0.112125, 0.019, 0.112], [0.111292, 0.027959, 0.112, 0.018958, 0.111875, 0.019, 0.110959, 0.018458, 0.111125, 0.018333, 0.111958, 0.018375, 0.111208, 0.01825, 0.122208, 0.018791, 0.112708, 0.019208, 0.111416, 0.019542, 0.113333, 0.018958, 0.116208, 0.019417, 0.112458, 0.019083, 0.112334, 0.019291, 0.111584, 0.019333, 0.111791]]
wall_samples_ms=[[0.232584, 0.224792, 0.220916, 0.23708400000000002, 0.241625, 0.209041, 0.209125, 0.209125, 0.336125, 0.213, 0.21437499999999998, 0.210667, 0.213, 0.21187499999999998, 0.258625, 0.23583400000000002, 0.255084, 0.230917, 0.231417, 0.232334, 0.26033300000000004, 0.304833, 0.26691699999999996, 0.24420799999999998, 0.24754099999999998, 0.243625, 0.21979200000000002, 0.219125, 0.216292, 0.216, 0.321042], [0.141875, 0.119625, 0.1505, 0.152292, 0.122917, 0.113541, 0.113125, 0.11175, 0.11733299999999999, 0.11366699999999999, 0.11275, 0.115667, 0.114209, 0.114042, 0.212792, 0.209625, 0.14341700000000002, 0.137791, 0.131458, 0.132917, 0.157208, 0.203084, 0.15595900000000001, 0.136875, 0.145833, 0.14837499999999998, 0.123459, 0.128625, 0.12158300000000001, 0.11725000000000001, 0.19179200000000002]]
n=4000003 map_gpu_ms=0.084583 fused_gpu_ms=0.458167 map_wall_ms=0.588000 fused_wall_ms=0.186292
gpu_samples_ms=[[0.084583, 0.065041, 0.459833, 0.061625, 0.452084, 0.060416, 0.449208, 0.058083, 0.448167, 0.063125, 0.454667, 0.072875, 0.464083, 0.057792, 0.450042, 0.060709, 0.539708, 0.059583, 0.451375, 0.057583, 0.448, 0.076167, 0.470292, 0.061416, 0.452792, 0.062209, 0.531542, 0.060334, 0.448667, 0.063333, 0.453208], [0.653709, 0.070625, 0.462167, 0.064041, 0.462666, 0.062958, 0.465041, 0.061708, 0.466375, 0.068417, 0.488708, 0.108792, 0.462667, 0.060958, 0.464459, 0.064792, 0.464375, 0.062, 0.458167, 0.062417, 0.477458, 0.114125, 0.468875, 0.066667, 0.466709, 0.06725, 0.466125, 0.061583, 0.462708, 0.064833, 0.468417]]
wall_samples_ms=[[0.7910830000000001, 0.577375, 0.586833, 0.5695830000000001, 0.5764589999999999, 0.574083, 0.579708, 0.564333, 0.5745, 0.574125, 0.6905, 0.5886669999999999, 0.600709, 0.573584, 0.5825, 0.6611250000000001, 0.5901660000000001, 0.576833, 0.5784170000000001, 0.603584, 0.737416, 0.605292, 0.6006250000000001, 0.6965, 0.600084, 0.655083, 0.602167, 0.5775, 0.588, 0.5805, 0.612625], [0.190583, 0.171125, 0.183583, 0.170917, 0.168083, 0.165959, 0.165875, 0.17375, 0.18170799999999998, 0.169625, 0.251708, 0.243875, 0.192042, 0.305084, 0.186292, 0.189625, 0.18295799999999998, 0.184916, 0.18016700000000002, 0.173459, 0.26283300000000004, 0.232459, 0.205708, 0.204459, 0.19370800000000002, 0.183041, 0.19333299999999998, 0.194459, 0.19070900000000002, 0.181292, 0.22583299999999998]]
