warning: binary `wgsl_export` should have a kebab-case name
  |
1 | /Users/themoretheless/Documents/Sources/open-scad-viewer/crates/target/.../wgsl_export
  |                                                                            ^^^^^^^^^^^
  |
  = note: `cargo::non_kebab_case_bins` is set to `warn` by default
help: to change the binary name to `wgsl-export`, convert the file stem
  |
1 - src/bin/wgsl_export.rs
1 + src/bin/wgsl-export.rs
  |
warning: `raster-core` (manifest) generated 1 warning
    Finished `release` profile [optimized] target(s) in 0.07s
     Running `crates/target/release/examples/profile_fused_sum`
backend=metal timestamp_period_ns=1 200ms warmup,31 paired samples; GPU timestamps include compute pass only; wall includes scalar readback and a separate post-completion timestamp resolve submission
n=4097 map_gpu_ms=0.009667 fused_gpu_ms=0.008708 map_wall_ms=0.301625 fused_wall_ms=0.300250
gpu_samples_ms=[[0.00925, 0.010416, 0.010583, 0.0105, 0.010792, 0.009708, 0.010417, 0.009292, 0.009542, 0.009459, 0.009333, 0.009209, 0.009209, 0.010708, 0.009667, 0.009875, 0.00925, 0.009375, 0.009209, 0.00925, 0.00925, 0.009375, 0.009458, 0.009208, 0.011, 0.010834, 0.011209, 0.010042, 0.010375, 0.009708, 0.011167], [0.009208, 0.0095, 0.009209, 0.009375, 0.008416, 0.020917, 0.009, 0.008459, 0.008708, 0.008834, 0.008583, 0.008666, 0.0085, 0.008625, 0.008666, 0.008875, 0.008792, 0.009, 0.008625, 0.008917, 0.008667, 0.008584, 0.008625, 0.009583, 0.008583, 0.009708, 0.008583, 0.009625, 0.008459, 0.008625, 0.009875]]
wall_samples_ms=[[0.286667, 0.299958, 0.3105, 0.30312500000000003, 0.2985, 0.381333, 0.317458, 0.287875, 0.308833, 0.39708400000000005, 0.28808300000000003, 0.302834, 0.298125, 0.38104099999999996, 0.283875, 0.301875, 0.290375, 0.31875000000000003, 0.29575, 0.38654200000000005, 0.289375, 0.297709, 0.293875, 0.29266699999999995, 0.314083, 0.301791, 0.298875, 0.29308300000000004, 0.30162500000000003, 0.310625, 0.304792], [0.29354199999999997, 0.29704200000000003, 0.300583, 0.303334, 0.397833, 0.36450000000000005, 0.30954099999999996, 0.30025, 0.278042, 0.27587500000000004, 0.28270900000000004, 0.327583, 0.277209, 0.27808299999999997, 0.300292, 0.304458, 0.281333, 0.281541, 0.34383400000000003, 0.277375, 0.276916, 0.280458, 0.296958, 0.310458, 0.313625, 0.31425000000000003, 0.278917, 0.300458, 0.300917, 0.30225, 0.291833]]
n=1000003 map_gpu_ms=0.115417 fused_gpu_ms=0.019334 map_wall_ms=0.411166 fused_wall_ms=0.310500
gpu_samples_ms=[[0.111542, 0.115417, 0.111792, 0.15525, 0.116166, 0.116084, 0.115875, 0.120125, 0.12075, 0.119417, 0.111875, 0.115083, 0.118291, 0.117875, 0.112, 0.110834, 0.126334, 0.112, 0.11925, 0.115916, 0.117333, 0.111709, 0.112083, 0.115083, 0.111125, 0.111167, 0.115792, 0.112042, 0.11475, 0.119292, 0.1125], [0.025084, 0.019084, 0.025, 0.019167, 0.019416, 0.019875, 0.019792, 0.019083, 0.019334, 0.025583, 0.019375, 0.019083, 0.019292, 0.025, 0.019333, 0.025291, 0.019375, 0.018625, 0.01875, 0.025375, 0.018916, 0.018708, 0.018542, 0.018583, 0.019125, 0.025292, 0.0195, 0.019167, 0.020291, 0.019042, 0.019708]]
wall_samples_ms=[[0.392916, 0.40945800000000004, 0.419, 0.457834, 0.443625, 0.45441699999999996, 0.411833, 0.452542, 0.43516699999999997, 0.440083, 0.40133399999999997, 0.405833, 0.4045, 0.411166, 0.390708, 0.49037500000000006, 0.425709, 0.39, 0.41525, 0.485167, 0.38108400000000003, 0.38783300000000004, 0.38108400000000003, 0.395166, 0.403666, 0.38249999999999995, 0.404125, 0.407542, 0.45325, 0.41145899999999996, 0.41120799999999996], [0.302125, 0.3115, 0.30287499999999995, 0.30416699999999997, 0.358667, 0.3775, 0.42208399999999996, 0.336625, 0.3115, 0.330792, 0.285958, 0.302583, 0.299291, 0.30320800000000003, 0.3135, 0.321333, 0.373334, 0.311667, 0.304333, 0.32329199999999997, 0.29112499999999997, 0.284791, 0.283458, 0.30129100000000003, 0.308375, 0.3105, 0.315791, 0.31637499999999996, 0.300625, 0.329541, 0.298083]]
n=4000003 map_gpu_ms=0.459167 fused_gpu_ms=0.061458 map_wall_ms=0.752791 fused_wall_ms=0.346042
gpu_samples_ms=[[0.448375, 0.442291, 0.460708, 0.449291, 0.484625, 0.453125, 0.463167, 0.457, 0.472167, 0.444583, 0.509459, 0.473875, 0.479542, 0.446167, 0.459083, 0.445125, 0.457083, 0.447083, 0.462125, 0.475292, 0.478167, 0.459167, 0.472291, 0.453959, 0.458208, 0.506459, 0.487583, 0.450708, 0.461542, 0.448208, 0.460709], [0.058625, 0.057666, 0.064292, 0.060291, 0.097583, 0.063, 0.064083, 0.06075, 0.060667, 0.0585, 0.062167, 0.060708, 0.069916, 0.061667, 0.059542, 0.056875, 0.074292, 0.062583, 0.061791, 0.063959, 0.071542, 0.060375, 0.06375, 0.061458, 0.058167, 0.057375, 0.09575, 0.064542, 0.061125, 0.057, 0.060625]]
wall_samples_ms=[[0.6889580000000001, 0.737, 0.729625, 0.731166, 0.886875, 0.736375, 0.807667, 0.725208, 0.761292, 0.701708, 0.76225, 0.835583, 0.767333, 0.718792, 0.747541, 0.71325, 0.750625, 0.737584, 0.760209, 0.824292, 0.820333, 0.867792, 0.785166, 0.752083, 0.76325, 0.891291, 0.972792, 0.7527910000000001, 0.76625, 0.743834, 0.74375], [0.315875, 0.317167, 0.333, 0.30954099999999996, 0.398042, 0.315167, 0.34891700000000003, 0.3265, 0.309333, 0.309583, 0.304458, 0.345292, 0.34004199999999996, 0.346042, 0.319, 0.333125, 0.357042, 0.345042, 0.539, 0.475083, 0.38129100000000005, 0.36362500000000003, 0.370791, 0.357, 0.35125, 0.35308300000000004, 0.470625, 0.3515, 0.364666, 0.349708, 0.34]]
