warning: binary `wgsl_export` should have a kebab-case name
  |
1 | /Users/themoretheless/Documents/Sources/open-scad-viewer/crates/target/.../wgsl_export
  |                                                                            ^^^^^^^^^^^
  |
  = note: `cargo::non_kebab_case_bins` is set to `warn` by default
help: to change the binary name to `wgsl-export`, convert the file stem
  |
1 - src/bin/wgsl_export.rs
1 + src/bin/wgsl-export.rs
  |
warning: `raster-core` (manifest) generated 1 warning
   Compiling compute-core v0.1.0 (/Users/themoretheless/Documents/Sources/open-scad-viewer/crates/compute-core)
    Finished `release` profile [optimized] target(s) in 11.64s
     Running `crates/target/release/examples/bench_fused_sum`
backend=metal 3 warmups,21 rotated samples; walltime includes submit,wait,4-byte readback; resident arrays; compile/prepare excluded
case=dot n=4097 map_sum_ms=0.183833 fused_sum_ms=0.180166 upload_fused_ms=0.215875 cpu_f64_ms=0.017208 compact_sum_ms=None mapped_bytes=16388->0 first_partials_bytes=12
samples_seconds=[[0.000166083, 0.00016725, 0.000171083, 0.000162625, 0.000155958, 0.00021125, 0.0001745, 0.000183208, 0.000212625, 0.000193916, 0.000432792, 0.000172875, 0.000189375, 0.000301292, 0.000175375, 0.000183833, 0.000210708, 0.000174209, 0.000186584, 0.000185834, 0.000194625], [0.000157667, 0.000167333, 0.000162541, 0.000160167, 0.000163041, 0.000173083, 0.000161625, 0.000201875, 0.00017875, 0.000181417, 0.000296208, 0.000176292, 0.000191042, 0.000190792, 0.000209292, 0.000206542, 0.000217875, 0.000180166, 0.000194041, 0.000183167, 0.000157167], [0.000184917, 0.000191083, 0.00018575, 0.000186833, 0.000188541, 0.000217125, 0.000661625, 0.000279958, 0.000215875, 0.000226917, 0.000262166, 0.000200541, 0.000238709, 0.000203417, 0.000310708, 0.000205792, 0.000210625, 0.000203292, 0.000217667, 0.000254333, 0.000305792], [1.4667e-5, 1.4625e-5, 1.4709e-5, 1.4584e-5, 1.4709e-5, 1.5e-5, 1.4875e-5, 1.4708e-5, 1.7583e-5, 1.7208e-5, 1.4583e-5, 1.7417e-5, 1.5083e-5, 1.7375e-5, 1.7542e-5, 1.7791e-5, 1.7375e-5, 1.7959e-5, 2.0875e-5, 1.8041e-5, 1.8208e-5]]
case=dot n=1000003 map_sum_ms=0.640291 fused_sum_ms=0.271208 upload_fused_ms=0.913750 cpu_f64_ms=3.420917 compact_sum_ms=None mapped_bytes=4000012->0 first_partials_bytes=1956
samples_seconds=[[0.000606625, 0.001112459, 0.000637375, 0.00075975, 0.000582084, 0.000633875, 0.000623667, 0.000648792, 0.000568833, 0.000640291, 0.000625916, 0.000619166, 0.000658209, 0.000698, 0.000930084, 0.000599875, 0.000993666, 0.000902417, 0.000957667, 0.000928042, 0.000585625], [0.000257125, 0.000334083, 0.000250958, 0.000252584, 0.000232, 0.000280375, 0.000274834, 0.000374292, 0.000231416, 0.000227417, 0.000379084, 0.000271208, 0.000494584, 0.000518792, 0.000259, 0.000249791, 0.000291834, 0.000309416, 0.000481917, 0.000269666, 0.000228167], [0.001085583, 0.001558167, 0.000920833, 0.000926334, 0.001443375, 0.001326125, 0.000917458, 0.000886875, 0.000821958, 0.000897583, 0.000873875, 0.000896709, 0.000988083, 0.000814959, 0.00091375, 0.000891, 0.00077975, 0.000887417, 0.001054041, 0.001022792, 0.000827833], [0.003503875, 0.003517625, 0.003561041, 0.003377542, 0.003465125, 0.003368916, 0.00332725, 0.003621334, 0.003381334, 0.003576958, 0.003414083, 0.003398791, 0.003357416, 0.00345975, 0.003366041, 0.003519667, 0.00350225, 0.003342375, 0.003420917, 0.003394084, 0.003501041]]
case=dot n=4000003 map_sum_ms=1.784250 fused_sum_ms=0.361125 upload_fused_ms=3.157292 cpu_f64_ms=14.281292 compact_sum_ms=None mapped_bytes=16000012->0 first_partials_bytes=7816
samples_seconds=[[0.002058958, 0.001750083, 0.002393083, 0.002409916, 0.001652625, 0.001995875, 0.001892375, 0.001764709, 0.001659208, 0.0025195, 0.00178425, 0.00178075, 0.001942042, 0.001746084, 0.002438, 0.002669458, 0.001616541, 0.001705708, 0.001877708, 0.000787959, 0.000967042], [0.000346292, 0.000671917, 0.000396, 0.000382417, 0.000353625, 0.00098275, 0.000332417, 0.000338125, 0.000838375, 0.000551, 0.000373125, 0.000346084, 0.000361125, 0.000415, 0.000343917, 0.000339583, 0.000337416, 0.000709125, 0.00040625, 0.000319833, 0.000242667], [0.002784958, 0.0039025, 0.002854875, 0.003621917, 0.002824875, 0.00298075, 0.00334825, 0.004132625, 0.00354425, 0.003611834, 0.003541209, 0.003129459, 0.003558917, 0.003157292, 0.003911292, 0.003074833, 0.002951125, 0.003098167, 0.003522125, 0.003136167, 0.002924334], [0.014305125, 0.014193333, 0.0140925, 0.014064208, 0.014067709, 0.014246875, 0.014766708, 0.014523084, 0.01451175, 0.01405625, 0.013813292, 0.014281292, 0.014209125, 0.014546, 0.01433625, 0.014329792, 0.014512125, 0.014414708, 0.014193542, 0.01440475, 0.014127709]]
case=squared_distance n=4097 map_sum_ms=0.137208 fused_sum_ms=0.145542 upload_fused_ms=0.170791 cpu_f64_ms=0.013708 compact_sum_ms=None mapped_bytes=16388->0 first_partials_bytes=12
samples_seconds=[[0.000127833, 0.000183083, 0.00013075, 0.000132792, 0.000136583, 0.000137208, 0.000137041, 0.000155709, 0.000150208, 0.00022025, 0.000311583, 0.000147542, 0.000154708, 0.000149583, 0.000148083, 0.00013725, 0.000130375, 0.000130875, 0.000130042, 0.000128167, 0.00013425], [0.000126, 0.000125541, 0.000130916, 0.000121125, 0.00015275, 0.000145542, 0.000248459, 0.000158875, 0.00016525, 0.000154541, 0.000243084, 0.000154209, 0.000147625, 0.000141209, 0.000163667, 0.0001445, 0.000137375, 0.000118625, 0.00013025, 0.00013825, 0.000148042], [0.00016025, 0.000170292, 0.00016025, 0.000151166, 0.000157292, 0.000186416, 0.000165834, 0.000172375, 0.000174625, 0.000271958, 0.000184833, 0.000171042, 0.000172958, 0.000169, 0.000172042, 0.000170791, 0.000177208, 0.000163334, 0.000167583, 0.000164959, 0.000217208], [1.3792e-5, 1.3541e-5, 1.35e-5, 1.3583e-5, 1.3542e-5, 1.3583e-5, 1.3709e-5, 1.3875e-5, 1.375e-5, 1.2166e-5, 1.375e-5, 1.375e-5, 1.3833e-5, 1.3542e-5, 1.3833e-5, 1.375e-5, 1.3708e-5, 1.3833e-5, 1.3541e-5, 1.3625e-5, 1.3583e-5]]
case=squared_distance n=1000003 map_sum_ms=0.621917 fused_sum_ms=0.249166 upload_fused_ms=1.012083 cpu_f64_ms=3.343541 compact_sum_ms=None mapped_bytes=4000012->0 first_partials_bytes=1956
samples_seconds=[[0.000356583, 0.000445541, 0.000713458, 0.000419, 0.000408625, 0.001254458, 0.000688625, 0.000590042, 0.000617792, 0.00058075, 0.000865417, 0.001006958, 0.000946625, 0.000562792, 0.000954958, 0.000842625, 0.000621917, 0.000586583, 0.000931625, 0.000966792, 0.000539959], [0.000156125, 0.000547667, 0.000249166, 0.000189542, 0.0002525, 0.000513875, 0.00023425, 0.000236875, 0.000304333, 0.000589625, 0.0002085, 0.000248209, 0.000219375, 0.00031325, 0.000226416, 0.000209333, 0.000255125, 0.0004705, 0.000295125, 0.000433834, 0.000213583], [0.001349167, 0.001015208, 0.000820458, 0.000989666, 0.001151209, 0.001061875, 0.001057, 0.001107834, 0.001012083, 0.001063125, 0.000928833, 0.001092, 0.000913417, 0.000868875, 0.000850708, 0.001044791, 0.001065459, 0.000912, 0.000930583, 0.0009085, 0.000899541], [0.003318875, 0.003252875, 0.003329667, 0.003281083, 0.0035645, 0.003463584, 0.003166292, 0.003695709, 0.003170167, 0.003439917, 0.00353575, 0.00303175, 0.003089375, 0.003272917, 0.003387667, 0.003367583, 0.003400041, 0.003439, 0.003177708, 0.003343541, 0.0033765]]
case=squared_distance n=4000003 map_sum_ms=1.981041 fused_sum_ms=0.361000 upload_fused_ms=3.195834 cpu_f64_ms=13.092291 compact_sum_ms=None mapped_bytes=16000012->0 first_partials_bytes=7816
samples_seconds=[[0.002256292, 0.002367583, 0.001749792, 0.001974792, 0.001667541, 0.002402166, 0.001981041, 0.00221025, 0.001625542, 0.002213209, 0.001717584, 0.002016459, 0.00164775, 0.002481542, 0.001767375, 0.002371708, 0.001720875, 0.00189075, 0.002242459, 0.002355959, 0.001667625], [0.000879084, 0.000739708, 0.000396292, 0.000342291, 0.000368375, 0.000724917, 0.000348833, 0.000333125, 0.000349667, 0.000754, 0.000347667, 0.000359834, 0.000361, 0.000692292, 0.000360042, 0.00035225, 0.000482625, 0.000780667, 0.000372542, 0.000332416, 0.000326084], [0.006226, 0.003351958, 0.003805208, 0.002954917, 0.002981417, 0.003195834, 0.003344292, 0.003163209, 0.002990125, 0.003096208, 0.003415125, 0.0035095, 0.002937875, 0.003177667, 0.003297375, 0.003200375, 0.002754084, 0.002973458, 0.00316675, 0.003344917, 0.003241917], [0.014019, 0.013904833, 0.01337025, 0.013224834, 0.013005875, 0.012994125, 0.012915334, 0.013050542, 0.012945166, 0.013202292, 0.013235333, 0.013041084, 0.01278125, 0.012808625, 0.013079458, 0.012747084, 0.013101042, 0.013164542, 0.013092291, 0.013224417, 0.01337175]]
case=nonlinear n=4097 map_sum_ms=0.170125 fused_sum_ms=0.169209 upload_fused_ms=0.193708 cpu_f64_ms=0.019041 compact_sum_ms=None mapped_bytes=16388->0 first_partials_bytes=12
samples_seconds=[[0.000165375, 0.00016075, 0.000155583, 0.000153458, 0.000154792, 0.000198541, 0.000171167, 0.000156041, 0.000158792, 0.000173583, 0.000170458, 0.000184792, 0.000170292, 0.000200125, 0.000164583, 0.000170125, 0.000187833, 0.00017375, 0.000169167, 0.000182625, 0.000166416], [0.000161042, 0.000162917, 0.000152791, 0.00015625, 0.000154375, 0.000504416, 0.000189375, 0.000165375, 0.000164375, 0.000159541, 0.000306708, 0.000177667, 0.000173375, 0.000166833, 0.000331, 0.000186208, 0.000189375, 0.000187375, 0.000169209, 0.000173, 0.0001635], [0.000190666, 0.000184042, 0.000188833, 0.000181041, 0.000216625, 0.000227333, 0.000193834, 0.000184667, 0.00018975, 0.000191375, 0.000191291, 0.000215041, 0.000201, 0.00020325, 0.000211333, 0.000216916, 0.000229958, 0.000193708, 0.000193, 0.000188542, 0.000195583], [1.8958e-5, 1.8958e-5, 1.6875e-5, 1.6917e-5, 1.9e-5, 1.95e-5, 1.9125e-5, 1.9167e-5, 1.9041e-5, 1.9084e-5, 1.9e-5, 1.8958e-5, 1.8916e-5, 1.8875e-5, 2.0958e-5, 1.7e-5, 2.0333e-5, 2.0833e-5, 2.0916e-5, 2.0959e-5, 2.0041e-5]]
case=nonlinear n=1000003 map_sum_ms=0.638625 fused_sum_ms=0.266500 upload_fused_ms=0.960000 cpu_f64_ms=4.512209 compact_sum_ms=None mapped_bytes=4000012->0 first_partials_bytes=1956
samples_seconds=[[0.000577, 0.000638625, 0.000701, 0.001002416, 0.000579334, 0.001064833, 0.00062375, 0.000851334, 0.000582167, 0.000995208, 0.0010375, 0.000642875, 0.000592958, 0.000934917, 0.001017667, 0.000616333, 0.000575416, 0.000600333, 0.000984333, 0.000569084, 0.000562958], [0.000274083, 0.000636959, 0.000347667, 0.000268375, 0.000244208, 0.000305416, 0.000314292, 0.000259583, 0.000246667, 0.00030775, 0.000264, 0.000277834, 0.000245625, 0.000314125, 0.0002665, 0.000265416, 0.000243458, 0.000235584, 0.000267875, 0.000258334, 0.000230208], [0.000894334, 0.000921167, 0.000970333, 0.001094334, 0.001087666, 0.000944458, 0.000881292, 0.001078125, 0.000900916, 0.001027417, 0.001070458, 0.00096675, 0.000821875, 0.000949958, 0.000989542, 0.000961625, 0.000851041, 0.00096, 0.001070208, 0.000902, 0.000790417], [0.004551208, 0.00466425, 0.0047995, 0.004471209, 0.004584667, 0.00459325, 0.0045025, 0.004473916, 0.004613917, 0.00451975, 0.004624792, 0.004501583, 0.004504666, 0.004480416, 0.004555291, 0.004512209, 0.004587834, 0.004494583, 0.004470792, 0.004501042, 0.004505417]]
case=nonlinear n=4000003 map_sum_ms=1.780916 fused_sum_ms=0.430584 upload_fused_ms=3.424834 cpu_f64_ms=18.506375 compact_sum_ms=None mapped_bytes=16000012->0 first_partials_bytes=7816
samples_seconds=[[0.001687166, 0.002381584, 0.002113208, 0.001780916, 0.001683791, 0.001794167, 0.002001917, 0.0025155, 0.001646833, 0.002499542, 0.001991042, 0.002066042, 0.001745666, 0.002435375, 0.001724208, 0.001997583, 0.001688292, 0.001231667, 0.0012975, 0.001414916, 0.000910083], [0.000408792, 0.000790583, 0.000399125, 0.000396042, 0.00042125, 0.000921708, 0.000430584, 0.000454708, 0.000389875, 0.000590792, 0.000447459, 0.000405709, 0.000725791, 0.000793917, 0.000440083, 0.000400792, 0.000433375, 0.000681041, 0.000271375, 0.000266917, 0.000319], [0.003145667, 0.00324625, 0.003467958, 0.003299375, 0.00307325, 0.003527209, 0.00346475, 0.003288875, 0.00354025, 0.003740041, 0.004022625, 0.003511292, 0.003559416, 0.003424834, 0.00369425, 0.003017084, 0.003332958, 0.003254583, 0.003273458, 0.003469417, 0.002950375], [0.018375333, 0.018309583, 0.018801167, 0.01831925, 0.018397792, 0.018180292, 0.018227167, 0.01882025, 0.018401917, 0.018666542, 0.018533, 0.018873084, 0.01855875, 0.018404666, 0.018528292, 0.019167792, 0.018667625, 0.018551959, 0.018426125, 0.01832925, 0.018506375]]
case=conditional n=4097 map_sum_ms=0.190584 fused_sum_ms=0.170625 upload_fused_ms=0.208125 cpu_f64_ms=0.017292 compact_sum_ms=Some(0.239792) mapped_bytes=16388->0 first_partials_bytes=12
samples_seconds=[[0.000197917, 0.000283834, 0.000164042, 0.000171875, 0.000190584, 0.000478583, 0.000182459, 0.000171458, 0.000170208, 0.000200916, 0.000197875, 0.000200417, 0.000187542, 0.000201291, 0.000191375, 0.000182125, 0.00019225, 0.000174, 0.000308, 0.000170083, 0.000181625], [0.000156792, 0.000167959, 0.000158791, 0.00016725, 0.000181417, 0.000171166, 0.000183125, 0.000168708, 0.000167125, 0.000168959, 0.000169542, 0.00017075, 0.000184, 0.000186958, 0.000180166, 0.00017925, 0.000177708, 0.000169541, 0.000191042, 0.000170625, 0.00016925], [0.000201875, 0.000203333, 0.000199166, 0.000199708, 0.000256833, 0.000210167, 0.00019725, 0.000207209, 0.0001955, 0.000210459, 0.000207542, 0.000214709, 0.000238542, 0.000217125, 0.000212875, 0.000208125, 0.000226375, 0.000312416, 0.000211083, 0.000203333, 0.00019925], [1.4667e-5, 1.4875e-5, 1.5e-5, 1.4792e-5, 1.4958e-5, 1.8042e-5, 1.7541e-5, 1.4625e-5, 1.75e-5, 1.4417e-5, 1.7542e-5, 1.7292e-5, 1.4625e-5, 1.4667e-5, 1.8166e-5, 1.8042e-5, 1.4875e-5, 1.7917e-5, 1.7833e-5, 1.825e-5, 1.7917e-5], [0.000228708, 0.000242, 0.000231875, 0.000225833, 0.000238333, 0.000241416, 0.000234292, 0.000236875, 0.000230041, 0.000223333, 0.0002645, 0.00036925, 0.000251375, 0.000239792, 0.000554875, 0.00023525, 0.000275667, 0.00024975, 0.000248792, 0.000235541, 0.000342417]]
case=conditional n=1000003 map_sum_ms=0.572875 fused_sum_ms=0.230084 upload_fused_ms=0.944042 cpu_f64_ms=3.574042 compact_sum_ms=Some(0.909875) mapped_bytes=4000012->0 first_partials_bytes=1956
samples_seconds=[[0.000576791, 0.000281167, 0.00029, 0.000308208, 0.0005535, 0.000666875, 0.000581792, 0.000575917, 0.000580792, 0.000929708, 0.000618292, 0.000288625, 0.000285458, 0.00028075, 0.000263917, 0.001022916, 0.000602292, 0.000566292, 0.000572875, 0.000555416, 0.000953], [0.00024025, 0.000184291, 0.000179792, 0.00030875, 0.000233333, 0.000244875, 0.000315, 0.000274625, 0.000227708, 0.000237042, 0.0002465, 0.000223458, 0.000170833, 0.000181875, 0.000161584, 0.000248667, 0.000224458, 0.000230084, 0.000213125, 0.000207667, 0.000263917], [0.000944042, 0.00090875, 0.000950625, 0.001152083, 0.000927458, 0.001206084, 0.000981375, 0.000933584, 0.00093325, 0.000889209, 0.000974417, 0.00093475, 0.000834958, 0.000853958, 0.000830167, 0.000889583, 0.000955375, 0.0009935, 0.001191167, 0.00117175, 0.001207791], [0.003856125, 0.003763458, 0.003582458, 0.003559667, 0.003400333, 0.003542208, 0.003595667, 0.003691209, 0.003558167, 0.0036375, 0.003542625, 0.003630375, 0.003451291, 0.003600042, 0.003662333, 0.003529375, 0.003550208, 0.003574042, 0.003572875, 0.003562875, 0.003629833], [0.0009145, 0.000549292, 0.000729917, 0.000412708, 0.000861792, 0.001240166, 0.00106575, 0.001280959, 0.001126667, 0.000910583, 0.001204042, 0.000631667, 0.000509334, 0.000401416, 0.000370667, 0.000899292, 0.001281583, 0.000921, 0.000909875, 0.000898167, 0.000996459]]
case=conditional n=4000003 map_sum_ms=1.713916 fused_sum_ms=0.350708 upload_fused_ms=3.415042 cpu_f64_ms=14.350125 compact_sum_ms=Some(3.218708) mapped_bytes=16000012->0 first_partials_bytes=7816
samples_seconds=[[0.001678042, 0.001843541, 0.001717208, 0.001713916, 0.001837833, 0.001216958, 0.00168, 0.001682792, 0.001652375, 0.001646334, 0.000686709, 0.001851125, 0.001715959, 0.002072583, 0.001966, 0.000692875, 0.001788125, 0.001715667, 0.001800459, 0.001325042, 0.001236916], [0.000348209, 0.000379875, 0.000377084, 0.000343042, 0.000368375, 0.000229875, 0.00040875, 0.000364541, 0.00032575, 0.000317875, 0.000224959, 0.000364042, 0.000367834, 0.000352166, 0.000350708, 0.000205541, 0.000369958, 0.000399834, 0.000345458, 0.000220042, 0.000251875], [0.003514667, 0.0035075, 0.003562792, 0.003571, 0.003223709, 0.003235792, 0.003243042, 0.003415042, 0.003224625, 0.003634625, 0.003500792, 0.002981458, 0.003170375, 0.003372375, 0.003720917, 0.002947, 0.003478875, 0.003577125, 0.003509042, 0.002675791, 0.002918542], [0.015002459, 0.014489417, 0.014046625, 0.014231542, 0.014298208, 0.014438875, 0.014350125, 0.014263125, 0.014513625, 0.014209333, 0.014540833, 0.014458125, 0.014471417, 0.014338334, 0.01443725, 0.014204791, 0.014361875, 0.014352083, 0.014240167, 0.014108167, 0.014073541], [0.001673333, 0.002900583, 0.003291875, 0.003383916, 0.002928791, 0.002989666, 0.003336625, 0.002935708, 0.00358325, 0.002978083, 0.003683584, 0.003295541, 0.003278667, 0.0028795, 0.00294475, 0.002949042, 0.003218708, 0.003411834, 0.003298041, 0.003024291, 0.003738083]]
