backend=metal; 4 warmups, 17 rotated samples; each GPU path uses one recorded dispatch + full output readback + wait; setup/uploads excluded; independent f64 parity before timing; milliseconds; p90=nearest-rank
shape=64,64,64; readback_bytes=16384
baseline32 median_ms=0.280583 p90_ms=0.292667 min_ms=0.260458 max_error=6.282373e-6 samples_ms=[0.28591700000000003, 0.279, 0.29266699999999995, 0.287667, 0.27779200000000004, 0.28279200000000004, 0.283167, 0.28058299999999997, 0.27537500000000004, 0.298958, 0.281209, 0.271333, 0.275667, 0.26045799999999997, 0.277959, 0.29100000000000004, 0.277375]
direct median_ms=0.225375 p90_ms=0.257875 min_ms=0.207375 max_error=6.282373e-6 samples_ms=[0.23, 0.207375, 0.225375, 0.257875, 0.225375, 0.222167, 0.346541, 0.22725, 0.219, 0.25437499999999996, 0.226875, 0.22129100000000002, 0.21241700000000002, 0.211292, 0.245542, 0.23308399999999999, 0.22062500000000002]
aligned32 median_ms=0.246750 p90_ms=0.293750 min_ms=0.226083 max_error=6.282373e-6 samples_ms=[0.24995799999999999, 0.228125, 0.24445899999999998, 0.256333, 0.245542, 0.29375, 0.24675, 0.239166, 0.24304099999999998, 0.302584, 0.252334, 0.265042, 0.228166, 0.24633400000000003, 0.226083, 0.260125, 0.25125000000000003]
vector32 median_ms=0.222458 p90_ms=0.241458 min_ms=0.207208 max_error=6.282373e-6 samples_ms=[0.241458, 0.220833, 0.223084, 0.22245800000000002, 0.221542, 0.21945800000000001, 0.233958, 0.23158299999999998, 0.22249999999999998, 0.21825, 0.215, 0.330042, 0.207208, 0.20883300000000002, 0.214541, 0.230625, 0.223125]
vector_direct median_ms=0.232333 p90_ms=0.483125 min_ms=0.219791 max_error=6.282373e-6 samples_ms=[0.48312499999999997, 0.22429200000000002, 0.22525, 0.238292, 0.230292, 0.236542, 0.228791, 0.360417, 0.227708, 0.232333, 0.262084, 0.226792, 0.219791, 0.529334, 0.234959, 0.228875, 0.255709]
cooperative_dot median_ms=0.210959 p90_ms=0.248042 min_ms=0.194458 max_error=2.058619e-6 samples_ms=[0.202417, 0.20075, 0.207542, 0.232959, 0.20516600000000002, 0.21229199999999998, 0.25220800000000004, 0.21787499999999999, 0.207375, 0.211459, 0.210959, 0.209125, 0.194458, 0.248042, 0.215166, 0.223208, 0.207083]
shape=127,259,193; readback_bytes=98044
baseline32 median_ms=0.240750 p90_ms=0.296750 min_ms=0.219708 max_error=1.328794e-5 samples_ms=[0.261041, 0.291584, 0.252417, 0.234084, 0.24075, 0.23975, 0.224, 0.219791, 0.219708, 0.2275, 0.270417, 0.29674999999999996, 0.24104199999999998, 0.231291, 0.3435, 0.229208, 0.252291]
direct median_ms=0.197625 p90_ms=0.225958 min_ms=0.186000 max_error=1.328794e-5 samples_ms=[0.22595800000000002, 0.225, 0.21595899999999998, 0.256208, 0.19141699999999998, 0.195, 0.194, 0.192083, 0.189583, 0.199125, 0.186, 0.197625, 0.203708, 0.197834, 0.191791, 0.195083, 0.197708]
cooperative_dot median_ms=0.230375 p90_ms=0.291166 min_ms=0.214750 max_error=4.373103e-6 samples_ms=[0.242041, 0.241583, 0.252042, 0.231167, 0.230375, 0.234042, 0.22125, 0.222125, 0.21475, 0.2165, 0.329625, 0.291166, 0.234708, 0.22566599999999998, 0.22429200000000002, 0.22599999999999998, 0.224083]
shape=256,256,256; readback_bytes=262144
baseline32 median_ms=0.243208 p90_ms=0.279042 min_ms=0.230167 max_error=1.958483e-5 samples_ms=[0.256459, 0.239375, 0.24320799999999998, 0.279042, 0.240292, 0.250542, 0.230167, 0.24316600000000002, 0.248875, 0.240542, 0.239667, 0.2525, 0.320459, 0.23575000000000002, 0.240125, 0.24875, 0.25583399999999995]
direct median_ms=0.221417 p90_ms=0.241666 min_ms=0.211708 max_error=1.958483e-5 samples_ms=[0.22287500000000002, 0.215333, 0.21979200000000002, 0.21725, 0.215083, 0.221125, 0.211708, 0.222375, 0.223, 0.221417, 0.219, 0.228042, 0.232833, 0.216333, 0.31633300000000003, 0.241666, 0.234125]
aligned32 median_ms=0.218000 p90_ms=0.238708 min_ms=0.199583 max_error=1.958483e-5 samples_ms=[0.21679199999999998, 0.203042, 0.218125, 0.225375, 0.208166, 0.199583, 0.221084, 0.21762499999999999, 0.218208, 0.21783300000000003, 0.225917, 0.238708, 0.221125, 0.21275, 0.21312499999999998, 0.31712500000000005, 0.21800000000000003]
vector32 median_ms=0.199083 p90_ms=0.230334 min_ms=0.185792 max_error=1.958483e-5 samples_ms=[0.195708, 0.18737499999999999, 0.19908299999999998, 0.202125, 0.230334, 0.189, 0.185875, 0.23550000000000001, 0.18820800000000001, 0.185792, 0.22512500000000002, 0.225208, 0.207667, 0.201458, 0.196708, 0.21020899999999998, 0.1955]
vector_direct median_ms=0.232000 p90_ms=0.303209 min_ms=0.213916 max_error=1.958483e-5 samples_ms=[0.23187500000000003, 0.213916, 0.235417, 0.232584, 0.214291, 0.22162500000000002, 0.223083, 0.30320899999999995, 0.24104199999999998, 0.241084, 0.339875, 0.270125, 0.232, 0.22370800000000002, 0.21775, 0.22512500000000002, 0.30275]
cooperative_dot median_ms=0.408666 p90_ms=0.416750 min_ms=0.386625 max_error=4.375750e-6 samples_ms=[0.39566599999999996, 0.397542, 0.41675, 0.443, 0.401042, 0.413875, 0.401041, 0.410209, 0.41525, 0.386625, 0.404, 0.40866600000000003, 0.41058300000000003, 0.403709, 0.403917, 0.41550000000000004, 0.41154199999999996]
shape=512,512,512; readback_bytes=1048576
baseline32 median_ms=0.460875 p90_ms=1.099333 min_ms=0.426583 max_error=1.470935e-5 samples_ms=[1.013709, 1.1159169999999998, 1.0993330000000001, 1.087542, 0.46087500000000003, 0.469708, 0.432083, 0.444041, 0.570292, 0.44333300000000003, 0.472083, 0.42658300000000005, 0.43262500000000004, 0.442292, 0.429917, 0.44258299999999995, 0.463333]
direct median_ms=0.712416 p90_ms=2.462875 min_ms=0.676416 max_error=1.470935e-5 samples_ms=[2.2907499999999996, 2.270292, 2.511625, 2.462875, 0.712416, 0.702042, 0.685917, 0.676416, 0.682709, 0.712584, 0.703542, 0.751667, 0.756458, 0.7085, 0.7146669999999999, 0.69, 0.700584]
aligned32 median_ms=0.401084 p90_ms=0.862125 min_ms=0.372459 max_error=1.470935e-5 samples_ms=[0.862125, 0.814959, 0.8107080000000001, 0.868375, 0.399709, 0.39191600000000004, 0.39762499999999995, 0.378291, 0.40700000000000003, 0.589083, 0.407334, 0.412833, 0.382791, 0.401084, 0.38991600000000004, 0.372459, 0.399292]
vector32 median_ms=0.387958 p90_ms=0.887791 min_ms=0.355709 max_error=1.470935e-5 samples_ms=[0.77875, 0.77825, 0.887791, 0.8922920000000001, 0.399625, 0.356875, 0.365, 0.38795799999999997, 0.372375, 0.4275, 0.402417, 0.370875, 0.367167, 0.35924999999999996, 0.367541, 0.355709, 0.414333]
vector_direct median_ms=0.482084 p90_ms=1.195791 min_ms=0.426750 max_error=1.470935e-5 samples_ms=[1.13425, 1.29325, 1.1227500000000001, 1.195791, 0.9665, 0.451084, 0.45037499999999997, 0.487916, 0.484541, 0.457334, 0.482292, 0.432458, 0.441209, 0.42675, 0.472834, 0.44004200000000004, 0.48208399999999996]
shape=1024,1024,1024; readback_bytes=4194304
baseline32 median_ms=2.099833 p90_ms=2.212875 min_ms=1.715250 max_error=3.159918e-5 samples_ms=[1.800041, 1.757875, 2.106041, 1.840417, 2.212875, 2.366917, 2.199334, 1.8375, 2.210166, 1.803417, 1.780291, 1.852916, 2.0998330000000003, 1.71525, 2.193209, 2.173291, 2.1049160000000002]
direct median_ms=4.208125 p90_ms=4.710459 min_ms=3.900167 max_error=3.159918e-5 samples_ms=[3.914916, 4.339125, 5.343125, 3.997458, 4.710459, 4.534584000000001, 4.342083, 3.9783340000000003, 4.359834, 4.021667, 4.2625839999999995, 3.900167, 4.014458, 4.208125, 3.9682090000000003, 3.912917, 4.332]
aligned32 median_ms=1.615000 p90_ms=1.979583 min_ms=1.483625 max_error=3.159918e-5 samples_ms=[1.873542, 1.855625, 1.506292, 1.615, 2.038625, 1.534333, 1.57175, 1.851667, 1.514, 1.979583, 1.647875, 1.517917, 1.497666, 1.483625, 1.895875, 1.887417, 1.5077090000000002]
vector32 median_ms=1.737208 p90_ms=1.939042 min_ms=1.380917 max_error=3.159918e-5 samples_ms=[1.862833, 1.392459, 1.486417, 1.9871670000000001, 1.614708, 1.854833, 1.939042, 1.561125, 1.855625, 1.464, 1.9389159999999999, 1.4337499999999999, 1.761, 1.737208, 1.5678750000000001, 1.856291, 1.380917]
vector_direct median_ms=2.625208 p90_ms=2.971709 min_ms=2.368083 max_error=3.159918e-5 samples_ms=[2.404959, 2.927833, 2.368083, 2.5125, 2.5145419999999996, 2.7211250000000002, 2.9285, 2.474792, 2.6252079999999998, 3.046291, 2.503375, 2.850208, 2.845584, 2.457459, 2.9717089999999997, 2.423917, 2.826833]
shape=4096,16,16; readback_bytes=262144
baseline32 median_ms=0.205291 p90_ms=0.269000 min_ms=0.180208 max_error=2.509834e-6 samples_ms=[0.20670899999999998, 0.214042, 0.295666, 0.256, 0.191042, 0.197708, 0.264, 0.185, 0.26899999999999996, 0.19249999999999998, 0.190042, 0.208541, 0.180208, 0.191, 0.205291, 0.24225, 0.20508300000000002]
direct median_ms=0.182792 p90_ms=0.197417 min_ms=0.169417 max_error=2.509834e-6 samples_ms=[0.191292, 0.196708, 0.197417, 0.18087499999999998, 0.190833, 0.18454199999999998, 0.177167, 0.16941699999999998, 0.18212499999999998, 0.182542, 0.18654199999999999, 0.183792, 0.16975, 0.171584, 0.1775, 0.293375, 0.182792]
vector_direct median_ms=0.192167 p90_ms=0.230709 min_ms=0.170291 max_error=2.509834e-6 samples_ms=[0.184584, 0.195542, 0.22170800000000002, 0.19875, 0.299625, 0.191833, 0.186334, 0.218166, 0.17891700000000002, 0.230709, 0.17029100000000003, 0.174291, 0.181083, 0.192167, 0.18125, 0.207916, 0.20987499999999998]
cooperative_dot median_ms=0.400375 p90_ms=0.475292 min_ms=0.380584 max_error=1.139821e-6 samples_ms=[0.41091700000000003, 0.424292, 0.483292, 0.408625, 0.40308299999999997, 0.3945, 0.395625, 0.38275, 0.386708, 0.40037500000000004, 0.380584, 0.413791, 0.39754100000000003, 0.39408299999999996, 0.394375, 0.475292, 0.406167]
shape=4096,256,8; readback_bytes=131072
baseline32 median_ms=0.249125 p90_ms=0.270750 min_ms=0.231625 max_error=1.185129e-5 samples_ms=[0.246292, 0.25158400000000003, 0.25429100000000004, 0.261667, 0.270333, 0.243792, 0.236, 0.231625, 0.234292, 0.238458, 0.27720799999999995, 0.24912499999999999, 0.241792, 0.250875, 0.24875, 0.249666, 0.27075]
direct median_ms=0.199125 p90_ms=0.274833 min_ms=0.178958 max_error=1.185129e-5 samples_ms=[0.302459, 0.19645900000000002, 0.274833, 0.20274999999999999, 0.203375, 0.19820800000000002, 0.190334, 0.183083, 0.18420799999999998, 0.178958, 0.208209, 0.195375, 0.202375, 0.205417, 0.199125, 0.192084, 0.20375]
vector_direct median_ms=0.201334 p90_ms=0.253542 min_ms=0.179833 max_error=1.185129e-5 samples_ms=[0.20049999999999998, 0.198458, 0.200709, 0.207333, 0.204917, 0.318041, 0.201334, 0.17983300000000002, 0.188833, 0.196166, 0.185792, 0.22599999999999998, 0.209125, 0.253542, 0.20829099999999998, 0.203, 0.199292]
cooperative_dot median_ms=0.265291 p90_ms=0.283833 min_ms=0.249291 max_error=6.023862e-6 samples_ms=[0.265291, 0.264, 0.263125, 0.287458, 0.27325, 0.281, 0.268209, 0.255625, 0.249291, 0.256583, 0.283833, 0.270125, 0.26966700000000005, 0.26475, 0.273875, 0.264, 0.262042]
shape=16,512,4096; readback_bytes=262144
baseline32 median_ms=0.305416 p90_ms=0.342166 min_ms=0.287625 max_error=1.253653e-5 samples_ms=[0.291875, 0.28883400000000004, 0.287625, 0.34216599999999997, 0.290083, 0.30145900000000003, 0.31462500000000004, 0.323417, 0.34875, 0.30495799999999995, 0.308958, 0.322375, 0.30124999999999996, 0.33325, 0.306416, 0.299834, 0.30541599999999997]
direct median_ms=0.268542 p90_ms=0.312459 min_ms=0.248875 max_error=1.253653e-5 samples_ms=[0.248875, 0.25025, 0.258834, 0.312459, 0.25091600000000003, 0.26287499999999997, 0.274917, 0.265042, 0.455583, 0.28862499999999996, 0.265791, 0.27787500000000004, 0.27875000000000005, 0.288875, 0.276708, 0.264792, 0.268542]
vector_direct median_ms=0.283750 p90_ms=0.333916 min_ms=0.249375 max_error=1.253653e-5 samples_ms=[0.25366700000000003, 0.26845800000000003, 0.257584, 0.306667, 0.24937499999999999, 0.33391600000000005, 0.27587500000000004, 0.27641699999999997, 0.385833, 0.285958, 0.285459, 0.283042, 0.327792, 0.285542, 0.294083, 0.278708, 0.28375]
cooperative_dot median_ms=0.712709 p90_ms=0.747959 min_ms=0.686750 max_error=5.296739e-6 samples_ms=[0.68675, 0.699166, 0.693584, 0.700958, 0.719583, 0.697666, 0.697333, 0.713125, 0.743875, 0.703042, 0.7127089999999999, 0.884583, 0.7479589999999999, 0.728209, 0.7354580000000001, 0.707375, 0.74625]
shape=8,2048,8; readback_bytes=256
baseline32 median_ms=0.685583 p90_ms=0.719459 min_ms=0.675500 max_error=3.742145e-5 samples_ms=[0.7159580000000001, 0.684959, 0.675791, 0.6757500000000001, 0.685583, 0.680625, 0.711417, 0.683834, 0.719459, 0.79725, 0.701041, 0.696041, 0.6783750000000001, 0.6755, 0.686792, 0.678, 0.698167]
direct median_ms=0.440833 p90_ms=0.489917 min_ms=0.432792 max_error=3.742145e-5 samples_ms=[0.489917, 0.43675, 0.438792, 0.436958, 0.438917, 0.505291, 0.44587499999999997, 0.445708, 0.484375, 0.46275, 0.451709, 0.43708400000000003, 0.434042, 0.432792, 0.43516699999999997, 0.44083300000000003, 0.444791]
vector_direct median_ms=0.470750 p90_ms=0.565833 min_ms=0.450583 max_error=3.742145e-5 samples_ms=[0.47633400000000004, 0.469833, 0.5427500000000001, 0.5658329999999999, 0.463375, 0.5844170000000001, 0.459667, 0.472916, 0.46758299999999997, 0.47075, 0.5045419999999999, 0.455708, 0.506667, 0.450583, 0.46079200000000003, 0.455708, 0.47154199999999996]
cooperative_dot median_ms=0.124125 p90_ms=0.139166 min_ms=0.113708 max_error=9.509688e-6 samples_ms=[0.130833, 0.128208, 0.118, 0.11729200000000001, 0.144667, 0.131666, 0.11983300000000001, 0.12324999999999998, 0.125166, 0.139166, 0.13799999999999998, 0.12191700000000001, 0.121209, 0.113708, 0.124125, 0.136125, 0.121667]
