backend=metal; 4 warmups plus at least 250ms steady work, 17 rotated samples; each GPU path uses one recorded dispatch + full output readback + wait; setup/uploads excluded; independent f64 parity before timing; milliseconds; p90=nearest-rank
shape=32,32,32; readback_bytes=4096
baseline32 median_ms=0.132583 p90_ms=0.142333 min_ms=0.122083 max_error=3.825974e-6 samples_ms=[0.131166, 0.12670800000000002, 0.12208299999999998, 0.13875, 0.141709, 0.135375, 0.133708, 0.132583, 0.13054200000000002, 0.133708, 0.132875, 0.12925, 0.12362500000000001, 0.349708, 0.142333, 0.12995800000000002, 0.132334]
direct median_ms=0.117000 p90_ms=0.245667 min_ms=0.108417 max_error=3.825974e-6 samples_ms=[0.153208, 0.12404199999999999, 0.108417, 0.114084, 0.24566699999999997, 0.18575, 0.11745900000000001, 0.25387499999999996, 0.11666699999999999, 0.11699999999999999, 0.11558299999999999, 0.11366699999999999, 0.110542, 0.14650000000000002, 0.17425000000000002, 0.115375, 0.11649999999999999]
aligned32 median_ms=0.127584 p90_ms=0.134916 min_ms=0.114500 max_error=3.825974e-6 samples_ms=[0.134916, 0.128792, 0.126083, 0.12758299999999997, 0.135708, 0.127584, 0.12629100000000001, 0.13120800000000002, 0.127166, 0.129458, 0.1305, 0.12324999999999998, 0.12091600000000001, 0.13241699999999998, 0.1145, 0.130584, 0.123709]
vector32 median_ms=0.118959 p90_ms=0.126458 min_ms=0.109291 max_error=3.825974e-6 samples_ms=[0.116584, 0.111458, 0.118959, 0.123834, 0.128625, 0.12645800000000001, 0.125084, 0.123583, 0.122, 0.11558399999999999, 0.11604199999999999, 0.110042, 0.109291, 0.125, 0.11670799999999999, 0.11975, 0.1145]
vector_direct median_ms=0.118750 p90_ms=0.141292 min_ms=0.114416 max_error=3.825974e-6 samples_ms=[0.11775000000000001, 0.11441599999999999, 0.11804100000000001, 0.11883300000000001, 0.11875, 0.11916700000000001, 0.120375, 0.12062500000000001, 0.117208, 0.11649999999999999, 0.118291, 0.123917, 0.141292, 0.128667, 0.118, 0.11620799999999999, 0.25437499999999996]
cooperative_dot median_ms=0.109375 p90_ms=0.119708 min_ms=0.103042 max_error=2.473492e-6 samples_ms=[0.119708, 0.103042, 0.109625, 0.113292, 0.108, 0.11349999999999999, 0.109375, 0.110333, 0.110875, 0.106708, 0.108958, 0.111791, 0.10625, 0.149125, 0.105083, 0.108, 0.109209]
production median_ms=0.118167 p90_ms=0.128625 min_ms=0.110000 max_error=3.825974e-6 samples_ms=[0.12670800000000002, 0.11254199999999999, 0.114166, 0.127542, 0.128625, 0.122958, 0.12324999999999998, 0.11758300000000001, 0.116167, 0.117042, 0.118167, 0.12275, 0.11, 0.19591699999999998, 0.123125, 0.11729200000000001, 0.1155]
shape=64,64,64; readback_bytes=16384
baseline32 median_ms=0.143708 p90_ms=0.150250 min_ms=0.137625 max_error=6.282373e-6 samples_ms=[0.142208, 0.14370799999999997, 0.14016699999999999, 0.138791, 0.144583, 0.140583, 0.137625, 0.1445, 0.151125, 0.14508300000000002, 0.148125, 0.142125, 0.14308300000000002, 0.15025, 0.143041, 0.146916, 0.14420899999999998]
direct median_ms=0.133541 p90_ms=0.138375 min_ms=0.125292 max_error=6.282373e-6 samples_ms=[0.12995800000000002, 0.135375, 0.132084, 0.128416, 0.132917, 0.125292, 0.12787500000000002, 0.137458, 0.138375, 0.133541, 0.125667, 0.136375, 0.133583, 0.140125, 0.136167, 0.131166, 0.13375]
aligned32 median_ms=0.138458 p90_ms=0.200042 min_ms=0.127541 max_error=6.282373e-6 samples_ms=[0.13574999999999998, 0.134375, 0.25991600000000004, 0.19725, 0.13466699999999998, 0.12754100000000002, 0.145542, 0.137625, 0.162083, 0.143041, 0.14383300000000002, 0.200042, 0.138458, 0.138416, 0.1375, 0.161042, 0.13433299999999998]
vector32 median_ms=0.129750 p90_ms=0.164167 min_ms=0.118542 max_error=6.282373e-6 samples_ms=[0.164167, 0.125, 0.12795800000000002, 0.11854200000000001, 0.123834, 0.124, 0.12266600000000001, 0.131625, 0.12975, 0.1365, 0.13054200000000002, 0.137333, 0.127833, 0.131333, 0.12995800000000002, 0.24441600000000002, 0.121292]
vector_direct median_ms=0.136667 p90_ms=0.142792 min_ms=0.125666 max_error=6.282373e-6 samples_ms=[0.142792, 0.1315, 0.13729200000000003, 0.13137500000000002, 0.135166, 0.125666, 0.135958, 0.13725, 0.1375, 0.138792, 0.136709, 0.135833, 0.137458, 0.135, 0.136667, 0.144292, 0.130084]
cooperative_dot median_ms=0.130833 p90_ms=0.234458 min_ms=0.121917 max_error=2.058619e-6 samples_ms=[0.131291, 0.126208, 0.12525, 0.12191700000000001, 0.1285, 0.130833, 0.125, 0.13275, 0.20141599999999998, 0.12983299999999998, 0.243584, 0.133, 0.133, 0.12812500000000002, 0.128417, 0.234458, 0.150167]
production median_ms=0.134584 p90_ms=0.145291 min_ms=0.126958 max_error=6.282373e-6 samples_ms=[0.13758299999999998, 0.128959, 0.137209, 0.12804200000000002, 0.131792, 0.21537499999999998, 0.12695800000000002, 0.135584, 0.13362500000000002, 0.13416599999999998, 0.145291, 0.134625, 0.134584, 0.13625, 0.133833, 0.13449999999999998, 0.136]
shape=127,259,193; readback_bytes=98044
baseline32 median_ms=0.222125 p90_ms=0.273083 min_ms=0.212625 max_error=1.328794e-5 samples_ms=[0.225291, 0.218333, 0.223125, 0.241708, 0.218125, 0.219125, 0.22187500000000002, 0.215333, 0.221, 0.22945800000000002, 0.27308299999999996, 0.235833, 0.447041, 0.222125, 0.22370800000000002, 0.212625, 0.2205]
direct median_ms=0.188625 p90_ms=0.205667 min_ms=0.180458 max_error=1.328794e-5 samples_ms=[0.18629099999999998, 0.20566700000000002, 0.189167, 0.18820800000000001, 0.190875, 0.180458, 0.181459, 0.188083, 0.187584, 0.185834, 0.196541, 0.203625, 0.297458, 0.19245800000000002, 0.188625, 0.184291, 0.190917]
cooperative_dot median_ms=0.220625 p90_ms=0.229291 min_ms=0.209209 max_error=4.373103e-6 samples_ms=[0.22162500000000002, 0.220875, 0.213875, 0.211666, 0.215667, 0.217167, 0.216875, 0.2255, 0.209209, 0.22187500000000002, 0.22929100000000002, 0.22304200000000002, 0.239375, 0.21787499999999999, 0.226625, 0.22062500000000002, 0.212667]
production median_ms=0.195584 p90_ms=0.200833 min_ms=0.178042 max_error=1.328794e-5 samples_ms=[0.200833, 0.199458, 0.183458, 0.193709, 0.178042, 0.182167, 0.186583, 0.196917, 0.19633399999999998, 0.213375, 0.195666, 0.19487500000000002, 0.19704100000000002, 0.18912500000000002, 0.195584, 0.185667, 0.1965]
shape=255,129,63; readback_bytes=64260
baseline32 median_ms=0.239083 p90_ms=0.381583 min_ms=0.183208 max_error=1.379531e-5 samples_ms=[0.220791, 0.18554199999999998, 0.185, 0.183208, 0.198292, 0.239083, 0.20450000000000002, 0.19525, 0.194417, 0.3175, 0.360541, 0.37875000000000003, 0.381583, 0.359416, 0.357666, 0.47075, 0.358791]
direct median_ms=0.198000 p90_ms=0.367500 min_ms=0.158583 max_error=1.379531e-5 samples_ms=[0.169208, 0.19799999999999998, 0.158708, 0.16329100000000002, 0.165333, 0.158583, 0.16175, 0.168708, 0.173041, 0.438291, 0.261834, 0.3675, 0.263917, 0.253959, 0.26425, 0.287125, 0.25575000000000003]
cooperative_dot median_ms=0.227625 p90_ms=0.357917 min_ms=0.188917 max_error=6.001628e-6 samples_ms=[0.199208, 0.227625, 0.189708, 0.191208, 0.191166, 0.22425, 0.223583, 0.196541, 0.188917, 0.330791, 0.35791700000000004, 0.340708, 0.33191600000000004, 0.344667, 0.357541, 0.358417, 0.33808299999999997]
production median_ms=0.186417 p90_ms=0.276042 min_ms=0.158750 max_error=1.379531e-5 samples_ms=[0.167917, 0.169125, 0.162583, 0.15875, 0.160416, 0.162125, 0.186417, 0.17862499999999998, 0.16683299999999998, 0.220292, 0.277834, 0.268208, 0.272084, 0.276042, 0.270208, 0.275833, 0.26329199999999997]
shape=511,63,257; readback_bytes=525308
baseline32 median_ms=0.207250 p90_ms=0.334500 min_ms=0.191584 max_error=4.637852e-6 samples_ms=[0.2185, 0.37404099999999996, 0.248333, 0.20725, 0.208167, 0.19975, 0.197125, 0.194584, 0.250542, 0.3345, 0.2165, 0.20416600000000001, 0.199666, 0.19495800000000002, 0.200917, 0.19158399999999998, 0.217]
direct median_ms=0.207042 p90_ms=0.305292 min_ms=0.195125 max_error=4.637852e-6 samples_ms=[0.207042, 0.30529199999999995, 0.22062500000000002, 0.212959, 0.34525, 0.20450000000000002, 0.20995899999999998, 0.201292, 0.300334, 0.200958, 0.210792, 0.296333, 0.198416, 0.202041, 0.198917, 0.205375, 0.19512500000000002]
production median_ms=0.208833 p90_ms=0.260042 min_ms=0.193292 max_error=4.637852e-6 samples_ms=[0.260042, 0.25158400000000003, 0.30804200000000004, 0.206792, 0.209458, 0.199583, 0.205292, 0.193292, 0.21312499999999998, 0.24449999999999997, 0.20883300000000002, 0.209291, 0.196541, 0.19799999999999998, 0.193625, 0.224, 0.205584]
shape=256,256,256; readback_bytes=262144
baseline32 median_ms=0.237208 p90_ms=0.267291 min_ms=0.228375 max_error=1.958483e-5 samples_ms=[0.229958, 0.234125, 0.23783300000000002, 0.228375, 0.235459, 0.243917, 0.23966600000000002, 0.233625, 0.267291, 0.237208, 0.232417, 0.23550000000000001, 0.277375, 0.24620799999999998, 0.239208, 0.233542, 0.237958]
direct median_ms=0.210917 p90_ms=0.255708 min_ms=0.195250 max_error=1.958483e-5 samples_ms=[0.21204199999999998, 0.226791, 0.208417, 0.20983300000000002, 0.204292, 0.205, 0.21000000000000002, 0.202666, 0.204167, 0.226333, 0.210917, 0.213, 0.255708, 0.27537500000000004, 0.223833, 0.2195, 0.19525]
aligned32 median_ms=0.207417 p90_ms=0.218833 min_ms=0.197375 max_error=1.958483e-5 samples_ms=[0.207375, 0.203042, 0.207417, 0.211959, 0.204084, 0.204208, 0.19737500000000002, 0.20425000000000001, 0.200291, 0.233541, 0.212875, 0.21383400000000002, 0.208834, 0.218167, 0.21312499999999998, 0.218833, 0.206167]
vector32 median_ms=0.188584 p90_ms=0.200750 min_ms=0.182584 max_error=1.958483e-5 samples_ms=[0.19287500000000002, 0.186666, 0.18737499999999999, 0.22379100000000002, 0.20075, 0.18258400000000002, 0.18325, 0.183583, 0.18554199999999998, 0.199917, 0.193125, 0.18654199999999999, 0.19045800000000002, 0.19004100000000002, 0.188584, 0.18641600000000003, 0.198209]
vector_direct median_ms=0.218250 p90_ms=0.250167 min_ms=0.206125 max_error=1.958483e-5 samples_ms=[0.21770799999999998, 0.211, 0.328625, 0.21420799999999998, 0.21675, 0.21404099999999998, 0.206125, 0.21825, 0.250167, 0.230042, 0.226917, 0.221, 0.215333, 0.24275, 0.24212499999999998, 0.214917, 0.24862499999999998]
cooperative_dot median_ms=0.399416 p90_ms=0.458666 min_ms=0.386917 max_error=4.375750e-6 samples_ms=[0.422125, 0.392, 0.39266700000000004, 0.39579200000000003, 0.388125, 0.4305, 0.45866599999999996, 0.386917, 0.485125, 0.402584, 0.399416, 0.394375, 0.396167, 0.40475, 0.402417, 0.391833, 0.412917]
production median_ms=0.191208 p90_ms=0.307333 min_ms=0.180209 max_error=1.958483e-5 samples_ms=[0.307333, 0.191875, 0.280458, 0.184792, 0.185291, 0.185084, 0.185875, 0.180209, 0.372541, 0.19420900000000002, 0.189833, 0.191208, 0.221292, 0.189667, 0.204375, 0.189416, 0.20316700000000001]
shape=512,512,512; readback_bytes=1048576
baseline32 median_ms=0.426834 p90_ms=0.463667 min_ms=0.412208 max_error=1.470935e-5 samples_ms=[0.412208, 0.423667, 0.413209, 0.424708, 0.44420800000000005, 0.463667, 0.457625, 0.440417, 0.529125, 0.431875, 0.426834, 0.447667, 0.414083, 0.42095899999999997, 0.421292, 0.421958, 0.456125]
direct median_ms=0.675583 p90_ms=0.715792 min_ms=0.659833 max_error=1.470935e-5 samples_ms=[0.786292, 0.6679999999999999, 0.6619170000000001, 0.668209, 0.6635420000000001, 0.6718339999999999, 0.687667, 0.6644589999999999, 0.6717920000000001, 0.6781670000000001, 0.675583, 0.659833, 0.676542, 0.678125, 0.715792, 0.707167, 0.6757500000000001]
aligned32 median_ms=0.371750 p90_ms=0.415084 min_ms=0.355917 max_error=1.470935e-5 samples_ms=[0.416334, 0.37225, 0.37633300000000003, 0.358333, 0.356834, 0.367167, 0.378917, 0.37175, 0.41325, 0.414416, 0.358792, 0.355917, 0.36416699999999996, 0.361, 0.375375, 0.415084, 0.357792]
vector32 median_ms=0.349041 p90_ms=0.397750 min_ms=0.327917 max_error=1.470935e-5 samples_ms=[0.37625000000000003, 0.391791, 0.351959, 0.34525, 0.348334, 0.341833, 0.34483400000000003, 0.391208, 0.46791699999999997, 0.345042, 0.349583, 0.34225, 0.345792, 0.327917, 0.34904100000000005, 0.363458, 0.39775]
vector_direct median_ms=0.431541 p90_ms=0.507541 min_ms=0.421000 max_error=1.470935e-5 samples_ms=[0.443625, 0.431541, 0.507541, 0.428666, 0.422458, 0.424916, 0.5125000000000001, 0.423583, 0.45237499999999997, 0.499792, 0.45645800000000003, 0.430541, 0.421, 0.468042, 0.428209, 0.43975, 0.426292]
production median_ms=0.355834 p90_ms=0.404167 min_ms=0.332417 max_error=1.470935e-5 samples_ms=[0.43062500000000004, 0.33858299999999997, 0.369292, 0.356542, 0.332417, 0.347958, 0.35179200000000005, 0.355375, 0.349167, 0.404167, 0.35612499999999997, 0.34258299999999997, 0.38504099999999997, 0.37725, 0.35387500000000005, 0.35583400000000004, 0.357458]
shape=1024,1024,1024; readback_bytes=4194304
baseline32 median_ms=2.106167 p90_ms=2.206416 min_ms=1.621459 max_error=3.159918e-5 samples_ms=[1.77325, 1.621459, 2.206416, 1.6622919999999999, 2.237625, 2.110458, 1.8383340000000001, 2.182666, 2.06325, 2.171958, 1.75625, 1.7275420000000001, 2.1431660000000003, 2.011625, 2.106167, 2.139583, 2.193666]
direct median_ms=4.043708 p90_ms=4.368041 min_ms=3.834542 max_error=3.159918e-5 samples_ms=[4.246708, 4.56875, 3.9377910000000003, 3.852333, 4.368041, 4.3429590000000005, 4.231458, 4.278125, 4.081583, 4.083625, 3.890583, 3.8536249999999996, 3.834542, 4.043708, 3.922625, 3.9208749999999997, 3.987667]
aligned32 median_ms=1.537042 p90_ms=1.937458 min_ms=1.426416 max_error=3.159918e-5 samples_ms=[1.937458, 1.449791, 1.426416, 1.942791, 1.5222499999999999, 1.486208, 1.568417, 1.5019580000000001, 1.503917, 1.9320419999999998, 1.933959, 1.48025, 1.532041, 1.687084, 1.537042, 1.892291, 1.879583]
vector32 median_ms=1.492000 p90_ms=1.851667 min_ms=1.376625 max_error=3.159918e-5 samples_ms=[1.416583, 1.376625, 1.829458, 1.8053329999999999, 1.4993750000000001, 1.492, 1.770208, 1.798708, 1.445834, 1.8532920000000002, 1.3780000000000001, 1.4100840000000001, 1.389833, 1.505541, 1.851667, 1.411125, 1.431875]
vector_direct median_ms=2.648833 p90_ms=2.994166 min_ms=2.345167 max_error=3.159918e-5 samples_ms=[2.915792, 2.46075, 2.911375, 2.471666, 2.477166, 2.840334, 2.376375, 2.9398750000000002, 2.648833, 2.345167, 2.366792, 2.994166, 2.955042, 2.462333, 2.91425, 3.016333, 2.605375]
production median_ms=1.802875 p90_ms=1.947167 min_ms=1.349292 max_error=3.159918e-5 samples_ms=[1.915916, 1.831167, 1.947167, 1.837334, 1.847, 1.867958, 1.349292, 1.367667, 1.422375, 1.504959, 1.380334, 2.0326250000000003, 1.826833, 1.802875, 1.3999590000000002, 1.795583, 1.7921669999999998]
shape=256,1024,256; readback_bytes=262144
baseline32 median_ms=0.516333 p90_ms=0.567667 min_ms=0.500917 max_error=2.382175e-5 samples_ms=[0.5509170000000001, 0.504459, 0.522084, 0.513875, 0.636625, 0.516333, 0.5050830000000001, 0.5281669999999999, 0.508333, 0.5009170000000001, 0.521875, 0.534459, 0.567667, 0.5251669999999999, 0.503667, 0.515625, 0.507791]
direct median_ms=0.451542 p90_ms=0.472917 min_ms=0.409958 max_error=2.382175e-5 samples_ms=[0.44337499999999996, 0.584125, 0.4435, 0.46012499999999995, 0.453125, 0.458708, 0.43675, 0.44975, 0.438917, 0.409958, 0.451542, 0.467875, 0.457666, 0.455625, 0.422917, 0.436959, 0.472917]
aligned32 median_ms=0.417917 p90_ms=0.482542 min_ms=0.390625 max_error=2.382175e-5 samples_ms=[0.393083, 0.40266599999999997, 0.399667, 0.43091599999999997, 0.48254199999999997, 0.409833, 0.42174999999999996, 0.54025, 0.40841700000000003, 0.41791700000000004, 0.432875, 0.45087499999999997, 0.469916, 0.412792, 0.39429200000000003, 0.423, 0.390625]
vector32 median_ms=0.332209 p90_ms=0.366667 min_ms=0.313625 max_error=2.382175e-5 samples_ms=[0.31658400000000003, 0.33962499999999995, 0.321083, 0.33825, 0.369666, 0.332125, 0.331625, 0.332209, 0.32075000000000004, 0.339875, 0.313625, 0.36666699999999997, 0.361917, 0.337667, 0.331542, 0.350291, 0.32579199999999997]
vector_direct median_ms=0.484583 p90_ms=0.552167 min_ms=0.444625 max_error=2.382175e-5 samples_ms=[0.478416, 0.472667, 0.503417, 0.500583, 0.49870800000000004, 0.471792, 0.564375, 0.472375, 0.457917, 0.46099999999999997, 0.444625, 0.53475, 0.503291, 0.552167, 0.48458300000000004, 0.49287500000000006, 0.481208]
cooperative_dot median_ms=1.234583 p90_ms=1.330917 min_ms=1.161167 max_error=8.069215e-6 samples_ms=[1.161167, 1.231459, 1.171041, 1.27375, 1.234583, 1.212875, 1.298667, 1.281167, 1.429625, 1.1788750000000001, 1.2107089999999998, 1.303917, 1.166083, 1.170083, 1.297583, 1.3309170000000001, 1.304209]
production median_ms=0.357709 p90_ms=0.392291 min_ms=0.315625 max_error=2.382175e-5 samples_ms=[0.33087500000000003, 0.32175, 0.32249999999999995, 0.33025, 0.359375, 0.37504200000000004, 0.324708, 0.319958, 0.380459, 0.315625, 0.369667, 0.392291, 0.358792, 0.488166, 0.378083, 0.357709, 0.32045799999999997]
shape=1024,64,256; readback_bytes=1048576
baseline32 median_ms=0.393625 p90_ms=0.527833 min_ms=0.259041 max_error=5.210029e-6 samples_ms=[0.259041, 0.31, 0.499209, 0.41404199999999997, 0.317875, 0.324167, 0.383625, 0.368083, 0.381416, 0.397583, 0.412584, 0.545542, 0.37266699999999997, 0.527833, 0.393625, 0.405125, 0.413458]
direct median_ms=0.511042 p90_ms=0.525250 min_ms=0.298542 max_error=5.210029e-6 samples_ms=[0.414291, 0.29854200000000003, 0.416875, 0.5179590000000001, 0.370666, 0.383125, 0.523792, 0.390125, 0.5019170000000001, 0.39683399999999996, 0.52525, 0.5557500000000001, 0.511042, 0.516333, 0.51425, 0.513959, 0.52475]
aligned32 median_ms=0.361417 p90_ms=0.382583 min_ms=0.284584 max_error=5.210029e-6 samples_ms=[0.31187499999999996, 0.296708, 0.299291, 0.362958, 0.363083, 0.309625, 0.35554199999999997, 0.284584, 0.342916, 0.5124580000000001, 0.361417, 0.382583, 0.372, 0.35595899999999997, 0.370834, 0.362042, 0.37491599999999997]
vector32 median_ms=0.345916 p90_ms=0.390334 min_ms=0.279584 max_error=5.210029e-6 samples_ms=[0.28125, 0.28650000000000003, 0.29541700000000004, 0.306917, 0.32316700000000004, 0.359167, 0.336375, 0.279584, 0.390334, 0.452167, 0.360167, 0.35625, 0.35333400000000004, 0.334083, 0.362166, 0.345916, 0.346459]
vector_direct median_ms=0.399375 p90_ms=0.448958 min_ms=0.273833 max_error=5.210029e-6 samples_ms=[0.273833, 0.314334, 0.30945799999999996, 0.32475, 0.448958, 0.415875, 0.39058400000000004, 0.3035, 0.394375, 0.49645799999999995, 0.404, 0.42570800000000003, 0.406, 0.399375, 0.383209, 0.430541, 0.416583]
production median_ms=0.351208 p90_ms=0.392208 min_ms=0.251875 max_error=5.210029e-6 samples_ms=[0.25187499999999996, 0.291667, 0.392208, 0.317208, 0.298667, 0.309459, 0.35120799999999996, 0.27579200000000004, 0.35541700000000004, 0.364375, 0.352, 0.46575, 0.35058399999999995, 0.34841700000000003, 0.361458, 0.364292, 0.356333]
shape=4096,256,32; readback_bytes=524288
baseline32 median_ms=0.268542 p90_ms=0.309667 min_ms=0.255250 max_error=2.870018e-5 samples_ms=[0.26279199999999997, 0.267042, 0.26449999999999996, 0.27149999999999996, 0.274125, 0.282166, 0.269125, 0.25637499999999996, 0.259584, 0.268542, 0.338416, 0.30908399999999997, 0.25525, 0.26899999999999996, 0.261416, 0.257875, 0.309667]
direct median_ms=0.283000 p90_ms=0.311791 min_ms=0.275917 max_error=2.870018e-5 samples_ms=[0.28650000000000003, 0.280833, 0.278459, 0.283, 0.30025, 0.311791, 0.29570799999999997, 0.285084, 0.27962499999999996, 0.287583, 0.27591699999999997, 0.2795, 0.281292, 0.3005, 0.276625, 0.277042, 0.329916]
aligned32 median_ms=0.242083 p90_ms=0.283500 min_ms=0.228791 max_error=2.870018e-5 samples_ms=[0.242, 0.25637499999999996, 0.301708, 0.242583, 0.25912500000000005, 0.28350000000000003, 0.253208, 0.236083, 0.233792, 0.242083, 0.229833, 0.228791, 0.234042, 0.24625, 0.237375, 0.235708, 0.2545]
vector32 median_ms=0.225417 p90_ms=0.288750 min_ms=0.207667 max_error=2.870018e-5 samples_ms=[0.21920800000000001, 0.228666, 0.3055, 0.219875, 0.23883300000000002, 0.28875, 0.227083, 0.218208, 0.225417, 0.22683299999999998, 0.20791700000000002, 0.207667, 0.223916, 0.224083, 0.221209, 0.236041, 0.238583]
vector_direct median_ms=0.244833 p90_ms=0.279250 min_ms=0.232959 max_error=2.870018e-5 samples_ms=[0.259875, 0.249291, 0.261583, 0.251708, 0.25179199999999996, 0.241792, 0.24441699999999997, 0.279292, 0.24820899999999999, 0.24483300000000002, 0.24350000000000002, 0.232959, 0.27925, 0.24475000000000002, 0.24000000000000002, 0.238541, 0.240959]
production median_ms=0.222792 p90_ms=0.259625 min_ms=0.209541 max_error=2.870018e-5 samples_ms=[0.222, 0.222167, 0.23608400000000002, 0.242833, 0.290208, 0.22279200000000002, 0.242458, 0.219041, 0.219041, 0.236709, 0.2275, 0.209541, 0.259625, 0.215083, 0.218667, 0.217042, 0.240958]
shape=4096,16,16; readback_bytes=262144
baseline32 median_ms=0.166709 p90_ms=0.223917 min_ms=0.157209 max_error=2.509834e-6 samples_ms=[0.179708, 0.164833, 0.158416, 0.160417, 0.162833, 0.162333, 0.219708, 0.29, 0.162125, 0.22391699999999998, 0.166709, 0.194375, 0.163042, 0.19124999999999998, 0.175833, 0.1685, 0.15720900000000002]
direct median_ms=0.161417 p90_ms=0.175209 min_ms=0.144833 max_error=2.509834e-6 samples_ms=[0.163334, 0.1605, 0.165292, 0.153041, 0.167792, 0.165, 0.151625, 0.16141699999999998, 0.144833, 0.175209, 0.162, 0.160125, 0.1495, 0.145666, 0.166834, 0.21504099999999998, 0.151916]
vector_direct median_ms=0.160834 p90_ms=0.176917 min_ms=0.142500 max_error=2.509834e-6 samples_ms=[0.15220899999999998, 0.154, 0.16025, 0.163625, 0.161, 0.177167, 0.157833, 0.176917, 0.163833, 0.15604200000000001, 0.161666, 0.160834, 0.168667, 0.153709, 0.1425, 0.17316700000000002, 0.157417]
cooperative_dot median_ms=0.364750 p90_ms=0.386000 min_ms=0.353750 max_error=1.139821e-6 samples_ms=[0.365917, 0.35375, 0.36475, 0.361375, 0.368291, 0.386, 0.36141599999999996, 0.36424999999999996, 0.359875, 0.36804200000000004, 0.362208, 0.515292, 0.370334, 0.362333, 0.38587499999999997, 0.370917, 0.359292]
production median_ms=0.158916 p90_ms=0.275541 min_ms=0.147125 max_error=2.509834e-6 samples_ms=[0.148625, 0.27554100000000004, 0.151125, 0.15025, 0.162084, 0.151458, 0.166, 0.166458, 0.15154099999999998, 0.165666, 0.15187499999999998, 0.30079199999999995, 0.164417, 0.160958, 0.152125, 0.158916, 0.147125]
shape=4096,256,8; readback_bytes=131072
baseline32 median_ms=0.221583 p90_ms=0.236875 min_ms=0.210583 max_error=1.185129e-5 samples_ms=[0.219417, 0.236875, 0.216708, 0.221834, 0.218875, 0.234375, 0.219917, 0.257959, 0.210583, 0.216083, 0.210958, 0.22775, 0.227541, 0.22566599999999998, 0.221583, 0.217084, 0.22425]
direct median_ms=0.172833 p90_ms=0.193583 min_ms=0.160916 max_error=1.185129e-5 samples_ms=[0.170041, 0.176458, 0.172042, 0.16574999999999998, 0.17945799999999998, 0.165459, 0.16091599999999998, 0.193583, 0.173625, 0.167542, 0.171625, 0.2085, 0.17283300000000001, 0.171459, 0.17291600000000001, 0.175209, 0.17583400000000002]
vector_direct median_ms=0.174708 p90_ms=0.186334 min_ms=0.161250 max_error=1.185129e-5 samples_ms=[0.174708, 0.17875000000000002, 0.186334, 0.169208, 0.175625, 0.171834, 0.16124999999999998, 0.177083, 0.16504200000000002, 0.170708, 0.172541, 0.264083, 0.173416, 0.17862499999999998, 0.17304199999999997, 0.18116700000000002, 0.176458]
cooperative_dot median_ms=0.238083 p90_ms=0.285959 min_ms=0.232084 max_error=6.023862e-6 samples_ms=[0.239375, 0.23208399999999998, 0.24125000000000002, 0.23458299999999999, 0.233458, 0.2335, 0.24620799999999998, 0.232792, 0.238083, 0.237875, 0.285959, 0.302166, 0.25187499999999996, 0.236042, 0.238291, 0.241416, 0.235625]
production median_ms=0.172458 p90_ms=0.207291 min_ms=0.165667 max_error=1.185129e-5 samples_ms=[0.17075, 0.179, 0.17049999999999998, 0.17191700000000001, 0.166041, 0.165667, 0.16612500000000002, 0.1675, 0.179125, 0.166083, 0.207291, 0.196708, 0.182458, 0.29525, 0.172458, 0.176708, 0.173958]
shape=16,512,4096; readback_bytes=262144
baseline32 median_ms=0.302792 p90_ms=0.395167 min_ms=0.291500 max_error=1.253653e-5 samples_ms=[0.299709, 0.310792, 0.309708, 0.31629199999999996, 0.298958, 0.3075, 0.395167, 0.2915, 0.293375, 0.294166, 0.339833, 0.302042, 0.29375, 0.344375, 0.300375, 0.302792, 0.400292]
direct median_ms=0.271000 p90_ms=0.288959 min_ms=0.259000 max_error=1.253653e-5 samples_ms=[0.275791, 0.28895899999999997, 0.279042, 0.268542, 0.269375, 0.259, 0.283458, 0.26225, 0.267125, 0.269625, 0.285916, 0.272, 0.269875, 0.276625, 0.360833, 0.26545799999999997, 0.27099999999999996]
vector_direct median_ms=0.283041 p90_ms=0.304500 min_ms=0.271417 max_error=1.253653e-5 samples_ms=[0.285083, 0.29062499999999997, 0.33433300000000005, 0.27808299999999997, 0.3045, 0.27795800000000004, 0.300834, 0.28070900000000004, 0.27141699999999996, 0.295583, 0.288125, 0.280084, 0.283041, 0.276292, 0.287458, 0.27545800000000004, 0.279584]
cooperative_dot median_ms=0.721083 p90_ms=0.821750 min_ms=0.702541 max_error=5.296739e-6 samples_ms=[0.706667, 0.709417, 0.780625, 0.82175, 0.702541, 0.736333, 0.725125, 0.703, 0.768667, 0.76475, 0.705583, 0.705125, 0.717834, 0.726042, 0.706583, 0.7210829999999999, 0.828958]
production median_ms=0.306125 p90_ms=0.352083 min_ms=0.294583 max_error=1.253653e-5 samples_ms=[0.306542, 0.299625, 0.329708, 0.30333299999999996, 0.302167, 0.390334, 0.312083, 0.29512499999999997, 0.295833, 0.294583, 0.306125, 0.304459, 0.307333, 0.313708, 0.298875, 0.33675000000000005, 0.352083]
shape=65537,1,1; readback_bytes=262148
baseline32 median_ms=0.229833 p90_ms=0.304292 min_ms=0.212083 max_error=1.094999e-7 samples_ms=[0.21329199999999998, 0.214458, 0.21208300000000002, 0.21937500000000001, 0.304292, 0.281875, 0.2325, 0.216584, 0.22941699999999998, 0.28200000000000003, 0.243792, 0.236125, 0.227917, 0.229833, 0.21475, 0.251625, 0.32449999999999996]
direct median_ms=0.157416 p90_ms=0.181209 min_ms=0.140209 max_error=1.094999e-7 samples_ms=[0.143292, 0.143583, 0.140209, 0.18120899999999998, 0.14804099999999998, 0.157416, 0.158625, 0.14579099999999998, 0.148958, 0.171541, 0.166083, 0.152625, 0.158, 0.19645900000000002, 0.152333, 0.16899999999999998, 0.16674999999999998]
production median_ms=0.156459 p90_ms=0.251875 min_ms=0.140917 max_error=1.094999e-7 samples_ms=[0.146666, 0.154417, 0.14550000000000002, 0.153291, 0.16658299999999998, 0.1665, 0.154833, 0.14091700000000001, 0.156459, 0.168708, 0.15512499999999999, 0.16825, 0.17208400000000001, 0.315292, 0.150375, 0.17108299999999999, 0.25187499999999996]
shape=1,512,1; readback_bytes=4
baseline32 median_ms=0.209083 p90_ms=0.240250 min_ms=0.203417 max_error=2.290632e-7 samples_ms=[0.20675000000000002, 0.207292, 0.207125, 0.211208, 0.20858300000000002, 0.237875, 0.212709, 0.24025000000000002, 0.205292, 0.211459, 0.208375, 0.20341700000000001, 0.215417, 0.241125, 0.20675000000000002, 0.21258400000000002, 0.209083]
direct median_ms=0.158875 p90_ms=0.168250 min_ms=0.152041 max_error=2.290632e-7 samples_ms=[0.158542, 0.15795800000000002, 0.157167, 0.158875, 0.160583, 0.15720900000000002, 0.159792, 0.16825, 0.15345899999999998, 0.166209, 0.279667, 0.165417, 0.152041, 0.154334, 0.16820800000000002, 0.16, 0.158375]
cooperative_dot median_ms=0.110333 p90_ms=0.127667 min_ms=0.101042 max_error=3.734646e-6 samples_ms=[0.105083, 0.109708, 0.110333, 0.104792, 0.1065, 0.110334, 0.1275, 0.127667, 0.11429199999999999, 0.109125, 0.110625, 0.11299999999999999, 0.10104199999999999, 0.105667, 0.233125, 0.11237499999999999, 0.10804200000000001]
production median_ms=0.109125 p90_ms=0.116334 min_ms=0.103166 max_error=3.734646e-6 samples_ms=[0.108583, 0.107458, 0.11349999999999999, 0.111542, 0.108, 0.109042, 0.116334, 0.10875, 0.178334, 0.108792, 0.109125, 0.11275, 0.110042, 0.103166, 0.11620799999999999, 0.107709, 0.109916]
shape=8,256,8; readback_bytes=256
baseline32 median_ms=0.190792 p90_ms=0.212209 min_ms=0.185542 max_error=8.804311e-6 samples_ms=[0.196875, 0.194417, 0.187875, 0.189209, 0.187167, 0.19079200000000002, 0.18775, 0.18554199999999998, 0.195083, 0.186833, 0.23895899999999998, 0.21220899999999998, 0.192416, 0.1915, 0.188583, 0.195875, 0.185834]
direct median_ms=0.153750 p90_ms=0.162209 min_ms=0.149042 max_error=8.804311e-6 samples_ms=[0.158917, 0.15375, 0.151041, 0.155625, 0.15100000000000002, 0.15604099999999999, 0.150167, 0.158917, 0.149042, 0.151166, 0.252417, 0.162209, 0.155084, 0.151917, 0.150667, 0.151792, 0.155583]
vector_direct median_ms=0.155417 p90_ms=0.169209 min_ms=0.147625 max_error=8.804311e-6 samples_ms=[0.157333, 0.237458, 0.162167, 0.153834, 0.154333, 0.155417, 0.152833, 0.15045799999999998, 0.150083, 0.147625, 0.16354100000000002, 0.156834, 0.169209, 0.15304199999999998, 0.155416, 0.15625, 0.158458]
cooperative_dot median_ms=0.110958 p90_ms=0.150750 min_ms=0.105459 max_error=4.742581e-6 samples_ms=[0.108375, 0.110375, 0.111375, 0.108709, 0.110958, 0.111708, 0.111917, 0.105459, 0.15075, 0.108708, 0.115125, 0.11012499999999999, 0.107958, 0.12654100000000001, 0.166167, 0.115375, 0.106458]
production median_ms=0.111667 p90_ms=0.163625 min_ms=0.104958 max_error=4.742581e-6 samples_ms=[0.108291, 0.105666, 0.114833, 0.1095, 0.107833, 0.111958, 0.112708, 0.108125, 0.104958, 0.10516700000000001, 0.163625, 0.11479199999999999, 0.233792, 0.15170799999999998, 0.112459, 0.111667, 0.11029199999999999]
shape=16,256,16; readback_bytes=1024
baseline32 median_ms=0.197250 p90_ms=0.243916 min_ms=0.190417 max_error=1.989517e-5 samples_ms=[0.200709, 0.19366699999999998, 0.196333, 0.192958, 0.193375, 0.195542, 0.19141699999999998, 0.213375, 0.19791599999999998, 0.199292, 0.22379100000000002, 0.330333, 0.19666599999999998, 0.19725, 0.243916, 0.199791, 0.190417]
direct median_ms=0.170834 p90_ms=0.189125 min_ms=0.157125 max_error=1.989517e-5 samples_ms=[0.171292, 0.172791, 0.17304199999999997, 0.167333, 0.166625, 0.169958, 0.169625, 0.15712500000000001, 0.168875, 0.16825, 0.18912500000000002, 0.27849999999999997, 0.17083399999999999, 0.172875, 0.16841699999999998, 0.17633300000000002, 0.1805]
vector_direct median_ms=0.172750 p90_ms=0.185750 min_ms=0.168792 max_error=1.989517e-5 samples_ms=[0.168792, 0.17008299999999998, 0.169375, 0.171125, 0.17049999999999998, 0.170791, 0.170958, 0.17862499999999998, 0.173125, 0.171584, 0.17704099999999998, 0.185167, 0.203208, 0.17275, 0.18575, 0.176958, 0.181208]
cooperative_dot median_ms=0.108375 p90_ms=0.112041 min_ms=0.101084 max_error=9.556853e-6 samples_ms=[0.101084, 0.219417, 0.1035, 0.108875, 0.1065, 0.106375, 0.106709, 0.11075, 0.106, 0.107625, 0.108375, 0.110958, 0.109458, 0.10575, 0.109875, 0.11158399999999999, 0.11204099999999999]
production median_ms=0.108625 p90_ms=0.183667 min_ms=0.102250 max_error=9.556853e-6 samples_ms=[0.103125, 0.107291, 0.113917, 0.108625, 0.104125, 0.104875, 0.10225000000000001, 0.105292, 0.121791, 0.183667, 0.187167, 0.109958, 0.111959, 0.105917, 0.108333, 0.11637499999999999, 0.110833]
shape=32,256,32; readback_bytes=4096
baseline32 median_ms=0.220584 p90_ms=0.245708 min_ms=0.207417 max_error=2.755665e-5 samples_ms=[0.208375, 0.213042, 0.207417, 0.271167, 0.22058399999999997, 0.22145800000000002, 0.20925, 0.22062500000000002, 0.219041, 0.209292, 0.220666, 0.219083, 0.233875, 0.22233299999999998, 0.2195, 0.23666700000000002, 0.24570800000000004]
direct median_ms=0.180875 p90_ms=0.192208 min_ms=0.171125 max_error=2.755665e-5 samples_ms=[0.171125, 0.17425000000000002, 0.17225000000000001, 0.18212499999999998, 0.178292, 0.182583, 0.175833, 0.188083, 0.176959, 0.17975, 0.185916, 0.183542, 0.186334, 0.192208, 0.1795, 0.18087499999999998, 0.19683299999999998]
aligned32 median_ms=0.179125 p90_ms=0.185667 min_ms=0.171333 max_error=2.755665e-5 samples_ms=[0.17133299999999999, 0.175916, 0.17758300000000002, 0.182, 0.177834, 0.178334, 0.1775, 0.1835, 0.176666, 0.17770899999999998, 0.179125, 0.1945, 0.18425, 0.1855, 0.18212499999999998, 0.183833, 0.185667]
vector32 median_ms=0.152583 p90_ms=0.159875 min_ms=0.146541 max_error=2.755665e-5 samples_ms=[0.149083, 0.151291, 0.153583, 0.152583, 0.15320899999999998, 0.151583, 0.148875, 0.14754199999999998, 0.152292, 0.159875, 0.146541, 0.185667, 0.157417, 0.157667, 0.152542, 0.157542, 0.157583]
vector_direct median_ms=0.182458 p90_ms=0.313583 min_ms=0.176000 max_error=2.755665e-5 samples_ms=[0.177291, 0.179292, 0.181709, 0.29, 0.181291, 0.319291, 0.17658300000000002, 0.181667, 0.176, 0.182458, 0.18375, 0.208042, 0.313583, 0.184, 0.18450000000000003, 0.1835, 0.180792]
cooperative_dot median_ms=0.111042 p90_ms=0.197125 min_ms=0.103916 max_error=5.609394e-6 samples_ms=[0.103916, 0.105667, 0.104791, 0.25783300000000003, 0.106625, 0.111042, 0.10900000000000001, 0.12645800000000001, 0.197125, 0.114667, 0.111208, 0.116625, 0.12687500000000002, 0.111709, 0.106791, 0.110167, 0.108791]
production median_ms=0.111250 p90_ms=0.129917 min_ms=0.102708 max_error=5.609394e-6 samples_ms=[0.107042, 0.108708, 0.10270800000000001, 0.129917, 0.109541, 0.121334, 0.11124999999999999, 0.111708, 0.218417, 0.105417, 0.108209, 0.110208, 0.111583, 0.11558399999999999, 0.113833, 0.108541, 0.11425]
shape=32,1024,32; readback_bytes=4096
baseline32 median_ms=0.506625 p90_ms=0.512000 min_ms=0.483041 max_error=5.014258e-5 samples_ms=[0.518042, 0.511083, 0.512, 0.508667, 0.506333, 0.50975, 0.508709, 0.510958, 0.5009170000000001, 0.5087499999999999, 0.48895799999999995, 0.49362500000000004, 0.49895799999999996, 0.506625, 0.48304100000000005, 0.49362500000000004, 0.48666699999999996]
direct median_ms=0.384375 p90_ms=0.432166 min_ms=0.374250 max_error=5.014258e-5 samples_ms=[0.468708, 0.38554099999999997, 0.412667, 0.384375, 0.386709, 0.38316700000000004, 0.432166, 0.379417, 0.375917, 0.37425, 0.381334, 0.420583, 0.388583, 0.381458, 0.386708, 0.375292, 0.381916]
aligned32 median_ms=0.372875 p90_ms=0.378166 min_ms=0.358666 max_error=5.014258e-5 samples_ms=[0.378166, 0.37483299999999997, 0.374834, 0.373959, 0.358666, 0.372459, 0.485959, 0.371, 0.36804200000000004, 0.36570800000000003, 0.372875, 0.36845900000000004, 0.376542, 0.375625, 0.37304200000000004, 0.366792, 0.366208]
vector32 median_ms=0.262292 p90_ms=0.277250 min_ms=0.253750 max_error=5.014258e-5 samples_ms=[0.26725000000000004, 0.264209, 0.259208, 0.26537499999999997, 0.259959, 0.264041, 0.27725, 0.256667, 0.262917, 0.2595, 0.255791, 0.262292, 0.275208, 0.25925, 0.296333, 0.25375000000000003, 0.259166]
vector_direct median_ms=0.392625 p90_ms=0.403792 min_ms=0.377250 max_error=5.014258e-5 samples_ms=[0.39325, 0.396667, 0.403375, 0.37725, 0.397375, 0.39233399999999996, 0.390792, 0.520625, 0.392084, 0.382167, 0.381541, 0.392625, 0.39545800000000003, 0.38075000000000003, 0.403792, 0.396667, 0.38733300000000004]
cooperative_dot median_ms=0.120583 p90_ms=0.188666 min_ms=0.110917 max_error=8.071018e-6 samples_ms=[0.11558299999999999, 0.191042, 0.11766599999999999, 0.120583, 0.117125, 0.1185, 0.12975, 0.132375, 0.110917, 0.120041, 0.142416, 0.121167, 0.188666, 0.13525, 0.121375, 0.11887500000000001, 0.11524999999999999]
production median_ms=0.121125 p90_ms=0.188000 min_ms=0.110417 max_error=8.071018e-6 samples_ms=[0.12191700000000001, 0.139875, 0.121125, 0.122708, 0.11729200000000001, 0.117375, 0.1185, 0.12079200000000001, 0.110417, 0.16474999999999998, 0.188, 0.117167, 0.205125, 0.122875, 0.12224999999999998, 0.114167, 0.119541]
shape=16,2048,64; readback_bytes=4096
baseline32 median_ms=0.859166 p90_ms=0.881667 min_ms=0.794916 max_error=3.223114e-5 samples_ms=[0.8237500000000001, 0.794916, 0.814292, 0.849333, 0.870625, 0.85325, 0.8816670000000001, 0.860917, 0.867083, 0.8390420000000001, 0.860709, 0.859166, 0.8468749999999999, 0.8597910000000001, 0.9039999999999999, 0.84925, 0.86575]
direct median_ms=0.776083 p90_ms=0.810042 min_ms=0.701250 max_error=3.223114e-5 samples_ms=[0.7511249999999999, 0.70125, 0.783125, 0.8235830000000001, 0.748875, 0.7585, 0.776083, 0.755833, 0.8100419999999999, 0.774791, 0.804625, 0.7895000000000001, 0.788208, 0.780541, 0.7640830000000001, 0.752, 0.806167]
vector_direct median_ms=0.815625 p90_ms=0.901834 min_ms=0.733417 max_error=3.223114e-5 samples_ms=[0.7585839999999999, 0.733417, 0.800917, 0.8882500000000001, 0.855583, 1.030292, 0.79375, 0.8085, 0.8490000000000001, 0.848583, 0.815625, 0.901834, 0.819458, 0.80325, 0.814958, 0.8816670000000001, 0.80375]
cooperative_dot median_ms=0.175250 p90_ms=0.190083 min_ms=0.131125 max_error=1.418961e-5 samples_ms=[0.131125, 0.159875, 0.164, 0.1725, 0.191125, 0.190083, 0.17525000000000002, 0.1685, 0.176334, 0.174583, 0.16158399999999998, 0.18375, 0.17741600000000002, 0.17233400000000001, 0.17533300000000002, 0.179542, 0.181084]
production median_ms=0.164458 p90_ms=0.178833 min_ms=0.126375 max_error=1.418961e-5 samples_ms=[0.13245800000000002, 0.126375, 0.19941699999999998, 0.162334, 0.164458, 0.178833, 0.169666, 0.173084, 0.178375, 0.173667, 0.164292, 0.178333, 0.158291, 0.163625, 0.163209, 0.16175, 0.164958]
shape=64,256,64; readback_bytes=16384
baseline32 median_ms=0.215666 p90_ms=0.250083 min_ms=0.207250 max_error=1.140256e-5 samples_ms=[0.211, 0.214458, 0.215875, 0.20725, 0.216917, 0.21000000000000002, 0.207834, 0.21175, 0.215666, 0.23075, 0.214834, 0.219917, 0.213416, 0.310083, 0.222917, 0.235542, 0.250083]
direct median_ms=0.192750 p90_ms=0.204542 min_ms=0.182167 max_error=1.140256e-5 samples_ms=[0.182167, 0.189959, 0.245916, 0.18675, 0.188666, 0.186292, 0.1835, 0.19275, 0.18679199999999999, 0.19454100000000002, 0.197042, 0.202959, 0.196, 0.204542, 0.194333, 0.19233299999999998, 0.195709]
aligned32 median_ms=0.182791 p90_ms=0.250083 min_ms=0.174916 max_error=1.140256e-5 samples_ms=[0.202375, 0.183458, 0.181417, 0.17533300000000002, 0.178667, 0.178584, 0.179917, 0.193167, 0.17491600000000002, 0.297791, 0.18537499999999998, 0.18100000000000002, 0.179167, 0.202625, 0.18937500000000002, 0.250083, 0.18279099999999998]
vector32 median_ms=0.158292 p90_ms=0.175917 min_ms=0.148292 max_error=1.140256e-5 samples_ms=[0.175917, 0.15537499999999999, 0.153916, 0.25758299999999995, 0.155, 0.148292, 0.150459, 0.15829200000000002, 0.15670800000000001, 0.15975, 0.16370800000000002, 0.159959, 0.152, 0.163833, 0.167458, 0.169792, 0.15775]
vector_direct median_ms=0.195916 p90_ms=0.214292 min_ms=0.187333 max_error=1.140256e-5 samples_ms=[0.24658299999999997, 0.200459, 0.190333, 0.194417, 0.196333, 0.189875, 0.1915, 0.187333, 0.192167, 0.194208, 0.19558299999999998, 0.195916, 0.21429199999999998, 0.201375, 0.199917, 0.20658300000000002, 0.19820800000000002]
cooperative_dot median_ms=0.130583 p90_ms=0.140333 min_ms=0.125333 max_error=3.232810e-6 samples_ms=[0.245917, 0.136333, 0.128917, 0.12645800000000001, 0.127584, 0.12795800000000002, 0.139333, 0.125333, 0.129167, 0.140333, 0.130583, 0.12895800000000002, 0.133375, 0.13483399999999998, 0.136542, 0.13358399999999998, 0.128709]
production median_ms=0.159917 p90_ms=0.231458 min_ms=0.151167 max_error=1.140256e-5 samples_ms=[0.170209, 0.157208, 0.27425000000000005, 0.15116700000000002, 0.156834, 0.15812500000000002, 0.153375, 0.231458, 0.159917, 0.166625, 0.15670800000000001, 0.15425, 0.215875, 0.182916, 0.170625, 0.16316599999999998, 0.15975]
shape=8,2048,8; readback_bytes=256
baseline32 median_ms=0.674333 p90_ms=0.708208 min_ms=0.665167 max_error=3.742145e-5 samples_ms=[0.682542, 0.708208, 0.6778339999999999, 0.671917, 0.6651670000000001, 0.667333, 0.6797920000000001, 0.671959, 0.67, 0.6847500000000001, 0.674334, 0.671708, 0.672125, 0.6743330000000001, 0.677292, 0.670333, 0.724125]
direct median_ms=0.437500 p90_ms=0.458542 min_ms=0.430958 max_error=3.742145e-5 samples_ms=[0.440875, 0.43324999999999997, 0.437042, 0.435791, 0.439458, 0.430958, 0.442208, 0.437042, 0.43270800000000004, 0.436708, 0.47833400000000004, 0.438167, 0.431833, 0.44875, 0.446833, 0.458542, 0.4375]
vector_direct median_ms=0.455292 p90_ms=0.514791 min_ms=0.449166 max_error=3.742145e-5 samples_ms=[0.44949999999999996, 0.44916599999999995, 0.49716599999999994, 0.450459, 0.46066599999999996, 0.451083, 0.5193329999999999, 0.456125, 0.455292, 0.454042, 0.514791, 0.460708, 0.450917, 0.45845800000000003, 0.450417, 0.46537500000000004, 0.450833]
cooperative_dot median_ms=0.120042 p90_ms=0.209959 min_ms=0.110667 max_error=9.509688e-6 samples_ms=[0.111291, 0.112959, 0.128708, 0.120042, 0.121209, 0.111209, 0.201916, 0.11775000000000001, 0.11816600000000001, 0.112791, 0.20995899999999998, 0.120542, 0.230959, 0.11775000000000001, 0.110667, 0.163625, 0.123791]
production median_ms=0.118708 p90_ms=0.138708 min_ms=0.110917 max_error=9.509688e-6 samples_ms=[0.110917, 0.113375, 0.12237500000000001, 0.11395799999999999, 0.113458, 0.113292, 0.144458, 0.12670800000000002, 0.119125, 0.138708, 0.135, 0.116584, 0.12720900000000002, 0.11870800000000001, 0.1145, 0.124125, 0.11654099999999999]
