backend=metal; 4 warmups plus at least 250ms steady work, 17 rotated samples; each GPU path uses one recorded dispatch + full output readback + wait; setup/uploads excluded; independent f64 parity before timing; milliseconds; p90=nearest-rank
shape=32,32,32; readback_bytes=4096
baseline32 median_ms=0.190083 p90_ms=0.200958 min_ms=0.183417 max_error=3.825974e-6 samples_ms=[0.208375, 0.190833, 0.197209, 0.19225, 0.18729200000000001, 0.183625, 0.1895, 0.190083, 0.196375, 0.185625, 0.1835, 0.18654199999999999, 0.187, 0.194625, 0.183417, 0.191542, 0.200958]
direct median_ms=0.148667 p90_ms=0.171375 min_ms=0.131458 max_error=3.825974e-6 samples_ms=[0.143291, 0.149125, 0.148333, 0.14545899999999998, 0.171375, 0.144875, 0.16179200000000002, 0.164125, 0.148667, 0.148458, 0.148, 0.142958, 0.152375, 0.158833, 0.573292, 0.131458, 0.16124999999999998]
aligned32 median_ms=0.178750 p90_ms=0.234625 min_ms=0.163792 max_error=3.825974e-6 samples_ms=[0.172917, 0.258, 0.168625, 0.18437499999999998, 0.234625, 0.180917, 0.203708, 0.171292, 0.17875000000000002, 0.163792, 0.17175, 0.167959, 0.19737500000000002, 0.183833, 0.169291, 0.188458, 0.17475]
vector32 median_ms=0.160292 p90_ms=0.185542 min_ms=0.150917 max_error=3.825974e-6 samples_ms=[0.16525, 0.15812500000000002, 0.151916, 0.16262500000000002, 0.15787500000000002, 0.154208, 0.203625, 0.153833, 0.163459, 0.15525, 0.18554199999999998, 0.150917, 0.1625, 0.18087499999999998, 0.159416, 0.16141699999999998, 0.160292]
vector_direct median_ms=0.149500 p90_ms=0.190792 min_ms=0.140750 max_error=3.825974e-6 samples_ms=[0.144583, 0.144542, 0.14275, 0.1505, 0.146875, 0.151083, 0.20375, 0.14075000000000001, 0.16674999999999998, 0.1495, 0.14116700000000001, 0.14208400000000002, 0.146541, 0.19079200000000002, 0.164458, 0.152584, 0.160583]
cooperative_dot median_ms=0.131208 p90_ms=0.218167 min_ms=0.122542 max_error=2.473492e-6 samples_ms=[0.15062499999999998, 0.12704200000000002, 0.12525, 0.131167, 0.13120800000000002, 0.12812500000000002, 0.218167, 0.126417, 0.136458, 0.252417, 0.123833, 0.17775000000000002, 0.14200000000000002, 0.14737499999999998, 0.12254200000000001, 0.130417, 0.147959]
shape=64,64,64; readback_bytes=16384
baseline32 median_ms=0.247500 p90_ms=0.264584 min_ms=0.237000 max_error=6.282373e-6 samples_ms=[0.237, 0.292041, 0.24354199999999998, 0.245, 0.24383400000000002, 0.26054099999999997, 0.264584, 0.258666, 0.243792, 0.251542, 0.2475, 0.247291, 0.24625, 0.261417, 0.252291, 0.245042, 0.253542]
direct median_ms=0.198333 p90_ms=0.209542 min_ms=0.184875 max_error=6.282373e-6 samples_ms=[0.209542, 0.195, 0.196916, 0.203667, 0.199666, 0.22704100000000002, 0.198333, 0.2, 0.19616699999999998, 0.196083, 0.194, 0.196209, 0.193542, 0.199667, 0.184875, 0.202042, 0.206042]
aligned32 median_ms=0.223750 p90_ms=0.350916 min_ms=0.212041 max_error=6.282373e-6 samples_ms=[0.232333, 0.21725, 0.2255, 0.22008299999999997, 0.22375, 0.5909580000000001, 0.22625, 0.226917, 0.232875, 0.22037500000000002, 0.2125, 0.212041, 0.257667, 0.216875, 0.350916, 0.22304200000000002, 0.222292]
vector32 median_ms=0.203917 p90_ms=0.311083 min_ms=0.190375 max_error=6.282373e-6 samples_ms=[0.19037500000000002, 0.317, 0.205292, 0.203042, 0.208542, 0.207083, 0.20550000000000002, 0.311083, 0.204625, 0.203917, 0.190916, 0.192459, 0.22029100000000001, 0.196416, 0.199167, 0.194666, 0.19387500000000002]
vector_direct median_ms=0.203584 p90_ms=0.227042 min_ms=0.197500 max_error=6.282373e-6 samples_ms=[0.201625, 0.199958, 0.20625, 0.200583, 0.20274999999999999, 0.227042, 0.206083, 0.21895799999999999, 0.20620799999999997, 0.20358400000000001, 0.211125, 0.197708, 0.26891699999999996, 0.201292, 0.1975, 0.210709, 0.199875]
cooperative_dot median_ms=0.185750 p90_ms=0.205459 min_ms=0.173833 max_error=2.058619e-6 samples_ms=[0.18895800000000001, 0.205459, 0.178916, 0.173833, 0.17575, 0.195833, 0.189583, 0.188833, 0.185583, 0.182, 0.200791, 0.177667, 0.19808299999999998, 0.257542, 0.18575, 0.178958, 0.179334]
shape=127,259,193; readback_bytes=98044
baseline32 median_ms=0.544792 p90_ms=0.600625 min_ms=0.524666 max_error=1.328794e-5 samples_ms=[0.543875, 0.674542, 0.5639590000000001, 0.531625, 0.5269590000000001, 0.6006250000000001, 0.5393330000000001, 0.545625, 0.5460419999999999, 0.5246660000000001, 0.5681250000000001, 0.551667, 0.5364169999999999, 0.5447919999999999, 0.5271250000000001, 0.5452910000000001, 0.533458]
direct median_ms=0.383625 p90_ms=0.451583 min_ms=0.372375 max_error=1.328794e-5 samples_ms=[0.383625, 0.379125, 0.45158299999999996, 0.38095799999999996, 0.38412500000000005, 0.404, 0.400959, 0.380334, 0.38325000000000004, 0.376625, 0.372375, 0.41129099999999996, 0.378916, 0.398666, 0.813167, 0.372666, 0.398]
cooperative_dot median_ms=0.503209 p90_ms=0.570917 min_ms=0.480125 max_error=4.373103e-6 samples_ms=[0.505541, 0.489042, 0.508208, 0.49, 0.503209, 0.502458, 0.4975, 0.605125, 0.493334, 0.48012499999999997, 0.5037499999999999, 0.51625, 0.49487499999999995, 0.51725, 0.497583, 0.570917, 0.517417]
shape=255,129,63; readback_bytes=64260
baseline32 median_ms=0.362209 p90_ms=0.384167 min_ms=0.351041 max_error=1.379531e-5 samples_ms=[0.351041, 0.383625, 0.384167, 0.36075, 0.368833, 0.357041, 0.35758300000000004, 0.37575, 0.362209, 0.400916, 0.365542, 0.370334, 0.364292, 0.35724999999999996, 0.35375, 0.357416, 0.353209]
direct median_ms=0.265209 p90_ms=0.331875 min_ms=0.247875 max_error=1.379531e-5 samples_ms=[0.252834, 0.29100000000000004, 0.27349999999999997, 0.26491699999999996, 0.272042, 0.265209, 0.264375, 0.264291, 0.331875, 0.280875, 0.265833, 0.389583, 0.257375, 0.268959, 0.25004200000000004, 0.259959, 0.24787499999999998]
cooperative_dot median_ms=0.341625 p90_ms=0.401500 min_ms=0.324166 max_error=6.001628e-6 samples_ms=[0.33104100000000003, 0.341625, 0.355041, 0.394458, 0.4015, 0.339417, 0.339458, 0.8218340000000001, 0.342708, 0.347125, 0.34900000000000003, 0.357958, 0.334125, 0.324166, 0.330083, 0.327083, 0.337458]
shape=511,63,257; readback_bytes=525308
baseline32 median_ms=0.320500 p90_ms=0.330458 min_ms=0.309041 max_error=4.637852e-6 samples_ms=[0.326625, 0.320375, 0.330458, 0.326292, 0.315709, 0.32375, 0.332625, 0.32345799999999997, 0.3205, 0.309041, 0.313125, 0.327042, 0.310917, 0.309167, 0.32808400000000004, 0.312541, 0.309208]
direct median_ms=0.332458 p90_ms=0.348375 min_ms=0.317958 max_error=4.637852e-6 samples_ms=[0.3355, 0.33, 0.343875, 0.33225000000000005, 0.34, 0.43283299999999997, 0.348375, 0.34299999999999997, 0.332458, 0.330042, 0.331875, 0.317958, 0.330041, 0.334917, 0.332375, 0.33558299999999996, 0.32887500000000003]
shape=256,256,256; readback_bytes=262144
baseline32 median_ms=0.311333 p90_ms=0.390458 min_ms=0.269792 max_error=1.958483e-5 samples_ms=[0.27962499999999996, 0.269792, 0.289417, 0.31625000000000003, 0.396125, 0.2915, 0.292, 0.32345799999999997, 0.278625, 0.287833, 0.315667, 0.311333, 0.32025, 0.39045799999999997, 0.306708, 0.313125, 0.34620799999999996]
direct median_ms=0.280459 p90_ms=0.292250 min_ms=0.242834 max_error=1.958483e-5 samples_ms=[0.272, 0.24283400000000002, 0.372458, 0.29224999999999995, 0.26425, 0.290792, 0.260042, 0.291375, 0.274042, 0.264709, 0.28412499999999996, 0.288458, 0.290542, 0.280459, 0.277916, 0.27995800000000004, 0.28591700000000003]
aligned32 median_ms=0.257792 p90_ms=0.273166 min_ms=0.227375 max_error=1.958483e-5 samples_ms=[0.245083, 0.22737500000000002, 0.234958, 0.263042, 0.254333, 0.251208, 0.25145799999999996, 0.257792, 0.26895800000000003, 0.24449999999999997, 0.268625, 0.270667, 0.265208, 0.251625, 0.27316599999999996, 0.273333, 0.270208]
vector32 median_ms=0.226541 p90_ms=0.291167 min_ms=0.205292 max_error=1.958483e-5 samples_ms=[0.211917, 0.205292, 0.211625, 0.23133299999999998, 0.226541, 0.291375, 0.224834, 0.219084, 0.230625, 0.22387500000000002, 0.235291, 0.230459, 0.291167, 0.22008299999999997, 0.228125, 0.22179200000000002, 0.234458]
vector_direct median_ms=0.259125 p90_ms=0.274792 min_ms=0.231667 max_error=1.958483e-5 samples_ms=[0.271625, 0.235084, 0.23166699999999998, 0.2505, 0.263416, 0.25912500000000005, 0.251708, 0.269959, 0.26699999999999996, 0.258583, 0.25041599999999997, 0.27337500000000003, 0.38804099999999997, 0.257, 0.25825000000000004, 0.271167, 0.274792]
cooperative_dot median_ms=0.570208 p90_ms=0.804709 min_ms=0.504042 max_error=4.375750e-6 samples_ms=[0.506292, 0.697916, 0.504042, 0.637666, 0.813625, 0.517792, 0.6605, 0.804709, 0.560667, 0.536166, 0.510833, 0.603667, 0.570208, 0.5162909999999999, 0.558791, 0.592125, 0.595083]
shape=512,512,512; readback_bytes=1048576
baseline32 median_ms=0.714708 p90_ms=0.994917 min_ms=0.648208 max_error=1.470935e-5 samples_ms=[0.6515839999999999, 0.9566250000000001, 1.1793339999999999, 0.9949169999999999, 0.656875, 0.652792, 0.648208, 0.965583, 0.9940420000000001, 0.714708, 0.704792, 0.6655, 0.756708, 0.679208, 0.839083, 0.7936249999999999, 0.666459]
direct median_ms=1.422417 p90_ms=2.303667 min_ms=1.338208 max_error=1.470935e-5 samples_ms=[1.350125, 2.391333, 1.407916, 2.0877090000000003, 2.303667, 1.353791, 2.2565, 1.6201670000000001, 1.370708, 1.338208, 1.359292, 1.82375, 1.806459, 1.422417, 1.709791, 1.390917, 1.359958]
aligned32 median_ms=0.636458 p90_ms=0.969750 min_ms=0.569875 max_error=1.470935e-5 samples_ms=[0.702417, 0.636458, 0.794875, 0.60275, 0.8214579999999999, 0.5722499999999999, 0.96975, 0.8319580000000001, 0.5698749999999999, 0.81425, 0.577417, 0.653041, 0.570166, 0.608, 0.605916, 0.9851669999999999, 0.593791]
vector32 median_ms=0.574833 p90_ms=0.755708 min_ms=0.528917 max_error=1.470935e-5 samples_ms=[0.748167, 0.54725, 0.774875, 0.564292, 0.755708, 0.5507500000000001, 0.636084, 0.755, 0.578, 0.6479170000000001, 0.5469999999999999, 0.5343330000000001, 0.567833, 0.528917, 0.599375, 0.570084, 0.5748329999999999]
vector_direct median_ms=0.774875 p90_ms=1.262250 min_ms=0.716458 max_error=1.470935e-5 samples_ms=[1.096333, 0.7747080000000001, 1.1391660000000001, 1.1837499999999999, 0.743084, 1.12225, 0.716458, 1.359083, 1.2622499999999999, 0.802292, 0.745584, 0.736083, 0.736375, 0.75, 0.869208, 0.774875, 0.751958]
shape=1024,1024,1024; readback_bytes=4194304
baseline32 median_ms=1.886084 p90_ms=2.274584 min_ms=1.630500 max_error=3.159918e-5 samples_ms=[1.71575, 1.8860839999999999, 2.2456669999999996, 2.1401250000000003, 1.889084, 1.6849580000000002, 1.671417, 1.834542, 2.267916, 1.6305, 1.7400829999999998, 2.158458, 2.226167, 2.274584, 1.730208, 1.65675, 2.311625]
direct median_ms=4.295875 p90_ms=4.399375 min_ms=3.832625 max_error=3.159918e-5 samples_ms=[4.304125, 4.318041, 3.886541, 3.8406249999999997, 4.520125, 3.832625, 4.379667, 4.281041999999999, 4.3795839999999995, 4.324708, 3.914875, 3.886125, 4.3014589999999995, 4.399375, 4.2958750000000006, 3.92075, 3.932333]
aligned32 median_ms=1.887208 p90_ms=1.997709 min_ms=1.456500 max_error=3.159918e-5 samples_ms=[1.9120000000000001, 1.48025, 1.931542, 1.9315, 1.997709, 1.5845, 1.887208, 1.652709, 1.929292, 1.4565, 1.549458, 1.5935409999999999, 1.476291, 2.121792, 1.472375, 1.901583, 1.977333]
vector32 median_ms=1.792750 p90_ms=1.905333 min_ms=1.334166 max_error=3.159918e-5 samples_ms=[1.4162919999999999, 1.334166, 1.909125, 1.846458, 1.7878340000000001, 1.395667, 1.905333, 1.4072500000000001, 1.414458, 1.901958, 1.83775, 1.4285, 1.826458, 1.861042, 1.44275, 1.79275, 1.8490419999999999]
vector_direct median_ms=2.579625 p90_ms=2.960875 min_ms=2.378167 max_error=3.159918e-5 samples_ms=[2.441125, 2.4234999999999998, 2.510542, 2.426542, 2.8105, 2.869375, 2.4139169999999996, 2.4034579999999997, 2.9635, 2.378167, 2.825584, 2.8451660000000003, 2.626041, 2.749542, 2.515917, 2.960875, 2.579625]
shape=256,1024,256; readback_bytes=262144
baseline32 median_ms=0.511750 p90_ms=0.541084 min_ms=0.493042 max_error=2.382175e-5 samples_ms=[0.509, 0.5273749999999999, 0.541084, 0.51175, 0.49675, 0.49708399999999997, 0.510166, 0.630541, 0.521875, 0.513666, 0.493042, 0.49675, 0.516708, 0.515625, 0.511084, 0.519584, 0.511583]
direct median_ms=0.440375 p90_ms=0.456792 min_ms=0.414458 max_error=2.382175e-5 samples_ms=[0.433625, 0.416625, 0.440375, 0.443834, 0.414458, 0.43895799999999996, 0.442417, 0.473667, 0.438625, 0.419958, 0.443292, 0.45225000000000004, 0.446833, 0.45679200000000003, 0.43512500000000004, 0.433542, 0.447917]
aligned32 median_ms=0.408583 p90_ms=0.459875 min_ms=0.384667 max_error=2.382175e-5 samples_ms=[0.395334, 0.459708, 0.412583, 0.418875, 0.389167, 0.40858300000000003, 0.459875, 0.413917, 0.41145899999999996, 0.39762499999999995, 0.402584, 0.410125, 0.399917, 0.398042, 0.384667, 0.38475, 0.462334]
vector32 median_ms=0.332084 p90_ms=0.344208 min_ms=0.313209 max_error=2.382175e-5 samples_ms=[0.320291, 0.32525000000000004, 0.34420799999999996, 0.338084, 0.332917, 0.33087500000000003, 0.343833, 0.347458, 0.334666, 0.32533300000000004, 0.313209, 0.319334, 0.332834, 0.324167, 0.314667, 0.332084, 0.342209]
vector_direct median_ms=0.466084 p90_ms=0.493042 min_ms=0.445417 max_error=2.382175e-5 samples_ms=[0.467708, 0.473167, 0.47875, 0.46254199999999995, 0.475041, 0.451709, 0.469167, 0.466084, 0.468458, 0.463625, 0.505, 0.448459, 0.452125, 0.445417, 0.462708, 0.464458, 0.493042]
cooperative_dot median_ms=1.172083 p90_ms=1.264666 min_ms=1.145458 max_error=8.069215e-6 samples_ms=[1.264666, 1.145458, 1.206125, 1.160458, 1.169167, 1.22025, 1.171, 1.177584, 1.1568749999999999, 1.172083, 1.1614170000000001, 1.162833, 1.179916, 1.203834, 1.170291, 1.325667, 1.178958]
shape=1024,64,256; readback_bytes=1048576
baseline32 median_ms=0.412625 p90_ms=0.446625 min_ms=0.381500 max_error=5.210029e-6 samples_ms=[0.415042, 0.419958, 0.431292, 0.40499999999999997, 0.42616699999999996, 0.39345800000000003, 0.419083, 0.410958, 0.3815, 0.404917, 0.404833, 0.412625, 0.40087500000000004, 0.39837500000000003, 0.415792, 0.446625, 0.46933400000000003]
direct median_ms=0.550000 p90_ms=0.612542 min_ms=0.519625 max_error=5.210029e-6 samples_ms=[0.544125, 0.529375, 0.590167, 0.56225, 0.523417, 0.612542, 0.632, 0.534667, 0.519625, 0.566542, 0.5761670000000001, 0.5814159999999999, 0.5393330000000001, 0.5650409999999999, 0.5305000000000001, 0.55, 0.545708]
aligned32 median_ms=0.396500 p90_ms=0.447625 min_ms=0.352375 max_error=5.210029e-6 samples_ms=[0.40141699999999997, 0.390958, 0.406583, 0.39154100000000003, 0.352375, 0.38983300000000004, 0.402708, 0.424, 0.372375, 0.447625, 0.455834, 0.367958, 0.359458, 0.416292, 0.39670900000000003, 0.377291, 0.39649999999999996]
vector32 median_ms=0.380208 p90_ms=0.421959 min_ms=0.347250 max_error=5.210029e-6 samples_ms=[0.395083, 0.363875, 0.380208, 0.381959, 0.34858300000000003, 0.390125, 0.374042, 0.42195900000000003, 0.360875, 0.4115, 0.42250000000000004, 0.34725, 0.353375, 0.35758300000000004, 0.403167, 0.378916, 0.388]
vector_direct median_ms=0.438042 p90_ms=0.509583 min_ms=0.403458 max_error=5.210029e-6 samples_ms=[0.42779100000000003, 0.42475, 0.43720800000000004, 0.465708, 0.45033300000000004, 0.47579099999999996, 0.438042, 0.513875, 0.403458, 0.408875, 0.461375, 0.409416, 0.422875, 0.42424999999999996, 0.482667, 0.497208, 0.509583]
shape=4096,256,32; readback_bytes=524288
baseline32 median_ms=0.585875 p90_ms=0.747750 min_ms=0.551750 max_error=2.870018e-5 samples_ms=[0.5828749999999999, 0.565875, 0.620167, 0.580125, 0.569708, 0.590708, 0.5569999999999999, 0.5892090000000001, 0.6751250000000001, 0.5517500000000001, 0.562208, 0.585875, 0.7717499999999999, 0.575917, 0.74775, 0.5956670000000001, 0.690167]
direct median_ms=0.730875 p90_ms=0.779792 min_ms=0.684333 max_error=2.870018e-5 samples_ms=[0.718041, 0.711417, 0.743208, 0.732125, 0.705833, 0.767875, 0.6939169999999999, 0.797958, 0.709416, 0.747416, 0.768208, 0.7242919999999999, 0.7797919999999999, 0.684333, 0.765875, 0.7308749999999999, 0.69975]
aligned32 median_ms=0.479167 p90_ms=0.548750 min_ms=0.455041 max_error=2.870018e-5 samples_ms=[0.54875, 0.46712499999999996, 0.473792, 0.479167, 0.515917, 0.483542, 0.459833, 0.941458, 0.47733299999999995, 0.48908399999999996, 0.466958, 0.513042, 0.5267499999999999, 0.475209, 0.505125, 0.468667, 0.455041]
vector32 median_ms=0.418625 p90_ms=0.545708 min_ms=0.385125 max_error=2.870018e-5 samples_ms=[0.49129100000000003, 0.545708, 0.418625, 0.579083, 0.446041, 0.41604199999999997, 0.385125, 0.494834, 0.43541599999999997, 0.42583299999999996, 0.399208, 0.40466599999999997, 0.40558299999999997, 0.41825, 0.416333, 0.39787500000000003, 0.43687499999999996]
vector_direct median_ms=0.465833 p90_ms=0.590416 min_ms=0.451458 max_error=2.870018e-5 samples_ms=[0.477709, 0.4545, 0.479333, 0.46329200000000004, 0.49624999999999997, 0.454042, 0.451458, 0.5904159999999999, 0.47125, 0.468459, 0.46383399999999997, 0.46429099999999995, 0.465833, 0.47575, 0.455834, 0.453458, 0.7698750000000001]
shape=4096,16,16; readback_bytes=262144
baseline32 median_ms=0.251125 p90_ms=0.305917 min_ms=0.220708 max_error=2.509834e-6 samples_ms=[0.28391700000000003, 0.23154100000000002, 0.234083, 0.305917, 0.252333, 0.246792, 0.241792, 0.300541, 0.220708, 0.236167, 0.262959, 0.243625, 0.315166, 0.261916, 0.25616700000000003, 0.251125, 0.24075]
direct median_ms=0.199125 p90_ms=0.231458 min_ms=0.187125 max_error=2.509834e-6 samples_ms=[0.197291, 0.19349999999999998, 0.198958, 0.218416, 0.187125, 0.202458, 0.209125, 0.229, 0.200708, 0.198875, 0.197083, 0.199125, 0.276375, 0.231458, 0.195542, 0.199958, 0.196375]
vector_direct median_ms=0.193042 p90_ms=0.269375 min_ms=0.179167 max_error=2.509834e-6 samples_ms=[0.31541600000000003, 0.180917, 0.188, 0.21629099999999998, 0.20049999999999998, 0.18812500000000001, 0.191084, 0.186958, 0.244125, 0.269375, 0.179167, 0.18720799999999999, 0.21445899999999998, 0.19304200000000002, 0.206875, 0.197625, 0.185]
cooperative_dot median_ms=0.883000 p90_ms=1.122542 min_ms=0.868334 max_error=1.139821e-6 samples_ms=[0.879666, 0.868334, 0.8727919999999999, 1.369, 0.938667, 1.122542, 0.877917, 0.883, 0.885917, 0.8720000000000001, 0.87075, 0.872583, 0.959292, 0.9236249999999999, 1.1094169999999999, 0.880708, 0.9403750000000001]
shape=4096,256,8; readback_bytes=131072
baseline32 median_ms=0.544459 p90_ms=0.580959 min_ms=0.526042 max_error=1.185129e-5 samples_ms=[0.547416, 0.5425, 0.539041, 0.5444589999999999, 0.580959, 0.55625, 0.543208, 0.544833, 0.564958, 0.549334, 0.542334, 0.634792, 0.5337919999999999, 0.54075, 0.538417, 0.526042, 0.5600419999999999]
direct median_ms=0.379250 p90_ms=0.446667 min_ms=0.360333 max_error=1.185129e-5 samples_ms=[0.38816700000000004, 0.405333, 0.368417, 0.373333, 0.37658400000000003, 0.37429199999999996, 0.392583, 0.501084, 0.413333, 0.392084, 0.375542, 0.446667, 0.362209, 0.423792, 0.37925, 0.36320800000000003, 0.360333]
vector_direct median_ms=0.366084 p90_ms=0.452625 min_ms=0.348875 max_error=1.185129e-5 samples_ms=[0.35225, 0.452625, 0.36608399999999996, 0.691875, 0.355917, 0.389708, 0.37108300000000005, 0.38537499999999997, 0.386333, 0.364459, 0.37012500000000004, 0.36166600000000004, 0.35341700000000004, 0.358958, 0.355334, 0.377416, 0.348875]
cooperative_dot median_ms=0.617833 p90_ms=0.627208 min_ms=0.598834 max_error=6.023862e-6 samples_ms=[0.615792, 0.637583, 0.618208, 0.610375, 0.621959, 0.626625, 0.624709, 0.626541, 0.627208, 0.624041, 0.607375, 0.598834, 0.615875, 0.608791, 0.605958, 0.6178330000000001, 0.602209]
shape=16,512,4096; readback_bytes=262144
baseline32 median_ms=0.541333 p90_ms=0.593375 min_ms=0.464000 max_error=1.253653e-5 samples_ms=[0.5375840000000001, 0.464, 0.5657089999999999, 0.569416, 0.479917, 0.541333, 0.5335, 0.5933750000000001, 0.551709, 0.533458, 0.579875, 0.478292, 0.517958, 0.588125, 0.5289999999999999, 0.682125, 0.542083]
direct median_ms=0.553833 p90_ms=0.591541 min_ms=0.447125 max_error=1.253653e-5 samples_ms=[0.550167, 0.447125, 0.555333, 0.486375, 0.459833, 0.539209, 0.579875, 0.591541, 0.5582919999999999, 0.46495800000000004, 0.567875, 0.560458, 0.596, 0.570166, 0.548458, 0.488375, 0.553833]
vector_direct median_ms=0.474667 p90_ms=0.546709 min_ms=0.413292 max_error=1.253653e-5 samples_ms=[0.4345, 0.413292, 0.43150000000000005, 0.504458, 0.429416, 0.48325, 0.44129199999999996, 0.476833, 0.505959, 0.432083, 0.474667, 0.44025, 0.465958, 0.708125, 0.543167, 0.48987499999999995, 0.546709]
cooperative_dot median_ms=1.544708 p90_ms=1.841875 min_ms=1.215667 max_error=5.296739e-6 samples_ms=[1.2156669999999998, 1.237875, 1.78075, 1.3807909999999999, 1.92925, 1.4961659999999999, 1.5447080000000002, 1.841875, 1.243084, 1.7442499999999999, 1.714542, 1.484792, 1.489083, 1.669291, 1.82175, 1.480333, 1.59925]
shape=65537,1,1; readback_bytes=262148
baseline32 median_ms=0.506084 p90_ms=0.525292 min_ms=0.492459 max_error=1.094999e-7 samples_ms=[0.509333, 0.504916, 0.498541, 0.503875, 0.5167499999999999, 0.498125, 0.506084, 0.510791, 0.509167, 0.512, 0.553875, 0.505834, 0.5037499999999999, 0.5171250000000001, 0.525292, 0.502333, 0.492459]
direct median_ms=0.204083 p90_ms=0.251875 min_ms=0.190083 max_error=1.094999e-7 samples_ms=[0.207125, 0.201542, 0.190875, 0.190083, 0.21375, 0.197667, 0.190416, 0.191958, 0.195792, 0.19675, 0.400125, 0.21870900000000001, 0.20408300000000001, 0.22058399999999997, 0.25187499999999996, 0.209042, 0.20650000000000002]
shape=1,512,1; readback_bytes=4
baseline32 median_ms=0.593083 p90_ms=0.659542 min_ms=0.468041 max_error=2.290632e-7 samples_ms=[0.468041, 0.5761670000000001, 0.5867920000000001, 0.873, 0.6032500000000001, 0.5865, 0.587334, 0.594041, 0.586417, 0.6595420000000001, 0.585, 0.6523329999999999, 0.593083, 0.603375, 0.600084, 0.5861249999999999, 0.602125]
direct median_ms=0.361666 p90_ms=0.386208 min_ms=0.347250 max_error=2.290632e-7 samples_ms=[0.354958, 0.34900000000000003, 0.355875, 0.37712500000000004, 0.371542, 0.374917, 0.35812499999999997, 0.354834, 0.34725, 0.376125, 0.352958, 0.36166600000000004, 0.3535, 0.363958, 0.515458, 0.366875, 0.38620800000000005]
cooperative_dot median_ms=0.160708 p90_ms=0.182042 min_ms=0.146542 max_error=3.734646e-6 samples_ms=[0.155792, 0.146916, 0.146542, 0.166291, 0.17241700000000001, 0.18204199999999998, 0.161583, 0.15079199999999998, 0.155291, 0.161916, 0.155291, 0.160708, 0.183875, 0.163833, 0.171459, 0.160417, 0.16037500000000002]
shape=8,256,8; readback_bytes=256
baseline32 median_ms=0.471083 p90_ms=0.520625 min_ms=0.456750 max_error=8.804311e-6 samples_ms=[0.458625, 0.47108300000000003, 0.472, 0.523542, 0.472042, 0.46141699999999997, 0.45675, 0.459917, 0.461208, 0.520625, 0.46341699999999997, 0.474542, 0.47195800000000004, 0.45816599999999996, 0.4745, 0.5205000000000001, 0.466042]
direct median_ms=0.320500 p90_ms=0.523125 min_ms=0.303375 max_error=8.804311e-6 samples_ms=[0.3205, 0.64375, 0.336042, 0.346916, 0.313166, 0.433833, 0.313709, 0.303375, 0.3055, 0.38766700000000004, 0.3095, 0.3165, 0.316416, 0.5231250000000001, 0.362958, 0.321666, 0.315958]
vector_direct median_ms=0.325375 p90_ms=0.345041 min_ms=0.311750 max_error=8.804311e-6 samples_ms=[0.32283300000000004, 0.344708, 0.321792, 0.345041, 0.328125, 0.333625, 0.320708, 0.31175, 0.32137499999999997, 1.034541, 0.330083, 0.327792, 0.32, 0.32425, 0.320042, 0.32537499999999997, 0.333333]
cooperative_dot median_ms=0.169000 p90_ms=0.306667 min_ms=0.147125 max_error=4.742581e-6 samples_ms=[0.204625, 0.16899999999999998, 0.16612500000000002, 0.24329199999999998, 0.159834, 0.157083, 0.147125, 0.155916, 0.149334, 0.194, 0.17408300000000002, 0.253167, 0.199875, 0.163959, 0.150667, 0.564542, 0.306667]
shape=16,256,16; readback_bytes=1024
baseline32 median_ms=0.497666 p90_ms=0.860959 min_ms=0.480917 max_error=1.989517e-5 samples_ms=[0.489375, 0.480917, 0.497666, 0.5140830000000001, 0.860959, 0.499125, 0.48845900000000003, 0.506209, 0.49200000000000005, 0.4875, 0.502042, 0.493667, 0.487667, 0.5008750000000001, 0.49754200000000004, 0.997209, 0.530333]
direct median_ms=0.393917 p90_ms=0.440125 min_ms=0.376584 max_error=1.989517e-5 samples_ms=[0.488167, 0.406583, 0.37658400000000003, 0.440125, 0.41562499999999997, 0.397375, 0.429, 0.38525000000000004, 0.377375, 0.40325, 0.39175, 0.38995799999999997, 0.38275, 0.37887499999999996, 0.39391699999999996, 0.419292, 0.383916]
vector_direct median_ms=0.406833 p90_ms=0.497542 min_ms=0.381791 max_error=1.989517e-5 samples_ms=[0.49754200000000004, 0.447375, 0.406833, 0.4545, 0.41625, 0.52625, 0.398125, 0.407875, 0.390709, 0.413292, 0.41770799999999997, 0.395583, 0.39525, 0.390542, 0.39441699999999996, 0.392291, 0.381791]
cooperative_dot median_ms=0.169125 p90_ms=0.241458 min_ms=0.148000 max_error=9.556853e-6 samples_ms=[0.241458, 0.21437499999999998, 0.15437499999999998, 0.17016599999999998, 0.162916, 0.17516600000000002, 0.158083, 0.53825, 0.171, 0.158833, 0.169125, 0.15845900000000002, 0.16470800000000002, 0.16262500000000002, 0.175375, 0.172125, 0.148]
shape=32,256,32; readback_bytes=4096
baseline32 median_ms=0.542666 p90_ms=0.629250 min_ms=0.522375 max_error=2.755665e-5 samples_ms=[0.5451250000000001, 0.6292500000000001, 0.532667, 0.522375, 0.533959, 0.535916, 0.535709, 0.5460830000000001, 0.5403749999999999, 0.542292, 0.628917, 0.545041, 0.5395000000000001, 0.542666, 0.550166, 0.543833, 0.6374580000000001]
direct median_ms=0.393208 p90_ms=0.417083 min_ms=0.383458 max_error=2.755665e-5 samples_ms=[0.402166, 0.39175, 0.393208, 0.38345799999999997, 0.397042, 0.39399999999999996, 0.39179200000000003, 0.386708, 0.390208, 0.390666, 0.417083, 0.439542, 0.403583, 0.399667, 0.391125, 0.391208, 0.397417]
aligned32 median_ms=0.418916 p90_ms=0.440250 min_ms=0.412292 max_error=2.755665e-5 samples_ms=[0.41320799999999996, 0.4195, 0.419625, 0.412584, 0.422, 0.48708399999999996, 0.4165, 0.416334, 0.44025, 0.412417, 0.43074999999999997, 0.43312500000000004, 0.43033299999999997, 0.412292, 0.418916, 0.41875, 0.41554199999999997]
vector32 median_ms=0.333458 p90_ms=0.357334 min_ms=0.323125 max_error=2.755665e-5 samples_ms=[0.341458, 0.357334, 0.330916, 0.334417, 0.323125, 0.333125, 0.332333, 0.33270799999999995, 0.3585, 0.33345800000000003, 0.328125, 0.344584, 0.335959, 0.337, 0.345542, 0.330542, 0.332458]
vector_direct median_ms=0.411417 p90_ms=0.423000 min_ms=0.391250 max_error=2.755665e-5 samples_ms=[0.423, 0.411666, 0.400542, 0.410667, 0.39125, 0.412958, 0.45587500000000003, 0.400125, 0.42195900000000003, 0.411917, 0.41141700000000003, 0.414708, 0.412625, 0.40808300000000003, 0.409291, 0.404584, 0.409583]
cooperative_dot median_ms=0.169209 p90_ms=0.175791 min_ms=0.151958 max_error=5.609394e-6 samples_ms=[0.175791, 0.151958, 0.160584, 0.15954200000000002, 0.170042, 0.173125, 0.169209, 0.160167, 0.172875, 0.17200000000000001, 0.166709, 0.174084, 0.183917, 0.164208, 0.16991599999999998, 0.164625, 0.166792]
shape=32,1024,32; readback_bytes=4096
baseline32 median_ms=0.976958 p90_ms=1.109542 min_ms=0.806959 max_error=5.014258e-5 samples_ms=[0.8548749999999999, 0.806959, 0.8366250000000001, 0.970041, 1.0026659999999998, 0.93675, 0.968125, 0.9786249999999999, 0.9864999999999999, 0.838542, 0.9945830000000001, 0.99175, 0.9897910000000001, 1.109542, 0.97075, 0.976958, 1.150416]
direct median_ms=0.689584 p90_ms=0.727500 min_ms=0.593375 max_error=5.014258e-5 samples_ms=[0.689584, 0.682125, 0.672459, 0.69675, 0.5933750000000001, 0.652667, 0.696416, 0.593834, 0.736417, 0.6619160000000001, 0.71725, 0.7274999999999999, 0.7050420000000001, 0.691584, 0.684458, 0.683208, 0.696542]
aligned32 median_ms=0.699667 p90_ms=0.859750 min_ms=0.599000 max_error=5.014258e-5 samples_ms=[0.85975, 0.6996669999999999, 0.646083, 0.7125, 0.599, 0.697625, 0.716916, 0.607833, 0.71325, 0.693833, 0.718042, 0.6473749999999999, 0.878417, 0.691666, 0.6985, 0.7140420000000001, 0.708125]
vector32 median_ms=0.511208 p90_ms=0.521292 min_ms=0.420750 max_error=5.014258e-5 samples_ms=[0.516834, 0.5190830000000001, 0.45325, 0.512333, 0.42075, 0.495166, 0.430417, 0.508959, 0.511208, 0.5116660000000001, 0.594625, 0.451708, 0.521292, 0.50225, 0.512541, 0.487834, 0.511875]
vector_direct median_ms=0.716917 p90_ms=0.784416 min_ms=0.617792 max_error=5.014258e-5 samples_ms=[0.6953750000000001, 0.72775, 0.6377499999999999, 0.720958, 0.784416, 0.715583, 0.617792, 0.6832090000000001, 0.726375, 0.6535, 0.734292, 0.719584, 0.7169169999999999, 0.735167, 0.714875, 0.7075, 0.8565419999999999]
cooperative_dot median_ms=0.168000 p90_ms=0.246167 min_ms=0.156958 max_error=8.071018e-6 samples_ms=[0.16441599999999998, 0.246167, 0.17616600000000002, 0.161833, 0.22170800000000002, 0.25429199999999996, 0.1625, 0.16799999999999998, 0.177042, 0.16466699999999998, 0.181333, 0.18637499999999999, 0.159833, 0.16404200000000002, 0.15695800000000001, 0.164208, 0.195708]
shape=16,2048,64; readback_bytes=4096
baseline32 median_ms=0.840083 p90_ms=0.896167 min_ms=0.814000 max_error=3.223114e-5 samples_ms=[0.849333, 0.848875, 0.8450000000000001, 0.932708, 0.896167, 0.820916, 0.840083, 0.829292, 0.8140000000000001, 0.8235830000000001, 0.818334, 0.848, 0.86675, 0.833083, 0.8507910000000001, 0.815666, 0.836208]
direct median_ms=0.756208 p90_ms=0.764917 min_ms=0.700583 max_error=3.223114e-5 samples_ms=[0.7649170000000001, 0.758916, 0.764833, 0.757375, 0.7545419999999999, 0.7576250000000001, 0.759583, 0.755125, 0.736958, 0.73775, 0.756208, 0.7944169999999999, 0.736833, 0.749916, 0.748167, 0.700583, 0.7627499999999999]
vector_direct median_ms=0.784125 p90_ms=0.830250 min_ms=0.761959 max_error=3.223114e-5 samples_ms=[0.784125, 0.7829170000000001, 0.83025, 0.7822079999999999, 0.786041, 0.76425, 0.763833, 0.777166, 0.793417, 0.841125, 0.76575, 0.7619589999999999, 0.7707499999999999, 0.785875, 0.786083, 0.7920419999999999, 0.7995]
cooperative_dot median_ms=0.170125 p90_ms=0.191083 min_ms=0.151958 max_error=1.418961e-5 samples_ms=[0.173667, 0.163292, 0.162958, 0.167792, 0.184791, 0.16037500000000002, 0.25583399999999995, 0.17845799999999998, 0.170125, 0.15875, 0.151958, 0.172625, 0.17008299999999998, 0.183708, 0.187875, 0.158625, 0.191083]
shape=64,256,64; readback_bytes=16384
baseline32 median_ms=0.239667 p90_ms=0.317625 min_ms=0.220542 max_error=1.140256e-5 samples_ms=[0.22725, 0.23641600000000002, 0.233667, 0.23066699999999998, 0.255334, 0.22629200000000002, 0.22054200000000002, 0.23550000000000001, 0.233792, 0.38083300000000003, 0.239667, 0.240583, 0.24600000000000002, 0.24158400000000002, 0.25516599999999995, 0.295292, 0.317625]
direct median_ms=0.203625 p90_ms=0.222125 min_ms=0.192083 max_error=1.140256e-5 samples_ms=[0.408375, 0.194834, 0.198333, 0.20125, 0.203625, 0.19425, 0.194667, 0.19249999999999998, 0.203083, 0.222125, 0.210125, 0.20708400000000002, 0.209834, 0.20550000000000002, 0.20550000000000002, 0.207042, 0.192083]
aligned32 median_ms=0.201084 p90_ms=0.237125 min_ms=0.187875 max_error=1.140256e-5 samples_ms=[0.203375, 0.187875, 0.196333, 0.19608399999999998, 0.197084, 0.192084, 0.196834, 0.237125, 0.19216599999999998, 0.21025, 0.201084, 0.203333, 0.21591700000000003, 0.204583, 0.3805, 0.203542, 0.187875]
vector32 median_ms=0.170208 p90_ms=0.175292 min_ms=0.159625 max_error=1.140256e-5 samples_ms=[0.17075, 0.169125, 0.168792, 0.165542, 0.173625, 0.159625, 0.162916, 0.172625, 0.164791, 0.16295900000000002, 0.17216700000000001, 0.17533300000000002, 0.17529199999999998, 0.170208, 0.174458, 0.17108299999999999, 0.164625]
vector_direct median_ms=0.206625 p90_ms=0.242583 min_ms=0.193791 max_error=1.140256e-5 samples_ms=[0.205208, 0.210666, 0.206417, 0.202458, 0.20341700000000001, 0.19675, 0.193791, 0.19487500000000002, 0.196541, 0.206625, 0.207833, 0.26525000000000004, 0.222417, 0.21054099999999998, 0.213708, 0.242583, 0.212084]
cooperative_dot median_ms=0.135417 p90_ms=0.158000 min_ms=0.126000 max_error=3.232810e-6 samples_ms=[0.136792, 0.141375, 0.132042, 0.13054200000000002, 0.128041, 0.158, 0.126, 0.150417, 0.13029200000000002, 0.13125, 0.132416, 0.12912500000000002, 0.140541, 0.135417, 0.141542, 0.176, 0.142209]
shape=8,2048,8; readback_bytes=256
baseline32 median_ms=0.904917 p90_ms=0.989334 min_ms=0.887959 max_error=3.742145e-5 samples_ms=[0.904917, 0.979958, 0.888417, 0.887959, 0.9091670000000001, 0.906584, 0.8919159999999999, 0.900209, 0.89125, 0.88975, 0.896792, 0.918459, 0.9904160000000001, 0.890417, 0.912458, 0.9537909999999999, 0.9893339999999999]
direct median_ms=0.577875 p90_ms=0.667083 min_ms=0.560541 max_error=3.742145e-5 samples_ms=[0.5688340000000001, 0.688917, 0.566959, 0.572917, 0.5656669999999999, 0.598875, 0.563542, 0.5605410000000001, 0.667083, 0.5975419999999999, 0.574292, 0.5838329999999999, 0.609875, 0.577875, 0.573334, 0.640667, 0.6246659999999999]
vector_direct median_ms=0.602375 p90_ms=0.703792 min_ms=0.581583 max_error=3.742145e-5 samples_ms=[0.584042, 0.7125830000000001, 0.643166, 0.6072080000000001, 0.584875, 0.632167, 0.589375, 0.581583, 0.630833, 0.593875, 0.5837079999999999, 0.587417, 0.6343749999999999, 0.696042, 0.593958, 0.703792, 0.602375]
cooperative_dot median_ms=0.129417 p90_ms=0.143750 min_ms=0.117917 max_error=9.509688e-6 samples_ms=[0.11866600000000001, 0.140875, 0.11870800000000001, 0.11916600000000001, 0.12645800000000001, 0.132875, 0.118417, 0.120583, 0.130834, 0.12012500000000001, 0.11791700000000001, 0.129417, 0.14375, 0.133542, 0.1375, 0.137792, 0.228042]
