backend=metal period_ns=1 candidates=5; 200ms held warmup,rotated samples; host mode has no query writes/resolution and reads4bytes; GPU mode measures all stages in one compute pass; both use timestamp-capable device; vec4 candidates require padded input/intermediates
samples=31 production_policy=true
n=0 expected_f64=-0.000000000
baseline_wg256 stage_groups=[1]
baseline_wg256 host median_ms=0.129250 p90_ms=0.136583 samples_ms=[0.121125, 0.129583, 0.136792, 0.133208, 0.131292, 0.12925, 0.1235, 0.12562500000000001, 0.127, 0.12462500000000001, 0.12204100000000001, 0.13341699999999998, 0.12787500000000002, 0.11933300000000001, 0.131125, 0.139583, 0.125583, 0.13658299999999998, 0.127167, 0.134917, 0.12345800000000001, 0.12487500000000001, 0.12245800000000001, 0.120084, 0.13433299999999998, 0.137875, 0.13395900000000002, 0.13366699999999998, 0.132958, 0.132833, 0.119875]
baseline_wg256 gpu median_ms=0.003958 p90_ms=0.004292 samples_ms=[0.003834, 0.004334, 0.003875, 0.004375, 0.003833, 0.003875, 0.003958, 0.004, 0.003958, 0.003959, 0.00375, 0.003917, 0.00425, 0.004042, 0.003834, 0.004292, 0.003833, 0.003916, 0.003791, 0.004041, 0.00375, 0.00425, 0.004208, 0.00375, 0.004291, 0.00425, 0.004167, 0.004334, 0.004291, 0.003834, 0.003833]
production stage_groups=[]
production host median_ms=0.133000 p90_ms=0.135708 samples_ms=[0.130792, 0.12316700000000001, 0.129709, 0.136, 0.12316700000000001, 0.126125, 0.131084, 0.12520799999999999, 0.12462500000000001, 0.126167, 0.134458, 0.13816699999999998, 0.133875, 0.12425000000000001, 0.134416, 0.12504099999999999, 0.125916, 0.133, 0.12945900000000002, 0.135708, 0.127417, 0.134, 0.134041, 0.11529199999999999, 0.13533299999999998, 0.13345800000000002, 0.133125, 0.133875, 0.133583, 0.134625, 0.146791]
production gpu median_ms=0.004042 p90_ms=0.004333 samples_ms=[0.00375, 0.004292, 0.00425, 0.004333, 0.003917, 0.003958, 0.004333, 0.004083, 0.004, 0.003833, 0.003833, 0.004042, 0.003833, 0.004334, 0.003916, 0.00425, 0.003958, 0.004209, 0.003875, 0.004083, 0.003958, 0.004292, 0.004334, 0.00425, 0.003792, 0.004208, 0.004333, 0.003875, 0.003917, 0.004334, 0.004]
baseline_wg256_grain16_cap256 stage_groups=[1]
baseline_wg256_grain16_cap256 host median_ms=0.131166 p90_ms=0.136417 samples_ms=[0.120875, 0.121209, 0.12433299999999999, 0.13533299999999998, 0.12300000000000001, 0.128792, 0.125833, 0.12670800000000002, 0.12487500000000001, 0.12625, 0.131166, 0.137083, 0.126625, 0.133375, 0.131042, 0.143125, 0.119125, 0.134167, 0.136417, 0.12445800000000001, 0.12191700000000001, 0.133208, 0.131458, 0.13379200000000002, 0.13275, 0.13333299999999998, 0.13245800000000002, 0.124125, 0.134583, 0.133125, 0.141458]
baseline_wg256_grain16_cap256 gpu median_ms=0.003958 p90_ms=0.004291 samples_ms=[0.003791, 0.003875, 0.00425, 0.004208, 0.003875, 0.003958, 0.003792, 0.003958, 0.003916, 0.003833, 0.004042, 0.003834, 0.003834, 0.004291, 0.004125, 0.00425, 0.003959, 0.004, 0.003917, 0.003917, 0.00425, 0.003834, 0.004041, 0.003958, 0.004291, 0.00375, 0.00425, 0.003917, 0.004292, 0.004333, 0.004375]
baseline_wg256_grain16_cap1024 stage_groups=[1]
baseline_wg256_grain16_cap1024 host median_ms=0.130292 p90_ms=0.136916 samples_ms=[0.12324999999999998, 0.133958, 0.12570800000000001, 0.121875, 0.136916, 0.13224999999999998, 0.12670800000000002, 0.126, 0.12175000000000001, 0.126375, 0.133542, 0.12879100000000002, 0.12487500000000001, 0.132, 0.143791, 0.123917, 0.23049999999999998, 0.126208, 0.138709, 0.12479200000000001, 0.131875, 0.132041, 0.13029200000000002, 0.132833, 0.13295900000000002, 0.12479099999999999, 0.135083, 0.13224999999999998, 0.123666, 0.113833, 0.135459]
baseline_wg256_grain16_cap1024 gpu median_ms=0.003875 p90_ms=0.004250 samples_ms=[0.003916, 0.004167, 0.003959, 0.00425, 0.003875, 0.003834, 0.003833, 0.003833, 0.003875, 0.003791, 0.003833, 0.003833, 0.003959, 0.003833, 0.003875, 0.003834, 0.003833, 0.004042, 0.003834, 0.003834, 0.003833, 0.004417, 0.003833, 0.004292, 0.004167, 0.004333, 0.003916, 0.004167, 0.003916, 0.003875, 0.003959]
scalar_vector_wg128_i8_cap256 stage_groups=[1]
scalar_vector_wg128_i8_cap256 host median_ms=0.132792 p90_ms=0.147333 samples_ms=[0.121333, 0.13924999999999998, 0.148333, 0.13554100000000002, 0.133083, 0.14733300000000002, 0.122541, 0.127458, 0.12216700000000001, 0.12275, 0.13279200000000002, 0.12795800000000002, 0.135708, 0.128792, 0.132, 0.124, 0.167916, 0.135666, 0.133042, 0.128, 0.136916, 0.133208, 0.12470800000000001, 0.127084, 0.132334, 0.147917, 0.134375, 0.137458, 0.12979100000000002, 0.123667, 0.132875]
scalar_vector_wg128_i8_cap256 gpu median_ms=0.004084 p90_ms=0.004209 samples_ms=[0.004, 0.00425, 0.004125, 0.004, 0.004209, 0.004291, 0.003916, 0.003833, 0.004, 0.00375, 0.004125, 0.00425, 0.004167, 0.00375, 0.004125, 0.003666, 0.003708, 0.004084, 0.003916, 0.003791, 0.004125, 0.004208, 0.004042, 0.004125, 0.004208, 0.004083, 0.004209, 0.00375, 0.004125, 0.00375, 0.004166]
n=1 expected_f64=0.000000000
baseline_wg256 stage_groups=[1]
baseline_wg256 host median_ms=0.125416 p90_ms=0.136041 samples_ms=[0.13833399999999998, 0.134625, 0.13766599999999998, 0.136041, 0.13641599999999998, 0.119125, 0.131084, 0.13325, 0.122, 0.133917, 0.120667, 0.122, 0.11729200000000001, 0.113625, 0.127041, 0.128709, 0.12016700000000001, 0.12575, 0.12525, 0.125416, 0.118416, 0.12912500000000002, 0.127458, 0.122416, 0.12275, 0.12275, 0.125666, 0.123958, 0.12629100000000001, 0.12108300000000001, 0.12449999999999999]
baseline_wg256 gpu median_ms=0.004083 p90_ms=0.004375 samples_ms=[0.004417, 0.004416, 0.004042, 0.004083, 0.004333, 0.004416, 0.004042, 0.004375, 0.004, 0.003959, 0.003958, 0.004125, 0.003958, 0.004125, 0.00375, 0.004083, 0.004, 0.004208, 0.004041, 0.004125, 0.004042, 0.004, 0.004125, 0.004083, 0.004083, 0.004125, 0.004, 0.004125, 0.004125, 0.004167, 0.004041]
production stage_groups=[]
production host median_ms=0.127208 p90_ms=0.137333 samples_ms=[0.136042, 0.127208, 0.138458, 0.13366699999999998, 0.137333, 0.134125, 0.134709, 0.131583, 0.12175000000000001, 0.131, 0.121791, 0.119875, 0.12324999999999998, 0.114209, 0.129875, 0.127292, 0.140791, 0.11395899999999999, 0.12999999999999998, 0.114958, 0.13574999999999998, 0.123459, 0.12362500000000001, 0.118125, 0.119916, 0.11529199999999999, 0.1225, 0.129291, 0.122667, 0.116958, 0.140208]
production gpu median_ms=0.004084 p90_ms=0.004375 samples_ms=[0.004458, 0.004084, 0.004, 0.004167, 0.004375, 0.004084, 0.004459, 0.004375, 0.004167, 0.004166, 0.004208, 0.004042, 0.004125, 0.004125, 0.003917, 0.004125, 0.004083, 0.003875, 0.003834, 0.004083, 0.004, 0.004083, 0.003958, 0.004125, 0.004, 0.004125, 0.004166, 0.004042, 0.003875, 0.004, 0.004]
baseline_wg256_grain16_cap256 stage_groups=[1]
baseline_wg256_grain16_cap256 host median_ms=0.124459 p90_ms=0.134750 samples_ms=[0.140041, 0.12308299999999998, 0.1275, 0.13433299999999998, 0.129583, 0.135417, 0.124334, 0.1315, 0.12441700000000001, 0.1225, 0.12079100000000001, 0.12000000000000001, 0.119459, 0.13366699999999998, 0.128208, 0.13475, 0.126625, 0.126167, 0.124459, 0.120042, 0.128041, 0.122583, 0.1235, 0.12433299999999999, 0.127, 0.1285, 0.11904200000000001, 0.11975, 0.11687499999999999, 0.123125, 0.159083]
baseline_wg256_grain16_cap256 gpu median_ms=0.004000 p90_ms=0.004167 samples_ms=[0.004167, 0.004, 0.004125, 0.004542, 0.003917, 0.003959, 0.003958, 0.004041, 0.004083, 0.004291, 0.003958, 0.004125, 0.004209, 0.003833, 0.003917, 0.004041, 0.004083, 0.004, 0.003917, 0.004042, 0.003917, 0.004041, 0.004, 0.004041, 0.003917, 0.003958, 0.003834, 0.004, 0.003958, 0.004125, 0.003834]
baseline_wg256_grain16_cap1024 stage_groups=[1]
baseline_wg256_grain16_cap1024 host median_ms=0.124042 p90_ms=0.133584 samples_ms=[0.132833, 0.12925, 0.127459, 0.1315, 0.134125, 0.13358399999999998, 0.12695800000000002, 0.13466699999999998, 0.13345800000000002, 0.1185, 0.125292, 0.12295900000000001, 0.12345800000000001, 0.115208, 0.12033400000000001, 0.189, 0.125333, 0.11975, 0.121584, 0.115666, 0.123833, 0.11983300000000001, 0.124125, 0.119584, 0.12395900000000001, 0.127208, 0.12404199999999999, 0.12237500000000001, 0.119459, 0.118834, 0.12441700000000001]
baseline_wg256_grain16_cap1024 gpu median_ms=0.004083 p90_ms=0.004459 samples_ms=[0.004459, 0.004083, 0.004458, 0.0045, 0.004583, 0.004458, 0.004459, 0.004417, 0.0045, 0.004416, 0.004042, 0.004084, 0.004125, 0.004041, 0.003958, 0.004084, 0.004083, 0.003916, 0.004042, 0.004042, 0.003958, 0.004, 0.003916, 0.003917, 0.003959, 0.004041, 0.003959, 0.004041, 0.003833, 0.004083, 0.004125]
scalar_vector_wg128_i8_cap256 stage_groups=[1]
scalar_vector_wg128_i8_cap256 host median_ms=0.123791 p90_ms=0.137250 samples_ms=[0.130333, 0.131958, 0.12675, 0.13725, 0.13070900000000002, 0.127375, 0.1225, 0.138042, 0.12237500000000001, 0.12525, 0.121375, 0.122, 0.120416, 0.11825000000000001, 0.12812500000000002, 0.159625, 0.12062500000000001, 0.147292, 0.12079200000000001, 0.12579200000000001, 0.121333, 0.123791, 0.12333400000000001, 0.1315, 0.12774999999999997, 0.125417, 0.123292, 0.122917, 0.11645900000000001, 0.117625, 0.11950000000000001]
scalar_vector_wg128_i8_cap256 gpu median_ms=0.004417 p90_ms=0.004709 samples_ms=[0.004291, 0.004792, 0.0045, 0.004709, 0.004709, 0.004459, 0.00475, 0.004458, 0.0045, 0.004458, 0.004375, 0.0045, 0.004417, 0.004625, 0.004375, 0.0045, 0.00425, 0.004417, 0.004209, 0.004208, 0.004209, 0.004541, 0.00425, 0.004334, 0.00425, 0.004417, 0.004291, 0.004416, 0.004375, 0.004292, 0.004541]
n=3 expected_f64=0.023437500
baseline_wg256 stage_groups=[1]
baseline_wg256 host median_ms=0.138833 p90_ms=0.150750 samples_ms=[0.15075, 0.128, 0.126, 0.1265, 0.126083, 0.133125, 0.142958, 0.144792, 0.13695800000000002, 0.131875, 0.181834, 0.14925, 0.13241699999999998, 0.140375, 0.201958, 0.137042, 0.14962499999999998, 0.14275, 0.14283300000000002, 0.15291600000000002, 0.13175, 0.14370799999999997, 0.14108400000000001, 0.13883299999999998, 0.135792, 0.13425, 0.13525, 0.138958, 0.135167, 0.131583, 0.142959]
baseline_wg256 gpu median_ms=0.015000 p90_ms=0.015375 samples_ms=[0.004041, 0.004, 0.004125, 0.003958, 0.003959, 0.003958, 0.013, 0.015, 0.015041, 0.015125, 0.015292, 0.015292, 0.015, 0.015375, 0.014833, 0.015417, 0.015042, 0.015, 0.014916, 0.015083, 0.015166, 0.015542, 0.014875, 0.014958, 0.014917, 0.015042, 0.015083, 0.015167, 0.021, 0.01475, 0.015167]
production stage_groups=[]
production host median_ms=0.138791 p90_ms=0.157417 samples_ms=[0.145792, 0.118, 0.135709, 0.119583, 0.118667, 0.126625, 0.134666, 0.135375, 0.14308300000000002, 0.139583, 0.146583, 0.134833, 0.18537499999999998, 0.14475, 0.168042, 0.139042, 0.155834, 0.138791, 0.141333, 0.15712500000000001, 0.164125, 0.132541, 0.140583, 0.133083, 0.139459, 0.135417, 0.136458, 0.157417, 0.13758299999999998, 0.126833, 0.13279200000000002]
production gpu median_ms=0.015084 p90_ms=0.015417 samples_ms=[0.003916, 0.003875, 0.004042, 0.003958, 0.003917, 0.003958, 0.004041, 0.015125, 0.015125, 0.014917, 0.015417, 0.015084, 0.015083, 0.015417, 0.015125, 0.015167, 0.015084, 0.014792, 0.015125, 0.015334, 0.014833, 0.015, 0.015167, 0.015333, 0.015083, 0.015125, 0.01475, 0.015417, 0.015792, 0.014709, 0.015292]
baseline_wg256_grain16_cap256 stage_groups=[1]
baseline_wg256_grain16_cap256 host median_ms=0.142042 p90_ms=0.184583 samples_ms=[0.133459, 0.11333299999999999, 0.129625, 0.122459, 0.119375, 0.12720900000000002, 0.12654100000000001, 0.14116700000000001, 0.142042, 0.200958, 0.138417, 0.147625, 0.184583, 0.153375, 0.14925, 0.205917, 0.152625, 0.142458, 0.143958, 0.160625, 0.265292, 0.160292, 0.14508300000000002, 0.13549999999999998, 0.12929200000000002, 0.129625, 0.13329100000000002, 0.155833, 0.135833, 0.149042, 0.13191599999999998]
baseline_wg256_grain16_cap256 gpu median_ms=0.014959 p90_ms=0.015292 samples_ms=[0.004, 0.004125, 0.004083, 0.003959, 0.003916, 0.004, 0.003916, 0.013708, 0.014958, 0.015084, 0.015, 0.015, 0.015292, 0.015292, 0.015125, 0.015084, 0.014833, 0.015166, 0.014959, 0.015, 0.015084, 0.015333, 0.015083, 0.014834, 0.014625, 0.014958, 0.014833, 0.01525, 0.015167, 0.01475, 0.015292]
baseline_wg256_grain16_cap1024 stage_groups=[1]
baseline_wg256_grain16_cap1024 host median_ms=0.138541 p90_ms=0.189542 samples_ms=[0.123917, 0.118291, 0.127167, 0.134083, 0.14575, 0.136083, 0.12341699999999999, 0.137333, 0.140458, 0.154959, 0.15675, 0.144958, 0.130875, 0.178709, 0.1865, 0.191, 0.134292, 0.14925, 0.18954200000000002, 0.19045800000000002, 0.15083300000000002, 0.190958, 0.13329100000000002, 0.13425, 0.13466699999999998, 0.131875, 0.130584, 0.14758300000000002, 0.13574999999999998, 0.145583, 0.138541]
baseline_wg256_grain16_cap1024 gpu median_ms=0.014959 p90_ms=0.015292 samples_ms=[0.004042, 0.003791, 0.004167, 0.004125, 0.003916, 0.004333, 0.004042, 0.015042, 0.014959, 0.014917, 0.015167, 0.015291, 0.015334, 0.014875, 0.014875, 0.015, 0.015333, 0.015167, 0.015, 0.014792, 0.015416, 0.014875, 0.01525, 0.01475, 0.014667, 0.01525, 0.014958, 0.015292, 0.015, 0.015042, 0.015125]
scalar_vector_wg128_i8_cap256 stage_groups=[1]
scalar_vector_wg128_i8_cap256 host median_ms=0.141333 p90_ms=0.182917 samples_ms=[0.11933400000000001, 0.138667, 0.12370799999999998, 0.13070900000000002, 0.121875, 0.123542, 0.120375, 0.13958399999999999, 0.140583, 0.140166, 0.14175000000000001, 0.150333, 0.150042, 0.150042, 0.186958, 0.210125, 0.14175000000000001, 0.148667, 0.199833, 0.14491600000000002, 0.168458, 0.159667, 0.140541, 0.1495, 0.131875, 0.13674999999999998, 0.182917, 0.141333, 0.16241699999999998, 0.138625, 0.14100000000000001]
scalar_vector_wg128_i8_cap256 gpu median_ms=0.016792 p90_ms=0.017041 samples_ms=[0.004416, 0.004292, 0.004292, 0.004458, 0.004375, 0.004458, 0.004459, 0.017041, 0.016834, 0.017084, 0.016833, 0.01675, 0.01675, 0.016959, 0.017084, 0.017166, 0.016791, 0.016916, 0.017, 0.016792, 0.016792, 0.016792, 0.01675, 0.016708, 0.016875, 0.016792, 0.016875, 0.016917, 0.016667, 0.016834, 0.016875]
n=255 expected_f64=125.015625000
baseline_wg256 stage_groups=[1]
baseline_wg256 host median_ms=0.131917 p90_ms=0.157625 samples_ms=[0.157792, 0.129917, 0.147125, 0.302958, 0.140666, 0.146083, 0.13899999999999998, 0.158667, 0.147917, 0.157625, 0.123583, 0.144958, 0.135084, 0.114958, 0.131084, 0.1255, 0.13362500000000002, 0.127625, 0.12520799999999999, 0.12479200000000001, 0.12420899999999999, 0.127166, 0.12808399999999998, 0.126125, 0.117416, 0.133958, 0.12787500000000002, 0.119417, 0.131917, 0.132125, 0.131917]
baseline_wg256 gpu median_ms=0.004459 p90_ms=0.015583 samples_ms=[0.015625, 0.015292, 0.015583, 0.015167, 0.015542, 0.015417, 0.015584, 0.015125, 0.015542, 0.016167, 0.004125, 0.004209, 0.004084, 0.0045, 0.004542, 0.004459, 0.004583, 0.004042, 0.004542, 0.003917, 0.004041, 0.0045, 0.004, 0.004125, 0.003875, 0.004125, 0.004166, 0.004083, 0.004125, 0.004167, 0.00425]
production stage_groups=[]
production host median_ms=0.133042 p90_ms=0.148333 samples_ms=[0.15425, 0.139917, 0.136042, 0.14575, 0.14625, 0.144708, 0.146792, 0.148333, 0.133958, 0.290125, 0.12237500000000001, 0.133042, 0.130958, 0.129667, 0.13224999999999998, 0.11574999999999999, 0.13691699999999998, 0.124833, 0.132791, 0.12341699999999999, 0.126375, 0.119458, 0.131417, 0.132375, 0.134542, 0.254958, 0.119875, 0.12520799999999999, 0.13379200000000002, 0.117208, 0.133958]
production gpu median_ms=0.004541 p90_ms=0.015583 samples_ms=[0.015625, 0.015834, 0.015541, 0.015166, 0.015667, 0.015292, 0.015417, 0.015208, 0.015583, 0.0045, 0.004167, 0.004333, 0.004292, 0.004584, 0.004417, 0.0045, 0.00425, 0.004125, 0.004541, 0.00425, 0.004541, 0.003958, 0.004334, 0.004583, 0.003958, 0.004583, 0.004167, 0.004542, 0.004375, 0.004083, 0.004667]
baseline_wg256_grain16_cap256 stage_groups=[1]
baseline_wg256_grain16_cap256 host median_ms=0.131417 p90_ms=0.145292 samples_ms=[0.149875, 0.13924999999999998, 0.147083, 0.14529199999999998, 0.13916699999999999, 0.14024999999999999, 0.14441700000000002, 0.13487500000000002, 0.15712500000000001, 0.123709, 0.130666, 0.135, 0.124709, 0.136292, 0.125, 0.131083, 0.133167, 0.129042, 0.122541, 0.129916, 0.122, 0.123542, 0.140292, 0.131417, 0.14200000000000002, 0.12191700000000001, 0.12025, 0.12175000000000001, 0.130625, 0.132542, 0.12979100000000002]
baseline_wg256_grain16_cap256 gpu median_ms=0.004500 p90_ms=0.015708 samples_ms=[0.01525, 0.015708, 0.015666, 0.015667, 0.01575, 0.015291, 0.0155, 0.015916, 0.016917, 0.004125, 0.004333, 0.004, 0.004167, 0.004708, 0.004542, 0.004667, 0.004333, 0.004583, 0.004166, 0.004334, 0.004334, 0.004334, 0.0045, 0.0045, 0.004459, 0.004125, 0.004166, 0.004333, 0.004583, 0.004334, 0.004208]
baseline_wg256_grain16_cap1024 stage_groups=[1]
baseline_wg256_grain16_cap1024 host median_ms=0.134125 p90_ms=0.147792 samples_ms=[0.136333, 0.147792, 0.142083, 0.135375, 0.14566700000000002, 0.14508300000000002, 0.13783299999999998, 0.153625, 0.15575, 0.113875, 0.147417, 0.134125, 0.135875, 0.131084, 0.131334, 0.141083, 0.13999999999999999, 0.20900000000000002, 0.13025, 0.12091600000000001, 0.120375, 0.133875, 0.133167, 0.12929200000000002, 0.13325, 0.121541, 0.119459, 0.123208, 0.146417, 0.131625, 0.133583]
baseline_wg256_grain16_cap1024 gpu median_ms=0.004541 p90_ms=0.015667 samples_ms=[0.015125, 0.015416, 0.015333, 0.015458, 0.015833, 0.015667, 0.015666, 0.016666, 0.016334, 0.004, 0.004333, 0.004625, 0.004584, 0.004458, 0.004125, 0.004625, 0.00425, 0.004583, 0.004208, 0.004167, 0.004375, 0.004417, 0.004708, 0.004542, 0.004334, 0.004167, 0.00425, 0.004125, 0.004167, 0.004541, 0.004209]
scalar_vector_wg128_i8_cap256 stage_groups=[1]
scalar_vector_wg128_i8_cap256 host median_ms=0.132792 p90_ms=0.155333 samples_ms=[0.14675, 0.150167, 0.27925, 0.1495, 0.149042, 0.142042, 0.14575, 0.16145800000000002, 0.156417, 0.155333, 0.118459, 0.134417, 0.133209, 0.127083, 0.130625, 0.129042, 0.138333, 0.126667, 0.121458, 0.12075, 0.122459, 0.129959, 0.127625, 0.11808300000000001, 0.114542, 0.121042, 0.120583, 0.139583, 0.135875, 0.126416, 0.13279200000000002]
scalar_vector_wg128_i8_cap256 gpu median_ms=0.004542 p90_ms=0.016667 samples_ms=[0.0165, 0.016292, 0.0165, 0.016291, 0.016416, 0.016125, 0.016667, 0.0175, 0.017208, 0.016708, 0.0045, 0.004459, 0.004666, 0.004542, 0.004667, 0.004208, 0.004667, 0.004375, 0.004375, 0.004209, 0.004542, 0.004583, 0.004541, 0.004125, 0.004125, 0.004208, 0.004333, 0.004, 0.004583, 0.004375, 0.004375]
n=4095 expected_f64=2003.882812500
baseline_wg256 stage_groups=[16, 1]
baseline_wg256 host median_ms=0.125250 p90_ms=0.138416 samples_ms=[0.122958, 0.123333, 0.12495900000000001, 0.13341699999999998, 0.142125, 0.134583, 0.12375, 0.12345800000000001, 0.14024999999999999, 0.120584, 0.119459, 0.1365, 0.13712500000000002, 0.14408300000000002, 0.13475, 0.137458, 0.123042, 0.125666, 0.12375, 0.129083, 0.129333, 0.138416, 0.13699999999999998, 0.122667, 0.12408300000000001, 0.123917, 0.12525, 0.12324999999999998, 0.127, 0.121708, 0.122917]
baseline_wg256 gpu median_ms=0.007334 p90_ms=0.008125 samples_ms=[0.007917, 0.007209, 0.007333, 0.007209, 0.00725, 0.008083, 0.007083, 0.007417, 0.008166, 0.007208, 0.007334, 0.013708, 0.008042, 0.008041, 0.008167, 0.008, 0.007125, 0.007166, 0.007541, 0.007084, 0.007333, 0.008125, 0.008042, 0.007417, 0.007334, 0.007167, 0.007375, 0.007209, 0.007208, 0.007125, 0.007292]
production stage_groups=[]
production host median_ms=0.126834 p90_ms=0.139167 samples_ms=[0.143292, 0.125416, 0.132042, 0.12333400000000001, 0.145625, 0.138958, 0.137083, 0.12404199999999999, 0.13208299999999998, 0.12245800000000001, 0.12995800000000002, 0.12141700000000001, 0.13916699999999999, 0.136208, 0.13475, 0.120833, 0.127292, 0.12470800000000001, 0.126834, 0.163, 0.117625, 0.127333, 0.138792, 0.12095900000000001, 0.12675, 0.122125, 0.1275, 0.119917, 0.12029100000000001, 0.12141700000000001, 0.120584]
production gpu median_ms=0.007250 p90_ms=0.008167 samples_ms=[0.00825, 0.007208, 0.006917, 0.007209, 0.007167, 0.00725, 0.00725, 0.00825, 0.007166, 0.007333, 0.007, 0.007292, 0.007541, 0.008167, 0.008041, 0.008125, 0.008, 0.007166, 0.007125, 0.04375, 0.008125, 0.007084, 0.008, 0.007292, 0.00725, 0.007292, 0.007125, 0.007208, 0.006958, 0.007292, 0.00725]
baseline_wg256_grain16_cap256 stage_groups=[1]
baseline_wg256_grain16_cap256 host median_ms=0.124875 p90_ms=0.136125 samples_ms=[0.1415, 0.12308299999999998, 0.12391600000000001, 0.122, 0.126584, 0.129084, 0.142583, 0.124041, 0.128875, 0.121209, 0.12487500000000001, 0.121125, 0.126084, 0.136125, 0.14116700000000001, 0.132667, 0.13016699999999998, 0.12324999999999998, 0.12408300000000001, 0.124, 0.12770800000000002, 0.13574999999999998, 0.123958, 0.128041, 0.125333, 0.122708, 0.131458, 0.124375, 0.11883300000000001, 0.121625, 0.12341699999999999]
baseline_wg256_grain16_cap256 gpu median_ms=0.008375 p90_ms=0.008750 samples_ms=[0.008375, 0.008625, 0.008542, 0.008208, 0.008125, 0.008459, 0.008458, 0.008375, 0.008417, 0.008375, 0.008375, 0.008625, 0.008625, 0.008583, 0.009334, 0.008959, 0.008292, 0.008542, 0.008166, 0.008625, 0.008167, 0.00875, 0.008208, 0.008375, 0.008333, 0.008292, 0.008292, 0.008417, 0.008333, 0.008208, 0.00875]
baseline_wg256_grain16_cap1024 stage_groups=[1]
baseline_wg256_grain16_cap1024 host median_ms=0.126167 p90_ms=0.139500 samples_ms=[0.123542, 0.123583, 0.12475, 0.126167, 0.12704200000000002, 0.127, 0.130792, 0.14400000000000002, 0.125, 0.125834, 0.125459, 0.126375, 0.1395, 0.135875, 0.14225, 0.128666, 0.135291, 0.12283300000000001, 0.12475, 0.1215, 0.12012500000000001, 0.126834, 0.127125, 0.129667, 0.12245800000000001, 0.120875, 0.130959, 0.18825, 0.12391600000000001, 0.119875, 0.12295900000000001]
baseline_wg256_grain16_cap1024 gpu median_ms=0.008459 p90_ms=0.008875 samples_ms=[0.008667, 0.008375, 0.008459, 0.008209, 0.008375, 0.008375, 0.00875, 0.008875, 0.00875, 0.008333, 0.008583, 0.00825, 0.008542, 0.008292, 0.008958, 0.008959, 0.008917, 0.008541, 0.00875, 0.008375, 0.008583, 0.008625, 0.008417, 0.008333, 0.008333, 0.008417, 0.00825, 0.008666, 0.008292, 0.008459, 0.008625]
scalar_vector_wg128_i8_cap256 stage_groups=[4, 1]
scalar_vector_wg128_i8_cap256 host median_ms=0.127375 p90_ms=0.137375 samples_ms=[0.12175000000000001, 0.123834, 0.1285, 0.122875, 0.12645800000000001, 0.127375, 0.126208, 0.121666, 0.13916699999999999, 0.12587500000000001, 0.12999999999999998, 0.16625, 0.137375, 0.135375, 0.129959, 0.141958, 0.127167, 0.121916, 0.122583, 0.120083, 0.13349999999999998, 0.136625, 0.12804200000000002, 0.13170900000000002, 0.125791, 0.133375, 0.1235, 0.12475, 0.12995800000000002, 0.130458, 0.121833]
scalar_vector_wg128_i8_cap256 gpu median_ms=0.007750 p90_ms=0.008666 samples_ms=[0.007666, 0.00775, 0.007833, 0.007625, 0.009, 0.007375, 0.00875, 0.007833, 0.008625, 0.007625, 0.008, 0.007542, 0.008666, 0.007542, 0.007791, 0.008541, 0.007542, 0.0075, 0.007625, 0.007458, 0.008459, 0.008542, 0.00875, 0.007375, 0.007583, 0.0075, 0.007584, 0.007834, 0.007917, 0.007708, 0.00775]
n=4097 expected_f64=2004.375000000
baseline_wg256 stage_groups=[17, 1]
baseline_wg256 host median_ms=0.126375 p90_ms=0.139166 samples_ms=[0.121125, 0.12300000000000001, 0.122292, 0.176375, 0.129167, 0.11445799999999999, 0.109125, 0.136875, 0.131166, 0.1205, 0.12254200000000001, 0.130875, 0.139166, 0.144375, 0.123208, 0.133542, 0.121667, 0.121958, 0.12504200000000001, 0.131291, 0.135208, 0.135792, 0.129667, 0.136875, 0.124292, 0.1235, 0.121041, 0.126375, 0.141667, 0.125583, 0.12675]
baseline_wg256 gpu median_ms=0.007166 p90_ms=0.007917 samples_ms=[0.007042, 0.0075, 0.006917, 0.007625, 0.006833, 0.007125, 0.00725, 0.007084, 0.006917, 0.007334, 0.006917, 0.008208, 0.007041, 0.007833, 0.007917, 0.007375, 0.007042, 0.007166, 0.007042, 0.007916, 0.006917, 0.008125, 0.00675, 0.007459, 0.006875, 0.00725, 0.007, 0.007167, 0.007667, 0.007, 0.007959]
production stage_groups=[]
production host median_ms=0.124500 p90_ms=0.133666 samples_ms=[0.12449999999999999, 0.120083, 0.121458, 0.133666, 0.123333, 0.10708400000000001, 0.117208, 0.129541, 0.12029200000000001, 0.122166, 0.12224999999999998, 0.12175000000000001, 0.13791699999999998, 0.135916, 0.128333, 0.129042, 0.132041, 0.119375, 0.12720900000000002, 0.1275, 0.122541, 0.121458, 0.130541, 0.125417, 0.122292, 0.120709, 0.117667, 0.125375, 0.136875, 0.133, 0.12774999999999997]
production gpu median_ms=0.007083 p90_ms=0.007791 samples_ms=[0.007, 0.007334, 0.006833, 0.007042, 0.007, 0.007292, 0.006875, 0.007916, 0.007083, 0.006958, 0.007083, 0.006917, 0.007791, 0.007, 0.007042, 0.007, 0.007708, 0.007333, 0.006709, 0.007833, 0.00775, 0.006833, 0.007, 0.007917, 0.007083, 0.007083, 0.007167, 0.007125, 0.006917, 0.007791, 0.006959]
baseline_wg256_grain16_cap256 stage_groups=[2, 1]
baseline_wg256_grain16_cap256 host median_ms=0.127375 p90_ms=0.145542 samples_ms=[0.122125, 0.12141600000000001, 0.121167, 0.132875, 0.12354099999999998, 0.11574999999999999, 0.113625, 0.12254200000000001, 0.120333, 0.122583, 0.123667, 0.155708, 0.126375, 0.145542, 0.149, 0.139625, 0.12895800000000002, 0.129458, 0.127375, 0.144833, 0.1275, 0.129375, 0.12175000000000001, 0.257209, 0.12216700000000001, 0.127292, 0.12141700000000001, 0.142875, 0.13954200000000003, 0.132375, 0.134625]
baseline_wg256_grain16_cap256 gpu median_ms=0.008625 p90_ms=0.009334 samples_ms=[0.008625, 0.008667, 0.008708, 0.008583, 0.009416, 0.0085, 0.008459, 0.008542, 0.008583, 0.008417, 0.008625, 0.008084, 0.008542, 0.0085, 0.009208, 0.008208, 0.008625, 0.008625, 0.009291, 0.009291, 0.008583, 0.008416, 0.009334, 0.009625, 0.008541, 0.008542, 0.008667, 0.008625, 0.009417, 0.008833, 0.009291]
baseline_wg256_grain16_cap1024 stage_groups=[2, 1]
baseline_wg256_grain16_cap1024 host median_ms=0.124166 p90_ms=0.146208 samples_ms=[0.1205, 0.122708, 0.12241699999999998, 0.118125, 0.12774999999999997, 0.11604199999999999, 0.111542, 0.119125, 0.143375, 0.123125, 0.120667, 0.127625, 0.146792, 0.142917, 0.14575, 0.12475, 0.119417, 0.12725, 0.118625, 0.146208, 0.12254200000000001, 0.12029200000000001, 0.14091599999999999, 0.12416599999999998, 0.121375, 0.123667, 0.16404200000000002, 0.140541, 0.14758300000000002, 0.14383300000000002, 0.125459]
baseline_wg256_grain16_cap1024 gpu median_ms=0.008583 p90_ms=0.009375 samples_ms=[0.008459, 0.008542, 0.008709, 0.0085, 0.008666, 0.008417, 0.008541, 0.008375, 0.009458, 0.008416, 0.008375, 0.012083, 0.008666, 0.00925, 0.008542, 0.008459, 0.008583, 0.008458, 0.008625, 0.009417, 0.008459, 0.0085, 0.009375, 0.008583, 0.00875, 0.00825, 0.008583, 0.009292, 0.008833, 0.008584, 0.008542]
scalar_vector_wg128_i8_cap256 stage_groups=[5, 1]
scalar_vector_wg128_i8_cap256 host median_ms=0.126500 p90_ms=0.149041 samples_ms=[0.123917, 0.122125, 0.121084, 0.182875, 0.14666700000000002, 0.110167, 0.107292, 0.14720799999999998, 0.271458, 0.123917, 0.118958, 0.126583, 0.135125, 0.137625, 0.13016699999999998, 0.124833, 0.11995800000000001, 0.119625, 0.15612499999999999, 0.14075000000000001, 0.118, 0.12562500000000001, 0.123166, 0.13758299999999998, 0.135083, 0.121375, 0.133375, 0.129416, 0.149041, 0.1265, 0.120417]
scalar_vector_wg128_i8_cap256 gpu median_ms=0.007625 p90_ms=0.008292 samples_ms=[0.007625, 0.007375, 0.007459, 0.007083, 0.007625, 0.007208, 0.007291, 0.01075, 0.007708, 0.007375, 0.0075, 0.008375, 0.008208, 0.007459, 0.008292, 0.008, 0.0075, 0.007291, 0.007125, 0.007458, 0.007625, 0.008041, 0.0075, 0.008167, 0.007708, 0.007292, 0.008333, 0.008125, 0.008125, 0.00825, 0.007375]
n=16384 expected_f64=8063.507812500
baseline_wg256 stage_groups=[64, 1]
baseline_wg256 host median_ms=0.132417 p90_ms=0.138792 samples_ms=[0.117625, 0.122333, 0.147083, 0.134416, 0.129542, 0.135833, 0.126542, 0.124125, 0.1215, 0.120375, 0.173791, 0.135084, 0.12812500000000002, 0.131875, 0.138792, 0.121167, 0.122, 0.127459, 0.122166, 0.135417, 0.137916, 0.1415, 0.13699999999999998, 0.120417, 0.123084, 0.13241699999999998, 0.138708, 0.135709, 0.136875, 0.133042, 0.134792]
baseline_wg256 gpu median_ms=0.007166 p90_ms=0.007875 samples_ms=[0.007042, 0.007166, 0.006917, 0.007833, 0.007125, 0.007792, 0.007084, 0.007041, 0.007125, 0.007166, 0.008334, 0.008209, 0.006958, 0.007792, 0.007875, 0.007291, 0.007125, 0.006958, 0.007083, 0.007875, 0.007166, 0.007208, 0.007875, 0.007167, 0.007084, 0.007084, 0.007833, 0.007083, 0.00775, 0.007833, 0.007667]
production stage_groups=[]
production host median_ms=0.127959 p90_ms=0.139209 samples_ms=[0.124709, 0.121541, 0.147875, 0.155333, 0.138667, 0.12458400000000001, 0.144084, 0.121916, 0.127959, 0.12458400000000001, 0.12629100000000001, 0.122333, 0.133083, 0.138208, 0.135375, 0.120208, 0.12254200000000001, 0.12262500000000001, 0.1275, 0.137959, 0.136125, 0.118834, 0.130875, 0.120333, 0.127292, 0.12220800000000001, 0.12804200000000002, 0.13625, 0.128458, 0.139209, 0.134459]
production gpu median_ms=0.007208 p90_ms=0.007792 samples_ms=[0.007125, 0.007208, 0.007959, 0.007667, 0.007792, 0.007084, 0.006959, 0.007, 0.007208, 0.007208, 0.007208, 0.007042, 0.007083, 0.006833, 0.007833, 0.007083, 0.007042, 0.007125, 0.007041, 0.007833, 0.007792, 0.007125, 0.007417, 0.007209, 0.007167, 0.007333, 0.00725, 0.007792, 0.007791, 0.007458, 0.007792]
baseline_wg256_grain16_cap256 stage_groups=[4, 1]
baseline_wg256_grain16_cap256 host median_ms=0.137584 p90_ms=0.146709 samples_ms=[0.13012500000000002, 0.13025, 0.13466699999999998, 0.146375, 0.14737499999999998, 0.13125, 0.1595, 0.136542, 0.13608399999999998, 0.133375, 0.140333, 0.154166, 0.144542, 0.144542, 0.140458, 0.129708, 0.12812500000000002, 0.13295900000000002, 0.138458, 0.1415, 0.14425000000000002, 0.139125, 0.146709, 0.12895800000000002, 0.12895800000000002, 0.12966599999999998, 0.13279200000000002, 0.132708, 0.137584, 0.144458, 0.140625]
baseline_wg256_grain16_cap256 gpu median_ms=0.010334 p90_ms=0.011125 samples_ms=[0.01025, 0.010333, 0.010208, 0.011208, 0.010958, 0.01025, 0.010334, 0.010334, 0.010291, 0.010459, 0.010334, 0.011125, 0.010333, 0.011041, 0.011166, 0.010375, 0.01025, 0.01025, 0.010208, 0.011125, 0.010958, 0.010541, 0.011083, 0.010209, 0.010291, 0.010542, 0.010375, 0.011125, 0.011125, 0.010209, 0.01025]
baseline_wg256_grain16_cap1024 stage_groups=[4, 1]
baseline_wg256_grain16_cap1024 host median_ms=0.134500 p90_ms=0.146291 samples_ms=[0.133875, 0.12404199999999999, 0.12645800000000001, 0.148958, 0.146875, 0.130958, 0.136459, 0.128584, 0.132333, 0.133917, 0.133958, 0.142292, 0.13999999999999999, 0.141209, 0.135166, 0.121458, 0.13449999999999998, 0.121334, 0.134, 0.147458, 0.13375, 0.141083, 0.142375, 0.12787500000000002, 0.139625, 0.131083, 0.14404199999999998, 0.146291, 0.14441700000000002, 0.131875, 0.141042]
baseline_wg256_grain16_cap1024 gpu median_ms=0.010334 p90_ms=0.011083 samples_ms=[0.01025, 0.010459, 0.010334, 0.01025, 0.010292, 0.010208, 0.0105, 0.01025, 0.010334, 0.010334, 0.010666, 0.010958, 0.011125, 0.01025, 0.011125, 0.010417, 0.010541, 0.01025, 0.010208, 0.010334, 0.011042, 0.011042, 0.011208, 0.010333, 0.010333, 0.010083, 0.010458, 0.01025, 0.010541, 0.0105, 0.011083]
scalar_vector_wg128_i8_cap256 stage_groups=[16, 1]
scalar_vector_wg128_i8_cap256 host median_ms=0.130042 p90_ms=0.141292 samples_ms=[0.127125, 0.123375, 0.150167, 0.141875, 0.139708, 0.122875, 0.124292, 0.120833, 0.12029100000000001, 0.129834, 0.132709, 0.133709, 0.13816699999999998, 0.13416599999999998, 0.1285, 0.12233400000000001, 0.126166, 0.123709, 0.13999999999999999, 0.131042, 0.11887500000000001, 0.12275, 0.130042, 0.12075, 0.119583, 0.130333, 0.141292, 0.138583, 0.141459, 0.13825, 0.135458]
scalar_vector_wg128_i8_cap256 gpu median_ms=0.007542 p90_ms=0.008250 samples_ms=[0.007583, 0.0075, 0.007917, 0.007333, 0.008333, 0.007792, 0.007666, 0.0075, 0.007375, 0.007709, 0.007833, 0.007416, 0.008334, 0.0075, 0.007625, 0.007416, 0.007291, 0.00775, 0.007416, 0.00825, 0.007542, 0.007459, 0.0075, 0.0075, 0.007459, 0.007459, 0.007542, 0.008333, 0.007667, 0.008209, 0.008208]
n=65535 expected_f64=32254.054687500
baseline_wg256 stage_groups=[256, 1]
baseline_wg256 host median_ms=0.135959 p90_ms=0.144500 samples_ms=[0.141709, 0.139917, 0.13566699999999998, 0.13475, 0.135959, 0.133084, 0.12825, 0.12375, 0.150084, 0.144583, 0.132875, 0.138625, 0.144125, 0.14416700000000002, 0.14200000000000002, 0.138583, 0.131958, 0.131, 0.12929200000000002, 0.128458, 0.136625, 0.132667, 0.131833, 0.126334, 0.13883299999999998, 0.1445, 0.14141600000000001, 0.11979100000000001, 0.132166, 0.14733300000000002, 0.14441700000000002]
baseline_wg256 gpu median_ms=0.009500 p90_ms=0.010083 samples_ms=[0.009667, 0.01, 0.009417, 0.01, 0.009375, 0.009833, 0.0095, 0.009417, 0.01, 0.010083, 0.00925, 0.009333, 0.009542, 0.010125, 0.010083, 0.010166, 0.0095, 0.009375, 0.009291, 0.009208, 0.009292, 0.009583, 0.009666, 0.009291, 0.010209, 0.009958, 0.009542, 0.009417, 0.009334, 0.009166, 0.009333]
production stage_groups=[]
production host median_ms=0.135334 p90_ms=0.146417 samples_ms=[0.138042, 0.129083, 0.144375, 0.155291, 0.13375, 0.13574999999999998, 0.12404199999999999, 0.132916, 0.14425000000000002, 0.142458, 0.138458, 0.142958, 0.142459, 0.142333, 0.144834, 0.130792, 0.12779100000000002, 0.125083, 0.13416599999999998, 0.12570800000000001, 0.14737499999999998, 0.13016699999999998, 0.12770800000000002, 0.135334, 0.127459, 0.139333, 0.146417, 0.12362500000000001, 0.123583, 0.14683400000000002, 0.132375]
production gpu median_ms=0.009458 p90_ms=0.010208 samples_ms=[0.009542, 0.009334, 0.009542, 0.009541, 0.009333, 0.010208, 0.009375, 0.009458, 0.010209, 0.010083, 0.009458, 0.009542, 0.009416, 0.010083, 0.00925, 0.0095, 0.009666, 0.009583, 0.009209, 0.009375, 0.0105, 0.009458, 0.00925, 0.009292, 0.009458, 0.009333, 0.010292, 0.009209, 0.009416, 0.009959, 0.0095]
baseline_wg256_grain16_cap256 stage_groups=[16, 1]
baseline_wg256_grain16_cap256 host median_ms=0.135167 p90_ms=0.147791 samples_ms=[0.143042, 0.14408300000000002, 0.1325, 0.140541, 0.124833, 0.14966600000000002, 0.129709, 0.135167, 0.142667, 0.144125, 0.135542, 0.129959, 0.1295, 0.142291, 0.142292, 0.130917, 0.1265, 0.131959, 0.127916, 0.1695, 0.1485, 0.122, 0.13425, 0.147791, 0.137958, 0.14408300000000002, 0.13341699999999998, 0.12979100000000002, 0.128709, 0.14325000000000002, 0.134625]
baseline_wg256_grain16_cap256 gpu median_ms=0.010375 p90_ms=0.011084 samples_ms=[0.010875, 0.011041, 0.010333, 0.010833, 0.010125, 0.010709, 0.010291, 0.010375, 0.011125, 0.010292, 0.010417, 0.010083, 0.010166, 0.011167, 0.010584, 0.010083, 0.010125, 0.010042, 0.01025, 0.010083, 0.010958, 0.010333, 0.010375, 0.010417, 0.010333, 0.011042, 0.011084, 0.011, 0.010167, 0.011083, 0.011208]
baseline_wg256_grain16_cap1024 stage_groups=[16, 1]
baseline_wg256_grain16_cap1024 host median_ms=0.141500 p90_ms=0.149958 samples_ms=[0.14420899999999998, 0.144458, 0.140584, 0.140042, 0.140166, 0.12575, 0.132667, 0.125583, 0.1415, 0.143667, 0.144166, 0.131458, 0.15100000000000002, 0.144333, 0.135167, 0.127417, 0.132292, 0.128833, 0.12462500000000001, 0.319417, 0.14837499999999998, 0.128167, 0.131125, 0.16908299999999998, 0.14325000000000002, 0.14216700000000002, 0.14175000000000001, 0.149958, 0.1275, 0.141542, 0.146833]
baseline_wg256_grain16_cap1024 gpu median_ms=0.010375 p90_ms=0.011042 samples_ms=[0.010292, 0.010917, 0.011208, 0.01025, 0.010375, 0.01025, 0.010208, 0.010375, 0.0105, 0.010583, 0.010541, 0.011125, 0.010583, 0.010167, 0.011167, 0.010208, 0.010291, 0.0105, 0.010625, 0.010083, 0.010833, 0.010333, 0.010333, 0.010416, 0.01025, 0.010375, 0.01025, 0.010917, 0.010084, 0.011042, 0.01025]
scalar_vector_wg128_i8_cap256 stage_groups=[64, 1]
scalar_vector_wg128_i8_cap256 host median_ms=0.131375 p90_ms=0.142458 samples_ms=[0.14516600000000002, 0.13137500000000002, 0.14100000000000001, 0.13608399999999998, 0.13908299999999998, 0.12270900000000001, 0.12449999999999999, 0.130084, 0.1305, 0.131417, 0.14283300000000002, 0.129792, 0.14400000000000002, 0.138333, 0.142458, 0.124, 0.12029200000000001, 0.12587500000000001, 0.114333, 0.134375, 0.132708, 0.12291599999999998, 0.129916, 0.12445800000000001, 0.138708, 0.1405, 0.13029200000000002, 0.139042, 0.125125, 0.114667, 0.14158300000000001]
scalar_vector_wg128_i8_cap256 gpu median_ms=0.007792 p90_ms=0.008459 samples_ms=[0.0075, 0.008458, 0.00825, 0.007792, 0.007583, 0.007792, 0.007458, 0.007666, 0.007416, 0.008459, 0.00825, 0.008667, 0.008459, 0.008458, 0.008375, 0.007959, 0.007708, 0.008208, 0.007667, 0.007667, 0.007708, 0.007625, 0.007666, 0.008542, 0.008459, 0.008, 0.0085, 0.007792, 0.007541, 0.007625, 0.008458]
n=65536 expected_f64=32254.078125000
baseline_wg256 stage_groups=[256, 1]
baseline_wg256 host median_ms=0.136709 p90_ms=0.143250 samples_ms=[0.138209, 0.142292, 0.13245800000000002, 0.141333, 0.12791699999999998, 0.15075, 0.140208, 0.13899999999999998, 0.142709, 0.14291600000000002, 0.149167, 0.131, 0.13999999999999999, 0.136709, 0.14325000000000002, 0.12487500000000001, 0.131917, 0.138583, 0.12999999999999998, 0.12774999999999997, 0.1365, 0.153542, 0.129291, 0.135584, 0.141542, 0.131083, 0.129542, 0.132125, 0.130833, 0.14308300000000002, 0.131458]
baseline_wg256 gpu median_ms=0.009542 p90_ms=0.010167 samples_ms=[0.010042, 0.01, 0.009209, 0.009333, 0.009167, 0.010083, 0.00975, 0.0095, 0.009709, 0.009417, 0.010125, 0.010167, 0.010209, 0.01, 0.010167, 0.009333, 0.009542, 0.0095, 0.00925, 0.009459, 0.009375, 0.009916, 0.009292, 0.010042, 0.009708, 0.009375, 0.0095, 0.009583, 0.009292, 0.010291, 0.009459]
production stage_groups=[]
production host median_ms=0.140458 p90_ms=0.148167 samples_ms=[0.133459, 0.147958, 0.131917, 0.24733300000000003, 0.1205, 0.147792, 0.14333400000000002, 0.133292, 0.14300000000000002, 0.14370799999999997, 0.127333, 0.140458, 0.1385, 0.144917, 0.140458, 0.13316599999999998, 0.135292, 0.127083, 0.24945799999999999, 0.13224999999999998, 0.138875, 0.155333, 0.148167, 0.142083, 0.14400000000000002, 0.134375, 0.13625, 0.12829200000000002, 0.141125, 0.143208, 0.140959]
production gpu median_ms=0.009459 p90_ms=0.010167 samples_ms=[0.010166, 0.010167, 0.009459, 0.009416, 0.009334, 0.010208, 0.010125, 0.009292, 0.009584, 0.009541, 0.009708, 0.009292, 0.01, 0.010208, 0.009792, 0.009417, 0.009417, 0.009375, 0.009292, 0.00925, 0.009584, 0.010167, 0.010292, 0.010167, 0.009334, 0.009291, 0.009375, 0.009625, 0.009459, 0.009458, 0.009208]
baseline_wg256_grain16_cap256 stage_groups=[16, 1]
baseline_wg256_grain16_cap256 host median_ms=0.138209 p90_ms=0.144833 samples_ms=[0.125209, 0.138209, 0.135459, 0.133334, 0.189625, 0.142292, 0.134125, 0.134375, 0.14233400000000002, 0.142584, 0.143208, 0.14400000000000002, 0.14008400000000001, 0.146375, 0.1425, 0.135125, 0.127375, 0.128583, 0.12795800000000002, 0.133167, 0.13883299999999998, 0.137875, 0.143208, 0.144833, 0.146167, 0.133875, 0.134583, 0.12975, 0.128583, 0.138958, 0.142542]
baseline_wg256_grain16_cap256 gpu median_ms=0.010417 p90_ms=0.011125 samples_ms=[0.010125, 0.011, 0.011083, 0.010417, 0.010417, 0.011125, 0.010084, 0.011083, 0.0105, 0.011042, 0.0105, 0.011125, 0.011083, 0.011125, 0.011084, 0.0105, 0.010375, 0.010417, 0.010083, 0.010333, 0.010166, 0.011125, 0.011083, 0.010167, 0.010291, 0.010333, 0.010083, 0.0105, 0.010333, 0.010416, 0.010416]
baseline_wg256_grain16_cap1024 stage_groups=[16, 1]
baseline_wg256_grain16_cap1024 host median_ms=0.140375 p90_ms=0.147292 samples_ms=[0.140375, 0.13733399999999998, 0.13245800000000002, 0.132292, 0.14575, 0.14733300000000002, 0.146708, 0.144125, 0.140375, 0.143542, 0.140709, 0.14383300000000002, 0.14275, 0.13487500000000002, 0.13904100000000003, 0.130458, 0.152333, 0.126083, 0.153, 0.13566699999999998, 0.147292, 0.14400000000000002, 0.128417, 0.14375, 0.135916, 0.130834, 0.134125, 0.12825, 0.128458, 0.14208400000000002, 0.13224999999999998]
baseline_wg256_grain16_cap1024 gpu median_ms=0.010625 p90_ms=0.011125 samples_ms=[0.01025, 0.010292, 0.0105, 0.010625, 0.011125, 0.011125, 0.010916, 0.011208, 0.011084, 0.011125, 0.011041, 0.011208, 0.010917, 0.011083, 0.010458, 0.010292, 0.011, 0.010208, 0.011125, 0.010375, 0.010333, 0.011208, 0.010334, 0.011125, 0.010375, 0.010083, 0.010292, 0.010542, 0.010542, 0.011084, 0.01025]
scalar_vector_wg128_i8_cap256 stage_groups=[64, 1]
scalar_vector_wg128_i8_cap256 host median_ms=0.133750 p90_ms=0.139333 samples_ms=[0.138083, 0.137708, 0.12208299999999998, 0.12237500000000001, 0.121375, 0.13816699999999998, 0.138583, 0.12316700000000001, 0.139333, 0.13375, 0.136125, 0.13525, 0.121458, 0.137625, 0.13716699999999998, 0.13012500000000002, 0.141292, 0.129542, 0.138417, 0.112959, 0.136625, 0.12237500000000001, 0.140542, 0.140125, 0.137333, 0.125916, 0.125916, 0.123833, 0.122917, 0.127666, 0.12224999999999998]
scalar_vector_wg128_i8_cap256 gpu median_ms=0.007625 p90_ms=0.008250 samples_ms=[0.00825, 0.007542, 0.00725, 0.007292, 0.0075, 0.00775, 0.00775, 0.008375, 0.008125, 0.007334, 0.007375, 0.008125, 0.007291, 0.008209, 0.007375, 0.0075, 0.008209, 0.008292, 0.008166, 0.007459, 0.007417, 0.007541, 0.00825, 0.00775, 0.007333, 0.007625, 0.007583, 0.007833, 0.007125, 0.008167, 0.00775]
n=65537 expected_f64=32254.109375000
baseline_wg256 stage_groups=[257, 2, 1]
baseline_wg256 host median_ms=0.141625 p90_ms=0.145667 samples_ms=[0.139958, 0.134666, 0.153917, 0.141208, 0.14225, 0.14300000000000002, 0.136167, 0.14116700000000001, 0.14175000000000001, 0.143208, 0.142417, 0.13525, 0.135208, 0.14566700000000002, 0.142333, 0.131791, 0.141083, 0.14024999999999999, 0.133, 0.142208, 0.143042, 0.130958, 0.12904100000000002, 0.127625, 0.131125, 0.148084, 0.145167, 0.14162499999999997, 0.142083, 0.144208, 0.14733300000000002]
baseline_wg256 gpu median_ms=0.012459 p90_ms=0.013583 samples_ms=[0.012125, 0.012625, 0.012166, 0.013458, 0.012083, 0.012833, 0.012417, 0.013583, 0.01225, 0.013583, 0.0135, 0.01225, 0.0135, 0.012417, 0.013583, 0.01225, 0.012084, 0.012459, 0.012291, 0.012583, 0.013417, 0.012417, 0.012166, 0.012125, 0.012459, 0.013541, 0.011917, 0.0135, 0.013458, 0.013583, 0.013042]
production stage_groups=[]
production host median_ms=0.138417 p90_ms=0.144667 samples_ms=[0.128334, 0.132583, 0.13533299999999998, 0.13991599999999998, 0.144875, 0.13999999999999999, 0.141916, 0.13466699999999998, 0.138417, 0.14200000000000002, 0.138834, 0.14370799999999997, 0.144667, 0.14316700000000002, 0.131166, 0.127833, 0.14875000000000002, 0.142667, 0.13566699999999998, 0.126333, 0.14091700000000001, 0.1285, 0.12204100000000001, 0.134917, 0.12029100000000001, 0.147083, 0.13470800000000002, 0.127459, 0.14016699999999999, 0.13525, 0.140291]
production gpu median_ms=0.010500 p90_ms=0.011083 samples_ms=[0.010959, 0.010417, 0.010459, 0.011084, 0.010208, 0.011, 0.010958, 0.010459, 0.010167, 0.011042, 0.010917, 0.011083, 0.010041, 0.011042, 0.011042, 0.010291, 0.010083, 0.010208, 0.010208, 0.01125, 0.010917, 0.0105, 0.01025, 0.010417, 0.010167, 0.01125, 0.011, 0.010291, 0.011, 0.010333, 0.011]
baseline_wg256_grain16_cap256 stage_groups=[17, 1]
baseline_wg256_grain16_cap256 host median_ms=0.137375 p90_ms=0.144042 samples_ms=[0.13666599999999998, 0.141458, 0.13674999999999998, 0.137375, 0.136667, 0.14720799999999998, 0.140666, 0.142541, 0.14404199999999998, 0.132916, 0.142625, 0.14300000000000002, 0.129834, 0.142583, 0.13375, 0.144041, 0.14420899999999998, 0.13729200000000003, 0.131875, 0.134041, 0.141584, 0.139834, 0.132459, 0.128208, 0.12379200000000001, 0.144875, 0.141208, 0.12316700000000001, 0.127459, 0.1405, 0.1305]
baseline_wg256_grain16_cap256 gpu median_ms=0.010375 p90_ms=0.011000 samples_ms=[0.011041, 0.010583, 0.010083, 0.011, 0.010333, 0.010958, 0.011042, 0.010834, 0.010458, 0.010875, 0.011, 0.010875, 0.010375, 0.010208, 0.010166, 0.010167, 0.011, 0.01, 0.010125, 0.010125, 0.011041, 0.010208, 0.010334, 0.010167, 0.010166, 0.010958, 0.01025, 0.010125, 0.010208, 0.011, 0.011]
baseline_wg256_grain16_cap1024 stage_groups=[17, 1]
baseline_wg256_grain16_cap1024 host median_ms=0.134542 p90_ms=0.144792 samples_ms=[0.12758299999999997, 0.14100000000000001, 0.12812500000000002, 0.144041, 0.134459, 0.14158300000000001, 0.142208, 0.143208, 0.145042, 0.144792, 0.141542, 0.144125, 0.134125, 0.127417, 0.134542, 0.134042, 0.14550000000000002, 0.126292, 0.139791, 0.133042, 0.127333, 0.13037500000000002, 0.1295, 0.12770800000000002, 0.14616600000000002, 0.143208, 0.130708, 0.118791, 0.123333, 0.13966599999999998, 0.13937500000000003]
baseline_wg256_grain16_cap1024 gpu median_ms=0.010334 p90_ms=0.011042 samples_ms=[0.010125, 0.010917, 0.010125, 0.010959, 0.011125, 0.010958, 0.011, 0.010334, 0.010125, 0.01025, 0.010209, 0.011, 0.010292, 0.010917, 0.010375, 0.010375, 0.010417, 0.01025, 0.010333, 0.010125, 0.01025, 0.010292, 0.010333, 0.010625, 0.011042, 0.011042, 0.010333, 0.010375, 0.010208, 0.010125, 0.011042]
scalar_vector_wg128_i8_cap256 stage_groups=[65, 1]
scalar_vector_wg128_i8_cap256 host median_ms=0.137500 p90_ms=0.146750 samples_ms=[0.1665, 0.145833, 0.114, 0.14433400000000002, 0.14941600000000002, 0.146375, 0.1375, 0.143667, 0.131, 0.13875, 0.141375, 0.12416599999999998, 0.12466699999999999, 0.14675, 0.13383399999999998, 0.165375, 0.142791, 0.14529199999999998, 0.12408300000000001, 0.14179199999999997, 0.124041, 0.125417, 0.11925, 0.121708, 0.12475, 0.135458, 0.140375, 0.14091700000000001, 0.124084, 0.13699999999999998, 0.131708]
scalar_vector_wg128_i8_cap256 gpu median_ms=0.008250 p90_ms=0.008750 samples_ms=[0.0085, 0.008667, 0.008, 0.00875, 0.008917, 0.007875, 0.00825, 0.008833, 0.008208, 0.00775, 0.008042, 0.008667, 0.008, 0.008333, 0.008166, 0.007625, 0.009083, 0.007792, 0.008167, 0.008708, 0.008417, 0.007791, 0.008125, 0.008041, 0.008375, 0.008709, 0.00825, 0.00875, 0.007959, 0.008, 0.008459]
n=262145 expected_f64=129017.187500000
baseline_wg256 stage_groups=[1025, 5, 1]
baseline_wg256 host median_ms=0.153167 p90_ms=0.163875 samples_ms=[0.1545, 0.154416, 0.153, 0.15345899999999998, 0.16129100000000002, 0.16433299999999998, 0.162708, 0.15070799999999998, 0.155875, 0.16124999999999998, 0.145084, 0.16387500000000002, 0.163042, 0.151458, 0.163, 0.148833, 0.145209, 0.15254099999999998, 0.143125, 0.16712500000000002, 0.147458, 0.148792, 0.153167, 0.151458, 0.16487500000000002, 0.14666700000000002, 0.16354100000000002, 0.16279200000000002, 0.142542, 0.151208, 0.151792]
baseline_wg256 gpu median_ms=0.023125 p90_ms=0.027417 samples_ms=[0.022625, 0.022625, 0.022833, 0.026208, 0.027417, 0.027167, 0.022834, 0.027417, 0.02275, 0.0275, 0.022584, 0.027042, 0.02725, 0.023, 0.026416, 0.022333, 0.022583, 0.022541, 0.022542, 0.02675, 0.026417, 0.022833, 0.023125, 0.026542, 0.0275, 0.027834, 0.027292, 0.025791, 0.022375, 0.022917, 0.0225]
production stage_groups=[]
production host median_ms=0.139584 p90_ms=0.147334 samples_ms=[0.134792, 0.136375, 0.1425, 0.13799999999999998, 0.14545899999999998, 0.138959, 0.15120899999999998, 0.145291, 0.14416700000000002, 0.13825, 0.156917, 0.14133400000000002, 0.143958, 0.13224999999999998, 0.132583, 0.136125, 0.144458, 0.14291600000000002, 0.147334, 0.142584, 0.130666, 0.13329100000000002, 0.132375, 0.14720799999999998, 0.129583, 0.134791, 0.1435, 0.13958399999999999, 0.14875000000000002, 0.138458, 0.135]
production gpu median_ms=0.010709 p90_ms=0.011292 samples_ms=[0.010292, 0.011292, 0.011167, 0.010584, 0.011291, 0.010334, 0.010875, 0.011292, 0.011208, 0.0105, 0.01125, 0.011208, 0.011166, 0.010292, 0.011, 0.0105, 0.011333, 0.010417, 0.011375, 0.010375, 0.010791, 0.010541, 0.010708, 0.010584, 0.010709, 0.010542, 0.0105, 0.011417, 0.010334, 0.010417, 0.01075]
baseline_wg256_grain16_cap256 stage_groups=[65, 1]
baseline_wg256_grain16_cap256 host median_ms=0.139791 p90_ms=0.149958 samples_ms=[0.130083, 0.144667, 0.13975, 0.145041, 0.145167, 0.13899999999999998, 0.144542, 0.143125, 0.141667, 0.134292, 0.14475, 0.126333, 0.143125, 0.149958, 0.13362500000000002, 0.162, 0.137333, 0.138458, 0.159708, 0.138958, 0.131875, 0.13608399999999998, 0.130083, 0.140584, 0.139791, 0.14216700000000002, 0.13975, 0.141459, 0.156333, 0.121584, 0.129]
baseline_wg256_grain16_cap256 gpu median_ms=0.010625 p90_ms=0.011333 samples_ms=[0.010542, 0.010334, 0.010541, 0.01125, 0.010417, 0.011292, 0.011042, 0.01025, 0.01125, 0.010125, 0.011333, 0.010541, 0.011292, 0.010375, 0.010667, 0.010333, 0.010458, 0.010167, 0.010542, 0.010625, 0.01075, 0.010292, 0.010834, 0.011333, 0.011334, 0.011125, 0.01125, 0.011292, 0.011375, 0.01025, 0.010334]
baseline_wg256_grain16_cap1024 stage_groups=[65, 1]
baseline_wg256_grain16_cap1024 host median_ms=0.140000 p90_ms=0.147042 samples_ms=[0.151792, 0.141667, 0.13983299999999999, 0.143667, 0.140125, 0.137208, 0.134959, 0.147792, 0.144458, 0.132, 0.135666, 0.137916, 0.145291, 0.14179199999999997, 0.132041, 0.147042, 0.148666, 0.12975, 0.133542, 0.129625, 0.145541, 0.132875, 0.1305, 0.13020800000000002, 0.14583400000000002, 0.13999999999999999, 0.145875, 0.13975, 0.134334, 0.145208, 0.146042]
baseline_wg256_grain16_cap1024 gpu median_ms=0.010584 p90_ms=0.011250 samples_ms=[0.011209, 0.01125, 0.011209, 0.011375, 0.011417, 0.010542, 0.011209, 0.011167, 0.011208, 0.010458, 0.010417, 0.010417, 0.010375, 0.01125, 0.010417, 0.010584, 0.01075, 0.010334, 0.010333, 0.010333, 0.010667, 0.010625, 0.010792, 0.010709, 0.010458, 0.010375, 0.0105, 0.010583, 0.0105, 0.010416, 0.010666]
scalar_vector_wg128_i8_cap256 stage_groups=[256, 1]
scalar_vector_wg128_i8_cap256 host median_ms=0.141875 p90_ms=0.148417 samples_ms=[0.149041, 0.130667, 0.13875, 0.145625, 0.143208, 0.11975, 0.14387499999999998, 0.143292, 0.143125, 0.144542, 0.132292, 0.148958, 0.144875, 0.148417, 0.139791, 0.152959, 0.124459, 0.127375, 0.12079200000000001, 0.148209, 0.131459, 0.125292, 0.130458, 0.137667, 0.135958, 0.135, 0.14566700000000002, 0.145125, 0.125167, 0.141875, 0.145583]
scalar_vector_wg128_i8_cap256 gpu median_ms=0.008833 p90_ms=0.009542 samples_ms=[0.008791, 0.008625, 0.00875, 0.009417, 0.0095, 0.008375, 0.009542, 0.008625, 0.009458, 0.008584, 0.009458, 0.008709, 0.009458, 0.008666, 0.008916, 0.009583, 0.008667, 0.008709, 0.00875, 0.008708, 0.008833, 0.008875, 0.008833, 0.008667, 0.008625, 0.009459, 0.009667, 0.009667, 0.008833, 0.009541, 0.009375]
n=1000003 expected_f64=492186.593750000
baseline_wg256 stage_groups=[3907, 16, 1]
baseline_wg256 host median_ms=0.192375 p90_ms=0.206583 samples_ms=[0.18725, 0.18725, 0.192375, 0.181333, 0.202083, 0.18729099999999999, 0.210125, 0.197667, 0.1975, 0.186166, 0.20658300000000002, 0.193833, 0.203, 0.191375, 0.189833, 0.19425, 0.188041, 0.198042, 0.20024999999999998, 0.197584, 0.188666, 0.18191600000000002, 0.208584, 0.18820800000000001, 0.185083, 0.203583, 0.201709, 0.18720900000000001, 0.209958, 0.19, 0.185416]
baseline_wg256 gpu median_ms=0.063667 p90_ms=0.067208 samples_ms=[0.062625, 0.066, 0.062041, 0.063667, 0.062291, 0.067625, 0.06675, 0.067125, 0.06275, 0.061875, 0.062292, 0.0675, 0.067, 0.062542, 0.067042, 0.068167, 0.062083, 0.062875, 0.067125, 0.067208, 0.065875, 0.06275, 0.062542, 0.062375, 0.065417, 0.065417, 0.06225, 0.062334, 0.062416, 0.066209, 0.065625]
production stage_groups=[]
production host median_ms=0.134750 p90_ms=0.143333 samples_ms=[0.128834, 0.132833, 0.13708399999999998, 0.14016699999999999, 0.14566700000000002, 0.143333, 0.135458, 0.13475, 0.12804200000000002, 0.130416, 0.134458, 0.13933399999999999, 0.130667, 0.130083, 0.140458, 0.143958, 0.1385, 0.139667, 0.125292, 0.140042, 0.13574999999999998, 0.142709, 0.132042, 0.184666, 0.130166, 0.14275, 0.131083, 0.13433299999999998, 0.131792, 0.131917, 0.1295]
production gpu median_ms=0.013417 p90_ms=0.014083 samples_ms=[0.013041, 0.013625, 0.013208, 0.013875, 0.013666, 0.013833, 0.01325, 0.014, 0.013292, 0.013208, 0.01325, 0.014167, 0.014042, 0.013417, 0.014042, 0.013542, 0.013167, 0.014083, 0.013959, 0.014042, 0.013292, 0.014125, 0.013167, 0.013333, 0.01325, 0.013208, 0.013375, 0.01325, 0.014166, 0.013708, 0.01325]
baseline_wg256_grain16_cap256 stage_groups=[245, 1]
baseline_wg256_grain16_cap256 host median_ms=0.135833 p90_ms=0.142667 samples_ms=[0.127208, 0.138542, 0.135833, 0.143709, 0.131833, 0.13241699999999998, 0.13054200000000002, 0.141708, 0.12433299999999999, 0.140833, 0.125916, 0.131083, 0.140625, 0.134208, 0.138583, 0.141291, 0.136292, 0.132583, 0.1305, 0.14770899999999998, 0.13699999999999998, 0.142667, 0.143958, 0.130166, 0.132917, 0.137042, 0.13333299999999998, 0.13120800000000002, 0.14100000000000001, 0.13333299999999998, 0.140125]
baseline_wg256_grain16_cap256 gpu median_ms=0.013334 p90_ms=0.013916 samples_ms=[0.013209, 0.013417, 0.013542, 0.014167, 0.013209, 0.013959, 0.0135, 0.013916, 0.013, 0.013208, 0.013041, 0.013333, 0.013791, 0.013333, 0.013166, 0.013875, 0.013333, 0.013459, 0.013875, 0.013125, 0.013459, 0.013208, 0.013375, 0.013084, 0.013334, 0.013209, 0.013125, 0.013208, 0.013917, 0.0135, 0.013334]
baseline_wg256_grain16_cap1024 stage_groups=[245, 1]
baseline_wg256_grain16_cap1024 host median_ms=0.136791 p90_ms=0.145041 samples_ms=[0.129875, 0.13533299999999998, 0.12820900000000002, 0.128375, 0.13362500000000002, 0.134125, 0.156584, 0.141417, 0.143917, 0.137875, 0.13679100000000002, 0.13875, 0.134916, 0.148334, 0.142125, 0.140583, 0.130708, 0.287375, 0.145041, 0.137208, 0.136291, 0.141916, 0.141375, 0.134792, 0.132875, 0.13674999999999998, 0.13691699999999998, 0.132208, 0.143208, 0.134792, 0.133666]
baseline_wg256_grain16_cap1024 gpu median_ms=0.013375 p90_ms=0.013959 samples_ms=[0.013208, 0.013417, 0.013166, 0.013375, 0.013916, 0.013125, 0.013167, 0.013084, 0.013875, 0.012959, 0.013542, 0.013083, 0.014083, 0.01375, 0.013959, 0.013292, 0.013291, 0.013041, 0.013583, 0.013083, 0.014041, 0.014, 0.013875, 0.013333, 0.013042, 0.0135, 0.013209, 0.013042, 0.013958, 0.013375, 0.013583]
scalar_vector_wg128_i8_cap256 stage_groups=[256, 1]
scalar_vector_wg128_i8_cap256 host median_ms=0.138625 p90_ms=0.145458 samples_ms=[0.131083, 0.129417, 0.131959, 0.13016699999999998, 0.141667, 0.132125, 0.152, 0.139625, 0.140584, 0.180625, 0.157083, 0.145458, 0.130333, 0.13899999999999998, 0.133, 0.141209, 0.132416, 0.141375, 0.140458, 0.145375, 0.132208, 0.13316599999999998, 0.141083, 0.13208299999999998, 0.132333, 0.142458, 0.144708, 0.134666, 0.131458, 0.138625, 0.129208]
scalar_vector_wg128_i8_cap256 gpu median_ms=0.011958 p90_ms=0.012583 samples_ms=[0.011792, 0.011875, 0.011917, 0.012042, 0.012583, 0.011792, 0.012083, 0.012458, 0.012792, 0.01175, 0.012083, 0.012833, 0.011958, 0.011667, 0.012209, 0.011834, 0.011875, 0.011958, 0.012542, 0.012167, 0.01175, 0.012459, 0.012584, 0.01175, 0.012042, 0.011917, 0.011875, 0.011625, 0.011834, 0.012041, 0.012375]
n=4000003 expected_f64=1968746.492187500
baseline_wg256 stage_groups=[15626, 62, 1]
baseline_wg256 host median_ms=0.354083 p90_ms=0.368083 samples_ms=[0.358167, 0.355041, 0.35083400000000003, 0.351625, 0.3625, 0.345542, 0.368083, 0.354041, 0.36166699999999996, 0.366625, 0.368583, 0.35154199999999997, 0.36570800000000003, 0.353084, 0.354083, 0.369292, 0.35104199999999997, 0.35529099999999997, 0.350333, 0.372459, 0.361709, 0.350209, 0.347166, 0.34225, 0.35333400000000004, 0.35508300000000004, 0.346041, 0.363875, 0.35550000000000004, 0.345208, 0.346833]
baseline_wg256 gpu median_ms=0.228750 p90_ms=0.236292 samples_ms=[0.226334, 0.23725, 0.291417, 0.225375, 0.229, 0.225292, 0.238459, 0.235667, 0.229125, 0.230209, 0.231292, 0.232667, 0.232791, 0.233167, 0.224792, 0.2255, 0.225417, 0.224917, 0.225792, 0.236292, 0.233875, 0.226417, 0.223792, 0.2255, 0.228167, 0.234542, 0.224458, 0.227083, 0.228958, 0.22875, 0.228375]
production stage_groups=[]
production host median_ms=0.149458 p90_ms=0.165541 samples_ms=[0.18679199999999999, 0.14945799999999998, 0.145542, 0.154583, 0.14516600000000002, 0.150333, 0.17375, 0.147458, 0.154875, 0.165541, 0.162375, 0.145792, 0.147666, 0.15100000000000002, 0.151917, 0.14875000000000002, 0.161167, 0.146958, 0.148417, 0.151125, 0.14650000000000002, 0.145792, 0.149833, 0.14804099999999998, 0.149417, 0.146541, 0.146625, 0.19425, 0.15133400000000002, 0.14754199999999998, 0.160125]
production gpu median_ms=0.026000 p90_ms=0.029042 samples_ms=[0.0255, 0.029042, 0.025833, 0.029417, 0.031125, 0.028625, 0.028333, 0.025459, 0.029291, 0.028625, 0.025875, 0.025667, 0.026, 0.026167, 0.0285, 0.025416, 0.02875, 0.025667, 0.025417, 0.025959, 0.028625, 0.02875, 0.025583, 0.02525, 0.028916, 0.025959, 0.026416, 0.025542, 0.025667, 0.028542, 0.025417]
baseline_wg256_grain16_cap256 stage_groups=[256, 1]
baseline_wg256_grain16_cap256 host median_ms=0.150041 p90_ms=0.163333 samples_ms=[0.213042, 0.15204199999999998, 0.15025, 0.149667, 0.14775000000000002, 0.14733300000000002, 0.16695800000000002, 0.146375, 0.14945799999999998, 0.16333299999999998, 0.159042, 0.144958, 0.14725, 0.15745900000000002, 0.14775000000000002, 0.151375, 0.159625, 0.157917, 0.31495900000000004, 0.15087499999999998, 0.14720799999999998, 0.147541, 0.155458, 0.14754199999999998, 0.150041, 0.143959, 0.144667, 0.14758300000000002, 0.146959, 0.15745900000000002, 0.158708]
baseline_wg256_grain16_cap256 gpu median_ms=0.026250 p90_ms=0.029000 samples_ms=[0.025875, 0.028791, 0.025417, 0.029416, 0.0285, 0.025458, 0.025375, 0.02625, 0.0285, 0.026459, 0.025417, 0.029, 0.026917, 0.026292, 0.025459, 0.025584, 0.029292, 0.025708, 0.026125, 0.02625, 0.0285, 0.025333, 0.025542, 0.025458, 0.02875, 0.026208, 0.025875, 0.028625, 0.029125, 0.0255, 0.028958]
baseline_wg256_grain16_cap1024 stage_groups=[977, 1]
baseline_wg256_grain16_cap1024 host median_ms=0.152083 p90_ms=0.162750 samples_ms=[0.15275, 0.152167, 0.15345899999999998, 0.15341700000000003, 0.1495, 0.144708, 0.179375, 0.151625, 0.15066600000000002, 0.163416, 0.153458, 0.152125, 0.174084, 0.14975, 0.156709, 0.15083300000000002, 0.16275, 0.157792, 0.150334, 0.153875, 0.15045799999999998, 0.152083, 0.151791, 0.155791, 0.15116700000000002, 0.149917, 0.147209, 0.14629199999999998, 0.153792, 0.147458, 0.147458]
baseline_wg256_grain16_cap1024 gpu median_ms=0.029667 p90_ms=0.032458 samples_ms=[0.029542, 0.029292, 0.0285, 0.031708, 0.030875, 0.0315, 0.028416, 0.032166, 0.028459, 0.028708, 0.032542, 0.031792, 0.02875, 0.032167, 0.0285, 0.0295, 0.0295, 0.031917, 0.031917, 0.029667, 0.028667, 0.028458, 0.032042, 0.028375, 0.031667, 0.029334, 0.03225, 0.032708, 0.028625, 0.034417, 0.032458]
scalar_vector_wg128_i8_cap256 stage_groups=[256, 1]
scalar_vector_wg128_i8_cap256 host median_ms=0.147917 p90_ms=0.161875 samples_ms=[0.147458, 0.148417, 0.144375, 0.14625, 0.145125, 0.144583, 0.144375, 0.148333, 0.15100000000000002, 0.144625, 0.14975, 0.149667, 0.168542, 0.145709, 0.153333, 0.150375, 0.156583, 0.16375, 0.14650000000000002, 0.153917, 0.147042, 0.15312499999999998, 0.14575, 0.147917, 0.17316700000000002, 0.14825, 0.143292, 0.147917, 0.14725, 0.161875, 0.146792]
scalar_vector_wg128_i8_cap256 gpu median_ms=0.024708 p90_ms=0.027750 samples_ms=[0.024917, 0.024541, 0.024583, 0.024625, 0.024458, 0.024625, 0.027667, 0.025, 0.029125, 0.027459, 0.024333, 0.024125, 0.024375, 0.027541, 0.027625, 0.024375, 0.024583, 0.024792, 0.027833, 0.024875, 0.027334, 0.024291, 0.02775, 0.027834, 0.0275, 0.024708, 0.024125, 0.02475, 0.024125, 0.024458, 0.024708]
n=16000003 expected_f64=7874988.898437500
baseline_wg256 stage_groups=[62501, 245, 1]
baseline_wg256 host median_ms=1.156375 p90_ms=1.231041 samples_ms=[1.092958, 1.107667, 1.1302910000000002, 1.093833, 1.124709, 1.132208, 1.148625, 1.12775, 1.123333, 1.1637920000000002, 1.1563750000000002, 1.136792, 1.135959, 1.213042, 1.136834, 1.152417, 1.231041, 1.146167, 1.150625, 1.164208, 1.279, 1.197416, 1.1807079999999999, 1.1594170000000001, 1.212083, 1.2409999999999999, 1.2045000000000001, 1.224584, 1.230791, 1.228083, 1.23175]
baseline_wg256 gpu median_ms=0.990791 p90_ms=1.019292 samples_ms=[0.944916, 0.954334, 0.952209, 0.946292, 0.95275, 1.00875, 0.942041, 0.951666, 0.957917, 0.959041, 1.094875, 0.958375, 0.990791, 1.012459, 0.956125, 0.955542, 1.012292, 0.95075, 1.014458, 1.019292, 0.953333, 1.016625, 1.008875, 0.956666, 1.011416, 1.011875, 1.091375, 1.014833, 1.009875, 1.108875, 1.0115]
production stage_groups=[]
production host median_ms=0.323708 p90_ms=0.365625 samples_ms=[0.286375, 0.281041, 0.296916, 0.293708, 0.317458, 0.317458, 0.302375, 0.31633300000000003, 0.30725, 0.32449999999999996, 0.328959, 0.32370800000000005, 0.305583, 0.343667, 0.301875, 0.31895799999999996, 0.314208, 0.335708, 0.326084, 0.34299999999999997, 0.307458, 0.299083, 0.34450000000000003, 0.561958, 0.329958, 0.350875, 0.337292, 0.371917, 0.373708, 0.36562500000000003, 0.324584]
production gpu median_ms=0.152750 p90_ms=0.174208 samples_ms=[0.137709, 0.1315, 0.15275, 0.133375, 0.149334, 0.147625, 0.135792, 0.142041, 0.149125, 0.148333, 0.175208, 0.134583, 0.173959, 0.13525, 0.153375, 0.160959, 0.136333, 0.135666, 0.177708, 0.164167, 0.155291, 0.135917, 0.174208, 0.157334, 0.173167, 0.168875, 0.137166, 0.154541, 0.174791, 0.162458, 0.173791]
baseline_wg256_grain16_cap256 stage_groups=[256, 1]
baseline_wg256_grain16_cap256 host median_ms=0.307584 p90_ms=0.347458 samples_ms=[0.278542, 0.279, 0.305042, 0.297542, 0.29120799999999997, 0.29862500000000003, 0.308959, 0.304333, 0.28245899999999996, 0.302166, 0.330292, 0.32983399999999996, 0.32329199999999997, 0.307584, 0.296125, 0.296125, 0.29520799999999997, 0.336042, 0.33625, 0.306375, 0.295792, 0.29924999999999996, 0.340291, 0.41120799999999996, 0.35683299999999996, 0.325583, 0.32249999999999995, 0.35541700000000004, 0.340334, 0.328375, 0.347458]
baseline_wg256_grain16_cap256 gpu median_ms=0.136625 p90_ms=0.152583 samples_ms=[0.134209, 0.135209, 0.1555, 0.136083, 0.135125, 0.137459, 0.135917, 0.135125, 0.1335, 0.136083, 0.135583, 0.13975, 0.14275, 0.13825, 0.136959, 0.135708, 0.134875, 0.174667, 0.145334, 0.137625, 0.134583, 0.13575, 0.152583, 0.136041, 0.136, 0.137709, 0.136625, 0.176625, 0.14, 0.138291, 0.137417]
baseline_wg256_grain16_cap1024 stage_groups=[1024, 1]
baseline_wg256_grain16_cap1024 host median_ms=0.317791 p90_ms=0.343208 samples_ms=[0.297625, 0.28075, 0.293166, 0.301417, 0.314875, 0.29474999999999996, 0.332041, 0.312792, 0.335208, 0.296917, 0.347125, 0.312958, 0.313792, 0.34049999999999997, 0.317791, 0.29716699999999996, 0.33675000000000005, 0.331875, 0.339125, 0.309959, 0.309667, 0.306667, 0.319833, 0.298958, 0.327917, 0.32941600000000004, 0.345833, 0.343208, 0.347666, 0.330833, 0.32941699999999996]
baseline_wg256_grain16_cap1024 gpu median_ms=0.143291 p90_ms=0.149375 samples_ms=[0.142166, 0.140833, 0.136833, 0.143, 0.140541, 0.144625, 0.137208, 0.143666, 0.136291, 0.150542, 0.142292, 0.149375, 0.141875, 0.144459, 0.139125, 0.146416, 0.142291, 0.146042, 0.143291, 0.146042, 0.138333, 0.143916, 0.148208, 0.15375, 0.1415, 0.149958, 0.14325, 0.149334, 0.144084, 0.146709, 0.143125]
scalar_vector_wg128_i8_cap256 stage_groups=[256, 1]
scalar_vector_wg128_i8_cap256 host median_ms=0.311459 p90_ms=0.349750 samples_ms=[0.273958, 0.29466600000000004, 0.26725000000000004, 0.28695800000000005, 0.295292, 0.307792, 0.286916, 0.300667, 0.298209, 0.304042, 0.304666, 0.321459, 0.287042, 0.311459, 0.30408300000000005, 0.35975, 0.313166, 0.31666700000000003, 0.338458, 0.320125, 0.288916, 0.394208, 0.302625, 0.315208, 0.343792, 0.362542, 0.315417, 0.340167, 0.319917, 0.34975, 0.322375]
scalar_vector_wg128_i8_cap256 gpu median_ms=0.133917 p90_ms=0.138750 samples_ms=[0.132583, 0.124333, 0.132458, 0.130084, 0.135917, 0.129958, 0.134625, 0.129167, 0.135166, 0.134459, 0.136166, 0.125125, 0.133917, 0.131333, 0.134041, 0.127125, 0.136958, 0.126417, 0.136584, 0.137125, 0.133083, 0.127417, 0.13875, 0.126041, 0.137166, 0.12925, 0.135333, 0.12775, 0.139583, 0.139584, 0.139417]
