backend=metal period_ns=1 candidates=5; 200ms held warmup,rotated samples; host mode has no query writes/resolution and reads4bytes; GPU mode measures all stages in one compute pass; both use timestamp-capable device; vec4 candidates require padded input/intermediates
samples=31 production_policy=true
n=0 expected_f64=-0.000000000
baseline_wg256 stage_groups=[1]
baseline_wg256 host median_ms=0.127167 p90_ms=0.136250 samples_ms=[0.127167, 0.255666, 0.12695800000000002, 0.131792, 0.125167, 0.134542, 0.12308299999999998, 0.1265, 0.135292, 0.127667, 0.120541, 0.135584, 0.12370799999999998, 0.129084, 0.136, 0.135, 0.122416, 0.26287499999999997, 0.124666, 0.12525, 0.136959, 0.13625, 0.12262500000000001, 0.120833, 0.131166, 0.127959, 0.125209, 0.121958, 0.12079200000000001, 0.130417, 0.12595900000000002]
baseline_wg256 gpu median_ms=0.003958 p90_ms=0.004250 samples_ms=[0.003791, 0.003917, 0.003958, 0.003917, 0.004, 0.004125, 0.003875, 0.004292, 0.00425, 0.003833, 0.003875, 0.003834, 0.003959, 0.004292, 0.003959, 0.00425, 0.004, 0.003834, 0.003917, 0.003833, 0.004334, 0.00425, 0.003917, 0.003917, 0.004209, 0.003916, 0.003958, 0.004041, 0.003875, 0.004042, 0.004167]
production stage_groups=[]
production host median_ms=0.128834 p90_ms=0.135292 samples_ms=[0.121, 0.12654100000000001, 0.12362500000000001, 0.126792, 0.12725, 0.133875, 0.142542, 0.129375, 0.134041, 0.134792, 0.133083, 0.134625, 0.1295, 0.13275, 0.13504200000000002, 0.13349999999999998, 0.11916700000000001, 0.1385, 0.125292, 0.136541, 0.128834, 0.135292, 0.12625, 0.11966700000000001, 0.130917, 0.12241699999999998, 0.122125, 0.12095900000000001, 0.120917, 0.12379200000000001, 0.1205]
production gpu median_ms=0.004041 p90_ms=0.004292 samples_ms=[0.004208, 0.004167, 0.003917, 0.004041, 0.004083, 0.00425, 0.004, 0.003833, 0.003959, 0.003833, 0.004375, 0.003958, 0.004417, 0.00425, 0.004375, 0.004292, 0.00375, 0.004167, 0.003958, 0.004209, 0.003792, 0.004208, 0.003916, 0.004, 0.00375, 0.004042, 0.004, 0.004166, 0.003959, 0.004125, 0.003875]
baseline_wg256_grain16_cap256 stage_groups=[1]
baseline_wg256_grain16_cap256 host median_ms=0.128416 p90_ms=0.135958 samples_ms=[0.128416, 0.12224999999999998, 0.130917, 0.127167, 0.12108300000000001, 0.13316599999999998, 0.131708, 0.122667, 0.129667, 0.129042, 0.131666, 0.12925, 0.12787500000000002, 0.127, 0.130291, 0.13229100000000002, 0.119625, 0.137417, 0.157625, 0.13924999999999998, 0.121667, 0.133708, 0.135958, 0.131875, 0.12475, 0.124208, 0.123042, 0.12262500000000001, 0.12354099999999998, 0.118667, 0.12487500000000001]
baseline_wg256_grain16_cap256 gpu median_ms=0.004041 p90_ms=0.004333 samples_ms=[0.004292, 0.004, 0.003875, 0.003959, 0.003792, 0.003792, 0.003959, 0.003875, 0.003917, 0.004333, 0.00425, 0.0045, 0.004375, 0.004333, 0.004291, 0.004375, 0.003833, 0.004042, 0.004, 0.004041, 0.003834, 0.004292, 0.00425, 0.003916, 0.004291, 0.004083, 0.004208, 0.003958, 0.004125, 0.003958, 0.004041]
baseline_wg256_grain16_cap1024 stage_groups=[1]
baseline_wg256_grain16_cap1024 host median_ms=0.127959 p90_ms=0.141292 samples_ms=[0.120834, 0.12175000000000001, 0.12625, 0.144792, 0.133, 0.13433299999999998, 0.12308299999999998, 0.121084, 0.1205, 0.13533299999999998, 0.13937500000000003, 0.13425, 0.137375, 0.12012500000000001, 0.141292, 0.131833, 0.12479200000000001, 0.127959, 0.124125, 0.132917, 0.122958, 0.132, 0.134375, 0.123542, 0.14529199999999998, 0.24983299999999997, 0.1295, 0.121834, 0.121208, 0.11574999999999999, 0.11950000000000001]
baseline_wg256_grain16_cap1024 gpu median_ms=0.003959 p90_ms=0.004333 samples_ms=[0.003959, 0.003833, 0.003875, 0.003959, 0.003917, 0.00425, 0.003875, 0.003833, 0.003958, 0.003875, 0.004375, 0.004333, 0.004125, 0.004208, 0.003917, 0.00425, 0.003834, 0.004333, 0.003834, 0.003666, 0.003708, 0.004166, 0.004333, 0.003834, 0.004291, 0.003917, 0.004333, 0.004, 0.004125, 0.004042, 0.003959]
scalar_vector_wg128_i8_cap256 stage_groups=[1]
scalar_vector_wg128_i8_cap256 host median_ms=0.129208 p90_ms=0.135041 samples_ms=[0.12125000000000001, 0.1315, 0.12029200000000001, 0.13054200000000002, 0.12262500000000001, 0.13433299999999998, 0.12391600000000001, 0.134, 0.131125, 0.12466699999999999, 0.132125, 0.136542, 0.131875, 0.134417, 0.124125, 0.1235, 0.121958, 0.13262500000000002, 0.115125, 0.13549999999999998, 0.130458, 0.135041, 0.13674999999999998, 0.120667, 0.129208, 0.12175000000000001, 0.12825, 0.132791, 0.121458, 0.121, 0.12204100000000001]
scalar_vector_wg128_i8_cap256 gpu median_ms=0.003916 p90_ms=0.004167 samples_ms=[0.003792, 0.003875, 0.003792, 0.003875, 0.004084, 0.004208, 0.003916, 0.003916, 0.004167, 0.003834, 0.004292, 0.00375, 0.004125, 0.00375, 0.003875, 0.003917, 0.00375, 0.003917, 0.003709, 0.003792, 0.003875, 0.004167, 0.004083, 0.003708, 0.004125, 0.003792, 0.003709, 0.003959, 0.004, 0.003916, 0.003958]
n=1 expected_f64=0.000000000
baseline_wg256 stage_groups=[1]
baseline_wg256 host median_ms=0.132000 p90_ms=0.139000 samples_ms=[0.137542, 0.12570800000000001, 0.128875, 0.12262500000000001, 0.111875, 0.12175000000000001, 0.136709, 0.132416, 0.122541, 0.186958, 0.135167, 0.127458, 0.134375, 0.133125, 0.13899999999999998, 0.127417, 0.128417, 0.125166, 0.127334, 0.129083, 0.129875, 0.141708, 0.132, 0.12095800000000001, 0.138667, 0.234875, 0.13383399999999998, 0.130166, 0.133791, 0.135208, 0.132875]
baseline_wg256 gpu median_ms=0.004084 p90_ms=0.004375 samples_ms=[0.004375, 0.004, 0.004041, 0.004083, 0.004167, 0.003916, 0.004333, 0.004334, 0.004083, 0.003959, 0.004292, 0.004333, 0.004417, 0.004416, 0.004042, 0.00425, 0.004042, 0.003917, 0.003959, 0.003958, 0.004083, 0.004, 0.004416, 0.003875, 0.004084, 0.004041, 0.004209, 0.004375, 0.00425, 0.004208, 0.004375]
production stage_groups=[]
production host median_ms=0.130375 p90_ms=0.135167 samples_ms=[0.128166, 0.132333, 0.122958, 0.123833, 0.13358399999999998, 0.131833, 0.135625, 0.12774999999999997, 0.12587500000000001, 0.12570800000000001, 0.132541, 0.13037500000000002, 0.134334, 0.131959, 0.132583, 0.12295900000000001, 0.135167, 0.12237500000000001, 0.1315, 0.12470800000000001, 0.127792, 0.137625, 0.12479099999999999, 0.125542, 0.12525, 0.12575, 0.125958, 0.134125, 0.139291, 0.131417, 0.131792]
production gpu median_ms=0.004084 p90_ms=0.004375 samples_ms=[0.004417, 0.004375, 0.004125, 0.003959, 0.004334, 0.004333, 0.004333, 0.004209, 0.004084, 0.003958, 0.004458, 0.004333, 0.004042, 0.004083, 0.004334, 0.003958, 0.003875, 0.004042, 0.004084, 0.003958, 0.004, 0.00425, 0.004208, 0.004, 0.004041, 0.003875, 0.004125, 0.004042, 0.004041, 0.004, 0.004417]
baseline_wg256_grain16_cap256 stage_groups=[1]
baseline_wg256_grain16_cap256 host median_ms=0.131458 p90_ms=0.135667 samples_ms=[0.123666, 0.13333299999999998, 0.121667, 0.136708, 0.138083, 0.13349999999999998, 0.131209, 0.13449999999999998, 0.12774999999999997, 0.13275, 0.131458, 0.134167, 0.12208299999999998, 0.126792, 0.13137500000000002, 0.133583, 0.12391600000000001, 0.273459, 0.125125, 0.123791, 0.12929200000000002, 0.135417, 0.13379200000000002, 0.129917, 0.125375, 0.128917, 0.125916, 0.134416, 0.132292, 0.134167, 0.13566699999999998]
baseline_wg256_grain16_cap256 gpu median_ms=0.004125 p90_ms=0.004375 samples_ms=[0.003917, 0.004333, 0.003958, 0.004125, 0.004, 0.004333, 0.004334, 0.00425, 0.003875, 0.004334, 0.004125, 0.004375, 0.004125, 0.004417, 0.004375, 0.00425, 0.004, 0.003875, 0.004084, 0.004, 0.003959, 0.004292, 0.004333, 0.004125, 0.004125, 0.004167, 0.004041, 0.004125, 0.004333, 0.004375, 0.004375]
baseline_wg256_grain16_cap1024 stage_groups=[1]
baseline_wg256_grain16_cap1024 host median_ms=0.131625 p90_ms=0.134417 samples_ms=[0.124167, 0.134041, 0.123667, 0.12654100000000001, 0.122583, 0.132834, 0.134042, 0.131833, 0.13566699999999998, 0.127625, 0.128917, 0.13170900000000002, 0.134417, 0.131959, 0.131625, 0.133708, 0.12445800000000001, 0.125166, 0.124, 0.127208, 0.134625, 0.13333299999999998, 0.133167, 0.1275, 0.12420899999999999, 0.12687500000000002, 0.122125, 0.12995800000000002, 0.134083, 0.134625, 0.132375]
baseline_wg256_grain16_cap1024 gpu median_ms=0.004125 p90_ms=0.004416 samples_ms=[0.003916, 0.004208, 0.00375, 0.003958, 0.004167, 0.004, 0.00425, 0.004084, 0.004416, 0.004042, 0.004292, 0.004459, 0.004417, 0.004416, 0.004375, 0.004125, 0.004125, 0.003958, 0.004, 0.004084, 0.004, 0.003916, 0.004333, 0.003792, 0.004083, 0.004125, 0.004083, 0.004333, 0.004125, 0.004333, 0.004333]
scalar_vector_wg128_i8_cap256 stage_groups=[1]
scalar_vector_wg128_i8_cap256 host median_ms=0.129875 p90_ms=0.134709 samples_ms=[0.125209, 0.118125, 0.12675, 0.129875, 0.13349999999999998, 0.13333299999999998, 0.133292, 0.131583, 0.134709, 0.12825, 0.12425000000000001, 0.12579200000000001, 0.132167, 0.135959, 0.131417, 0.12670800000000002, 0.12587500000000001, 0.12825, 0.12062500000000001, 0.1295, 0.13875, 0.131666, 0.131167, 0.125667, 0.125833, 0.124375, 0.123666, 0.132375, 0.134083, 0.13574999999999998, 0.13075]
scalar_vector_wg128_i8_cap256 gpu median_ms=0.004625 p90_ms=0.004792 samples_ms=[0.004542, 0.004667, 0.004333, 0.00425, 0.00425, 0.004833, 0.00475, 0.004542, 0.004541, 0.004291, 0.004166, 0.004834, 0.004708, 0.004792, 0.004667, 0.004667, 0.004333, 0.004292, 0.013959, 0.004458, 0.0045, 0.004666, 0.004625, 0.00475, 0.004416, 0.004375, 0.004625, 0.004791, 0.004667, 0.004625, 0.004666]
n=3 expected_f64=0.023437500
baseline_wg256 stage_groups=[1]
baseline_wg256 host median_ms=0.135917 p90_ms=0.148709 samples_ms=[0.14733300000000002, 0.14870899999999998, 0.158208, 0.146541, 0.138625, 0.14575, 0.141125, 0.157167, 0.148083, 0.139917, 0.14741600000000002, 0.147458, 0.13924999999999998, 0.146041, 0.13591699999999998, 0.12475, 0.124292, 0.120209, 0.122292, 0.13245800000000002, 0.1225, 0.12812500000000002, 0.267042, 0.117625, 0.125709, 0.12404199999999999, 0.124334, 0.122416, 0.116958, 0.126833, 0.11649999999999999]
baseline_wg256 gpu median_ms=0.004375 p90_ms=0.015833 samples_ms=[0.015458, 0.015083, 0.016083, 0.015667, 0.015042, 0.0155, 0.014958, 0.015417, 0.015833, 0.016125, 0.015708, 0.015, 0.016083, 0.01525, 0.01525, 0.003917, 0.003875, 0.003875, 0.004, 0.003917, 0.004042, 0.004125, 0.004375, 0.003833, 0.003875, 0.004208, 0.003875, 0.004042, 0.004084, 0.003958, 0.003791]
production stage_groups=[]
production host median_ms=0.133334 p90_ms=0.155041 samples_ms=[0.158334, 0.141667, 0.15504099999999998, 0.153875, 0.140125, 0.133791, 0.14162499999999997, 0.155792, 0.151375, 0.14008400000000001, 0.145375, 0.139459, 0.13774999999999998, 0.1295, 0.280208, 0.120833, 0.133334, 0.12704200000000002, 0.12224999999999998, 0.124375, 0.12320899999999999, 0.12525, 0.11904200000000001, 0.118333, 0.11808300000000001, 0.114167, 0.122834, 0.11462499999999999, 0.124542, 0.120917, 0.15287499999999998]
production gpu median_ms=0.004208 p90_ms=0.016125 samples_ms=[0.015958, 0.015084, 0.016125, 0.015917, 0.01525, 0.015, 0.015209, 0.0165, 0.015292, 0.016208, 0.01625, 0.015292, 0.015, 0.014834, 0.015375, 0.003833, 0.003958, 0.004042, 0.004083, 0.004042, 0.003958, 0.004208, 0.003833, 0.004, 0.003917, 0.004167, 0.004208, 0.004042, 0.003917, 0.004, 0.003958]
baseline_wg256_grain16_cap256 stage_groups=[1]
baseline_wg256_grain16_cap256 host median_ms=0.135667 p90_ms=0.154042 samples_ms=[0.148541, 0.13566699999999998, 0.154042, 0.149375, 0.139583, 0.13920800000000003, 0.138292, 0.14016699999999999, 0.141375, 0.162666, 0.1605, 0.145, 0.144792, 0.14008400000000001, 0.216333, 0.122875, 0.137958, 0.13533299999999998, 0.121833, 0.12370799999999998, 0.119208, 0.132875, 0.128417, 0.117792, 0.11725000000000001, 0.119542, 0.116125, 0.121, 0.123833, 0.12875, 0.122]
baseline_wg256_grain16_cap256 gpu median_ms=0.004125 p90_ms=0.015542 samples_ms=[0.015083, 0.015333, 0.014792, 0.015917, 0.015542, 0.015083, 0.015292, 0.015208, 0.015333, 0.015917, 0.014833, 0.015334, 0.016042, 0.01525, 0.003958, 0.003958, 0.003833, 0.004125, 0.003958, 0.003959, 0.004, 0.004333, 0.003917, 0.003917, 0.004, 0.004083, 0.004042, 0.004083, 0.003875, 0.003875, 0.003833]
baseline_wg256_grain16_cap1024 stage_groups=[1]
baseline_wg256_grain16_cap1024 host median_ms=0.127667 p90_ms=0.154500 samples_ms=[0.134459, 0.140625, 0.15670800000000001, 0.13999999999999999, 0.136375, 0.138583, 0.15308300000000002, 0.14075000000000001, 0.142875, 0.158583, 0.157584, 0.149542, 0.1545, 0.14300000000000002, 0.126167, 0.11641699999999999, 0.12595900000000002, 0.119708, 0.12470800000000001, 0.12495900000000001, 0.127667, 0.11925, 0.12379200000000001, 0.115209, 0.119875, 0.122042, 0.123917, 0.114542, 0.118667, 0.119041, 0.135916]
baseline_wg256_grain16_cap1024 gpu median_ms=0.004333 p90_ms=0.016125 samples_ms=[0.016041, 0.015209, 0.015625, 0.016084, 0.015125, 0.014959, 0.015167, 0.015041, 0.016208, 0.016166, 0.016125, 0.015209, 0.016167, 0.015125, 0.003833, 0.013458, 0.003916, 0.003792, 0.003916, 0.004084, 0.004, 0.004333, 0.004042, 0.003958, 0.003958, 0.003834, 0.003917, 0.003959, 0.004, 0.003958, 0.003875]
scalar_vector_wg128_i8_cap256 stage_groups=[1]
scalar_vector_wg128_i8_cap256 host median_ms=0.137084 p90_ms=0.161291 samples_ms=[0.13708399999999998, 0.29025, 0.148958, 0.159333, 0.14666700000000002, 0.151292, 0.14958300000000002, 0.309083, 0.160875, 0.15787500000000002, 0.164167, 0.14958300000000002, 0.150166, 0.16129100000000002, 0.148666, 0.146334, 0.125292, 0.12375, 0.12425000000000001, 0.121042, 0.130916, 0.129042, 0.121791, 0.11729200000000001, 0.11983300000000001, 0.123042, 0.1155, 0.118458, 0.114042, 0.123583, 0.12787500000000002]
scalar_vector_wg128_i8_cap256 gpu median_ms=0.004750 p90_ms=0.017584 samples_ms=[0.016625, 0.01725, 0.017625, 0.017584, 0.016958, 0.017166, 0.016791, 0.016959, 0.017917, 0.018167, 0.016667, 0.017375, 0.017292, 0.017208, 0.016917, 0.004417, 0.004375, 0.004459, 0.0045, 0.004459, 0.004333, 0.00475, 0.004417, 0.004417, 0.004334, 0.004625, 0.004292, 0.004375, 0.004583, 0.004458, 0.004375]
n=255 expected_f64=125.015625000
baseline_wg256 stage_groups=[1]
baseline_wg256 host median_ms=0.143000 p90_ms=0.151125 samples_ms=[0.121959, 0.122, 0.12466699999999999, 0.123958, 0.116583, 0.12408300000000001, 0.12241699999999998, 0.15187499999999998, 0.14891700000000002, 0.137792, 0.140292, 0.140542, 0.14300000000000002, 0.18075, 0.138125, 0.177334, 0.1435, 0.144583, 0.15083300000000002, 0.151125, 0.14666700000000002, 0.138917, 0.1425, 0.14233400000000002, 0.142542, 0.1435, 0.14633300000000002, 0.143375, 0.143292, 0.147875, 0.14408300000000002]
baseline_wg256 gpu median_ms=0.015334 p90_ms=0.015584 samples_ms=[0.004083, 0.004375, 0.004084, 0.004083, 0.004041, 0.004375, 0.013083, 0.015084, 0.015458, 0.015291, 0.015333, 0.015791, 0.015291, 0.015334, 0.0155, 0.015584, 0.015625, 0.015375, 0.015625, 0.014958, 0.015583, 0.015458, 0.015292, 0.015458, 0.015292, 0.015458, 0.0155, 0.015375, 0.015584, 0.015167, 0.015542]
production stage_groups=[]
production host median_ms=0.141958 p90_ms=0.150334 samples_ms=[0.128, 0.12808399999999998, 0.122333, 0.120416, 0.123041, 0.130834, 0.12812500000000002, 0.13741599999999998, 0.146083, 0.144458, 0.13966599999999998, 0.143292, 0.138416, 0.146417, 0.13325, 0.20483400000000002, 0.139667, 0.141958, 0.136, 0.140625, 0.143917, 0.144333, 0.149917, 0.144541, 0.14566700000000002, 0.1425, 0.150334, 0.17149999999999999, 0.134375, 0.153208, 0.144291]
production gpu median_ms=0.015417 p90_ms=0.015625 samples_ms=[0.004125, 0.004042, 0.004292, 0.004, 0.004167, 0.004125, 0.004166, 0.015333, 0.015875, 0.015333, 0.015417, 0.015583, 0.015334, 0.015583, 0.0155, 0.015666, 0.015584, 0.015458, 0.015625, 0.015416, 0.0155, 0.015291, 0.015208, 0.015542, 0.015292, 0.015583, 0.015542, 0.015541, 0.015666, 0.015333, 0.015583]
baseline_wg256_grain16_cap256 stage_groups=[1]
baseline_wg256_grain16_cap256 host median_ms=0.140458 p90_ms=0.148416 samples_ms=[0.128458, 0.126, 0.11775000000000001, 0.12420899999999999, 0.127083, 0.122667, 0.12175000000000001, 0.14841600000000002, 0.14200000000000002, 0.1375, 0.135167, 0.142292, 0.140458, 0.14650000000000002, 0.132583, 0.14533300000000002, 0.138333, 0.149167, 0.13574999999999998, 0.13954200000000003, 0.145042, 0.144833, 0.145208, 0.145042, 0.14225, 0.146208, 0.139875, 0.148, 0.295667, 0.153, 0.135875]
baseline_wg256_grain16_cap256 gpu median_ms=0.015458 p90_ms=0.015750 samples_ms=[0.004, 0.004334, 0.004, 0.004125, 0.004042, 0.004125, 0.00425, 0.015625, 0.015667, 0.015167, 0.01575, 0.015125, 0.01575, 0.015958, 0.015208, 0.0155, 0.01525, 0.015584, 0.015583, 0.015125, 0.015541, 0.015166, 0.015458, 0.015542, 0.015167, 0.015542, 0.015458, 0.015542, 0.015625, 0.027417, 0.015459]
baseline_wg256_grain16_cap1024 stage_groups=[1]
baseline_wg256_grain16_cap1024 host median_ms=0.143375 p90_ms=0.151834 samples_ms=[0.125459, 0.117667, 0.125958, 0.124375, 0.118416, 0.124125, 0.122, 0.153458, 0.14183300000000001, 0.136166, 0.146375, 0.13541599999999998, 0.151834, 0.14016699999999999, 0.133375, 0.14533300000000002, 0.14775000000000002, 0.143375, 0.14341700000000002, 0.150667, 0.151125, 0.148, 0.14341700000000002, 0.136584, 0.159042, 0.147875, 0.141292, 0.145542, 0.181417, 0.142792, 0.14675]
baseline_wg256_grain16_cap1024 gpu median_ms=0.015209 p90_ms=0.015625 samples_ms=[0.004209, 0.003917, 0.004083, 0.003959, 0.004042, 0.004, 0.004209, 0.015667, 0.015, 0.015209, 0.0155, 0.015166, 0.015583, 0.015167, 0.015083, 0.015333, 0.015041, 0.015416, 0.015417, 0.015584, 0.01575, 0.015167, 0.015583, 0.015417, 0.015042, 0.01575, 0.015209, 0.015625, 0.015125, 0.015416, 0.015583]
scalar_vector_wg128_i8_cap256 stage_groups=[1]
scalar_vector_wg128_i8_cap256 host median_ms=0.142625 p90_ms=0.150334 samples_ms=[0.1215, 0.125292, 0.117125, 0.12229100000000001, 0.117792, 0.123375, 0.121708, 0.151959, 0.138708, 0.141458, 0.152417, 0.148834, 0.14283300000000002, 0.131708, 0.144459, 0.140583, 0.142625, 0.148083, 0.138875, 0.144416, 0.14400000000000002, 0.145208, 0.147958, 0.144583, 0.14758300000000002, 0.141292, 0.137708, 0.150334, 0.164041, 0.142292, 0.144625]
scalar_vector_wg128_i8_cap256 gpu median_ms=0.016292 p90_ms=0.016541 samples_ms=[0.004208, 0.004125, 0.004291, 0.004375, 0.004458, 0.004292, 0.004125, 0.016333, 0.016583, 0.016959, 0.016167, 0.016417, 0.0165, 0.016, 0.016417, 0.0165, 0.016292, 0.016708, 0.016166, 0.016458, 0.016292, 0.016167, 0.016333, 0.016458, 0.0165, 0.016541, 0.016292, 0.016541, 0.016125, 0.016417, 0.016]
n=4095 expected_f64=2003.882812500
baseline_wg256 stage_groups=[16, 1]
baseline_wg256 host median_ms=0.131917 p90_ms=0.138875 samples_ms=[0.13262500000000002, 0.12562500000000001, 0.12433299999999999, 0.13470800000000002, 0.121375, 0.137959, 0.129916, 0.13591699999999998, 0.1215, 0.13137500000000002, 0.121625, 0.12791699999999998, 0.140709, 0.128291, 0.12695800000000002, 0.143667, 0.12545800000000001, 0.128792, 0.136333, 0.225708, 0.135875, 0.121709, 0.138875, 0.135708, 0.131917, 0.13341699999999998, 0.133916, 0.12425000000000001, 0.134416, 0.138458, 0.131667]
baseline_wg256 gpu median_ms=0.007250 p90_ms=0.008667 samples_ms=[0.008, 0.007375, 0.006958, 0.007166, 0.006958, 0.007209, 0.007125, 0.008833, 0.007125, 0.008584, 0.007166, 0.007208, 0.007084, 0.008833, 0.007167, 0.007708, 0.007125, 0.007458, 0.008, 0.00725, 0.008167, 0.008667, 0.007, 0.008666, 0.008083, 0.008916, 0.008041, 0.00725, 0.007, 0.007708, 0.007042]
production stage_groups=[]
production host median_ms=0.131375 p90_ms=0.141042 samples_ms=[0.14158300000000001, 0.13549999999999998, 0.12216700000000001, 0.13137500000000002, 0.12012500000000001, 0.13958399999999999, 0.128, 0.125292, 0.13325, 0.1385, 0.12545800000000001, 0.146042, 0.130291, 0.127, 0.134709, 0.127709, 0.125667, 0.135167, 0.137625, 0.132125, 0.141042, 0.13120800000000002, 0.133125, 0.125125, 0.136709, 0.13037500000000002, 0.12495900000000001, 0.124167, 0.13175, 0.14162499999999997, 0.128167]
production gpu median_ms=0.007375 p90_ms=0.008209 samples_ms=[0.007584, 0.007125, 0.008208, 0.00725, 0.007041, 0.008125, 0.008084, 0.007334, 0.007291, 0.00825, 0.007, 0.008166, 0.008167, 0.007292, 0.007042, 0.008167, 0.007083, 0.00825, 0.007583, 0.007667, 0.008209, 0.007416, 0.007166, 0.007041, 0.00825, 0.007167, 0.007125, 0.007083, 0.007291, 0.008083, 0.007375]
baseline_wg256_grain16_cap256 stage_groups=[1]
baseline_wg256_grain16_cap256 host median_ms=0.129541 p90_ms=0.141292 samples_ms=[0.13983299999999999, 0.136792, 0.125791, 0.12191700000000001, 0.129291, 0.125583, 0.132375, 0.135167, 0.12525, 0.141958, 0.11983400000000001, 0.141292, 0.121084, 0.126792, 0.13487500000000002, 0.126167, 0.120084, 0.125833, 0.133125, 0.132125, 0.133875, 0.13504200000000002, 0.127834, 0.141458, 0.140875, 0.12395900000000001, 0.126459, 0.145042, 0.127334, 0.13999999999999999, 0.129541]
baseline_wg256_grain16_cap256 gpu median_ms=0.008583 p90_ms=0.009833 samples_ms=[0.008792, 0.00975, 0.00875, 0.008833, 0.008292, 0.008333, 0.009834, 0.008834, 0.008167, 0.00975, 0.008125, 0.008583, 0.008292, 0.008542, 0.009042, 0.008333, 0.008584, 0.008375, 0.009, 0.009959, 0.008458, 0.008542, 0.008917, 0.008125, 0.009833, 0.008417, 0.0085, 0.008334, 0.008916, 0.009875, 0.008542]
baseline_wg256_grain16_cap1024 stage_groups=[1]
baseline_wg256_grain16_cap1024 host median_ms=0.130500 p90_ms=0.143000 samples_ms=[0.121792, 0.137042, 0.143542, 0.11816600000000001, 0.117667, 0.131125, 0.147125, 0.142917, 0.12520799999999999, 0.117334, 0.152792, 0.13741599999999998, 0.138625, 0.128416, 0.1305, 0.133542, 0.127291, 0.120709, 0.117167, 0.137417, 0.141333, 0.138125, 0.123375, 0.127458, 0.12479200000000001, 0.12191700000000001, 0.14300000000000002, 0.127834, 0.131, 0.131792, 0.127125]
baseline_wg256_grain16_cap1024 gpu median_ms=0.008625 p90_ms=0.009167 samples_ms=[0.008917, 0.0085, 0.008333, 0.00825, 0.008541, 0.008875, 0.008625, 0.00875, 0.008708, 0.008542, 0.008292, 0.008625, 0.008416, 0.00925, 0.009167, 0.008875, 0.008625, 0.008875, 0.009167, 0.009166, 0.008833, 0.009042, 0.008583, 0.008708, 0.009167, 0.008416, 0.008625, 0.008041, 0.008583, 0.008333, 0.008541]
scalar_vector_wg128_i8_cap256 stage_groups=[4, 1]
scalar_vector_wg128_i8_cap256 host median_ms=0.134416 p90_ms=0.144000 samples_ms=[0.11900000000000001, 0.128584, 0.136042, 0.13924999999999998, 0.11725000000000001, 0.141042, 0.133, 0.142791, 0.123667, 0.14100000000000001, 0.156625, 0.122667, 0.192125, 0.134416, 0.126125, 0.141208, 0.120083, 0.133709, 0.135208, 0.131417, 0.125291, 0.140666, 0.134709, 0.1365, 0.13175, 0.120083, 0.146792, 0.125083, 0.136459, 0.14400000000000002, 0.12345800000000001]
scalar_vector_wg128_i8_cap256 gpu median_ms=0.008541 p90_ms=0.008709 samples_ms=[0.007625, 0.008666, 0.007875, 0.007667, 0.007625, 0.008625, 0.007708, 0.008541, 0.00775, 0.008584, 0.008792, 0.008625, 0.008708, 0.007667, 0.00775, 0.008708, 0.007625, 0.008666, 0.008583, 0.008583, 0.008625, 0.008709, 0.008709, 0.007916, 0.008583, 0.007666, 0.00875, 0.007458, 0.007625, 0.0085, 0.007958]
n=4097 expected_f64=2004.375000000
baseline_wg256 stage_groups=[17, 1]
baseline_wg256 host median_ms=0.137083 p90_ms=0.143125 samples_ms=[0.137417, 0.132917, 0.137542, 0.133583, 0.137166, 0.13004100000000002, 0.131459, 0.137083, 0.13866599999999998, 0.128792, 0.29016699999999995, 0.14416700000000002, 0.123833, 0.140541, 0.130917, 0.142792, 0.133, 0.12458400000000001, 0.138125, 0.12525, 0.13725, 0.140833, 0.131416, 0.12770800000000002, 0.121333, 0.142333, 0.148292, 0.136458, 0.130917, 0.143125, 0.13891599999999998]
baseline_wg256 gpu median_ms=0.007625 p90_ms=0.007791 samples_ms=[0.007416, 0.006875, 0.007708, 0.007792, 0.007584, 0.007042, 0.007792, 0.007667, 0.00775, 0.006958, 0.007709, 0.00725, 0.006916, 0.007791, 0.007084, 0.00775, 0.007708, 0.007625, 0.007625, 0.00775, 0.007625, 0.006833, 0.007375, 0.007625, 0.006917, 0.007792, 0.007084, 0.006833, 0.006917, 0.007625, 0.006959]
production stage_groups=[]
production host median_ms=0.134875 p90_ms=0.141292 samples_ms=[0.125083, 0.131667, 0.1295, 0.134042, 0.13487500000000002, 0.13075, 0.12562500000000001, 0.138458, 0.135542, 0.1375, 0.116958, 0.146208, 0.121958, 0.13375, 0.141292, 0.13379200000000002, 0.13525, 0.145625, 0.12975, 0.13808399999999998, 0.1375, 0.12675, 0.135167, 0.126625, 0.142875, 0.137709, 0.128, 0.13708399999999998, 0.13774999999999998, 0.13774999999999998, 0.123834]
production gpu median_ms=0.007042 p90_ms=0.007834 samples_ms=[0.007875, 0.00675, 0.007834, 0.006958, 0.007959, 0.006792, 0.007834, 0.007625, 0.007667, 0.007375, 0.00675, 0.006583, 0.006958, 0.007416, 0.007625, 0.007333, 0.007833, 0.006792, 0.007, 0.006792, 0.007209, 0.00675, 0.007792, 0.006792, 0.006958, 0.007584, 0.048958, 0.006625, 0.007041, 0.006833, 0.007042]
baseline_wg256_grain16_cap256 stage_groups=[2, 1]
baseline_wg256_grain16_cap256 host median_ms=0.141583 p90_ms=0.147292 samples_ms=[0.142292, 0.132667, 0.135291, 0.12629100000000001, 0.142459, 0.142416, 0.145917, 0.143208, 0.12208400000000001, 0.147292, 0.118458, 0.150166, 0.132875, 0.142375, 0.14091599999999999, 0.12575, 0.142667, 0.14316700000000002, 0.130166, 0.135041, 0.14158300000000001, 0.13125, 0.142584, 0.132375, 0.130708, 0.1225, 0.153291, 0.144459, 0.142292, 0.14750000000000002, 0.13029200000000002]
baseline_wg256_grain16_cap256 gpu median_ms=0.008625 p90_ms=0.009375 samples_ms=[0.008541, 0.008458, 0.008666, 0.008584, 0.009292, 0.008625, 0.008542, 0.0095, 0.0085, 0.009333, 0.008542, 0.008708, 0.008375, 0.008666, 0.008625, 0.00875, 0.008583, 0.008334, 0.008625, 0.008542, 0.009291, 0.009375, 0.008916, 0.008625, 0.0085, 0.008584, 0.009208, 0.009375, 0.009375, 0.008416, 0.008458]
baseline_wg256_grain16_cap1024 stage_groups=[2, 1]
baseline_wg256_grain16_cap1024 host median_ms=0.142333 p90_ms=0.146458 samples_ms=[0.134042, 0.136417, 0.130209, 0.13825, 0.144125, 0.13783299999999998, 0.14162499999999997, 0.118333, 0.146708, 0.140416, 0.12670800000000002, 0.14925, 0.143792, 0.14275, 0.142792, 0.142958, 0.147792, 0.14325000000000002, 0.144958, 0.132875, 0.123667, 0.140959, 0.146458, 0.142292, 0.142333, 0.12362500000000001, 0.142625, 0.14308300000000002, 0.14300000000000002, 0.1425, 0.131125]
baseline_wg256_grain16_cap1024 gpu median_ms=0.008625 p90_ms=0.009416 samples_ms=[0.0085, 0.008583, 0.008584, 0.008375, 0.008417, 0.009292, 0.009417, 0.008458, 0.009417, 0.0085, 0.008459, 0.008625, 0.009541, 0.008584, 0.009416, 0.008959, 0.00875, 0.00925, 0.009416, 0.009125, 0.009333, 0.008458, 0.009375, 0.00925, 0.009292, 0.008334, 0.008625, 0.00925, 0.008542, 0.008625, 0.008542]
scalar_vector_wg128_i8_cap256 stage_groups=[5, 1]
scalar_vector_wg128_i8_cap256 host median_ms=0.138209 p90_ms=0.143792 samples_ms=[0.13137500000000002, 0.12999999999999998, 0.279042, 0.135, 0.12345800000000001, 0.13816699999999998, 0.137959, 0.13658299999999998, 0.14525000000000002, 0.169208, 0.119875, 0.135208, 0.13674999999999998, 0.141875, 0.141584, 0.141542, 0.13999999999999999, 0.14225, 0.141125, 0.14191700000000002, 0.131708, 0.143792, 0.1385, 0.138209, 0.13375, 0.12479099999999999, 0.140375, 0.14075000000000001, 0.142208, 0.132875, 0.129416]
scalar_vector_wg128_i8_cap256 gpu median_ms=0.007750 p90_ms=0.008292 samples_ms=[0.007334, 0.007583, 0.007375, 0.008292, 0.007459, 0.007625, 0.007541, 0.00825, 0.007625, 0.007416, 0.007375, 0.00825, 0.008208, 0.008375, 0.008125, 0.0075, 0.008208, 0.008333, 0.008209, 0.00825, 0.007584, 0.008292, 0.008042, 0.007333, 0.007584, 0.007375, 0.007416, 0.00775, 0.008209, 0.00825, 0.008083]
n=16384 expected_f64=8063.507812500
baseline_wg256 stage_groups=[64, 1]
baseline_wg256 host median_ms=0.129459 p90_ms=0.140291 samples_ms=[0.13899999999999998, 0.136125, 0.12945900000000002, 0.138834, 0.12975, 0.114958, 0.1285, 0.12475, 0.23450000000000001, 0.120833, 0.124208, 0.121375, 0.127417, 0.139125, 0.132667, 0.12825, 0.123208, 0.12254200000000001, 0.12012500000000001, 0.121042, 0.13316599999999998, 0.134375, 0.13449999999999998, 0.128542, 0.21725, 0.123375, 0.141125, 0.1285, 0.140291, 0.137791, 0.13899999999999998]
baseline_wg256 gpu median_ms=0.007375 p90_ms=0.007958 samples_ms=[0.007709, 0.007167, 0.007292, 0.008083, 0.006917, 0.007166, 0.006958, 0.007333, 0.007666, 0.007416, 0.007209, 0.007375, 0.007292, 0.007167, 0.007625, 0.007084, 0.006916, 0.007375, 0.007375, 0.00725, 0.007667, 0.007959, 0.007042, 0.007958, 0.007792, 0.007125, 0.007291, 0.007958, 0.007792, 0.007958, 0.007666]
production stage_groups=[]
production host median_ms=0.127292 p90_ms=0.136542 samples_ms=[0.13333299999999998, 0.134542, 0.129667, 0.13433299999999998, 0.125667, 0.114375, 0.136459, 0.122166, 0.12316700000000001, 0.12279200000000001, 0.123166, 0.118167, 0.131875, 0.13625, 0.140375, 0.1225, 0.121291, 0.121209, 0.139541, 0.13345800000000002, 0.115, 0.132042, 0.12033400000000001, 0.133042, 0.121125, 0.117375, 0.127292, 0.123125, 0.13745900000000003, 0.136542, 0.132208]
production gpu median_ms=0.007459 p90_ms=0.008000 samples_ms=[0.007333, 0.007583, 0.007042, 0.007792, 0.007084, 0.006958, 0.007917, 0.007667, 0.007208, 0.006792, 0.007417, 0.006875, 0.008, 0.007708, 0.008042, 0.006833, 0.007375, 0.007208, 0.007625, 0.007625, 0.008, 0.007459, 0.007375, 0.007625, 0.007125, 0.006917, 0.008084, 0.006833, 0.008, 0.007583, 0.007917]
baseline_wg256_grain16_cap256 stage_groups=[4, 1]
baseline_wg256_grain16_cap256 host median_ms=0.138125 p90_ms=0.144417 samples_ms=[0.131959, 0.142375, 0.131666, 0.13349999999999998, 0.130667, 0.155083, 0.139958, 0.128542, 0.12820900000000002, 0.138375, 0.12895800000000002, 0.13175, 0.127208, 0.14075000000000001, 0.139792, 0.138125, 0.128708, 0.125167, 0.140041, 0.140625, 0.144458, 0.142333, 0.141083, 0.13916699999999999, 0.11870800000000001, 0.149542, 0.14441700000000002, 0.136541, 0.131125, 0.137458, 0.13875]
baseline_wg256_grain16_cap256 gpu median_ms=0.010958 p90_ms=0.011291 samples_ms=[0.011083, 0.011291, 0.011125, 0.011208, 0.01025, 0.011542, 0.010291, 0.010708, 0.01025, 0.010208, 0.01025, 0.010541, 0.010333, 0.01125, 0.010375, 0.010583, 0.010292, 0.010917, 0.010416, 0.011333, 0.011, 0.011292, 0.011084, 0.011, 0.010167, 0.011041, 0.010959, 0.011291, 0.011, 0.010667, 0.010958]
baseline_wg256_grain16_cap1024 stage_groups=[4, 1]
baseline_wg256_grain16_cap1024 host median_ms=0.134875 p90_ms=0.143750 samples_ms=[0.13975, 0.140666, 0.13016699999999998, 0.136375, 0.13125, 0.141708, 0.142042, 0.1305, 0.134542, 0.132833, 0.14375, 0.13037500000000002, 0.124167, 0.140458, 0.129, 0.128416, 0.13487500000000002, 0.131833, 0.1325, 0.123333, 0.137958, 0.127833, 0.13966599999999998, 0.122042, 0.13262500000000002, 0.140875, 0.148667, 0.137333, 0.136875, 0.14404199999999998, 0.146]
baseline_wg256_grain16_cap1024 gpu median_ms=0.010334 p90_ms=0.010917 samples_ms=[0.011083, 0.010208, 0.010334, 0.010083, 0.0105, 0.010542, 0.010542, 0.010166, 0.010708, 0.010208, 0.010208, 0.010583, 0.010709, 0.010917, 0.01025, 0.01, 0.010333, 0.010292, 0.01075, 0.011, 0.01125, 0.01025, 0.01025, 0.010209, 0.010375, 0.009958, 0.01025, 0.010917, 0.01025, 0.010875, 0.010625]
scalar_vector_wg128_i8_cap256 stage_groups=[16, 1]
scalar_vector_wg128_i8_cap256 host median_ms=0.133708 p90_ms=0.139916 samples_ms=[0.13175, 0.121334, 0.13137500000000002, 0.12125000000000001, 0.135167, 0.134167, 0.130791, 0.12395900000000001, 0.138125, 0.120042, 0.12425000000000001, 0.12979100000000002, 0.1285, 0.13937500000000003, 0.139125, 0.134, 0.126916, 0.119542, 0.132583, 0.138625, 0.137333, 0.129583, 0.130458, 0.15187499999999998, 0.13816699999999998, 0.13933399999999999, 0.13991599999999998, 0.133708, 0.141208, 0.135, 0.14133400000000002]
scalar_vector_wg128_i8_cap256 gpu median_ms=0.007792 p90_ms=0.008375 samples_ms=[0.008083, 0.007708, 0.0075, 0.00775, 0.00825, 0.008333, 0.007458, 0.0075, 0.00825, 0.007792, 0.00775, 0.007834, 0.008042, 0.008458, 0.0075, 0.007666, 0.007666, 0.007875, 0.00775, 0.008375, 0.007459, 0.0085, 0.007458, 0.007625, 0.008167, 0.00775, 0.008208, 0.008333, 0.00825, 0.008458, 0.007459]
n=65535 expected_f64=32254.054687500
baseline_wg256 stage_groups=[256, 1]
baseline_wg256 host median_ms=0.141083 p90_ms=0.146500 samples_ms=[0.141083, 0.133833, 0.14650000000000002, 0.14391600000000002, 0.147458, 0.130625, 0.148958, 0.124416, 0.14516600000000002, 0.13983299999999999, 0.143958, 0.142583, 0.142542, 0.13825, 0.14516600000000002, 0.13449999999999998, 0.144625, 0.148, 0.129875, 0.146, 0.144084, 0.13937500000000003, 0.13833399999999998, 0.136, 0.13574999999999998, 0.122875, 0.136, 0.13120800000000002, 0.135958, 0.142333, 0.14375]
baseline_wg256 gpu median_ms=0.009500 p90_ms=0.010167 samples_ms=[0.009375, 0.010292, 0.009458, 0.010167, 0.010167, 0.0095, 0.009708, 0.009417, 0.009916, 0.009416, 0.01, 0.010166, 0.009833, 0.009333, 0.0095, 0.009792, 0.009208, 0.010166, 0.009208, 0.010208, 0.009667, 0.009458, 0.009167, 0.00925, 0.009291, 0.0095, 0.0095, 0.009542, 0.009125, 0.01025, 0.010041]
production stage_groups=[]
production host median_ms=0.139583 p90_ms=0.146209 samples_ms=[0.14283300000000002, 0.143542, 0.142917, 0.142958, 0.135666, 0.12925, 0.131042, 0.19975, 0.143792, 0.14024999999999999, 0.1445, 0.143625, 0.12587500000000001, 0.139416, 0.137667, 0.146209, 0.1325, 0.13558299999999998, 0.130792, 0.140625, 0.12912500000000002, 0.174875, 0.15520799999999998, 0.14108400000000001, 0.139583, 0.132834, 0.136792, 0.134666, 0.13075, 0.136208, 0.141541]
production gpu median_ms=0.009542 p90_ms=0.010208 samples_ms=[0.010167, 0.010166, 0.010208, 0.010208, 0.009541, 0.009417, 0.009375, 0.010084, 0.009584, 0.010042, 0.009417, 0.009584, 0.009417, 0.009292, 0.010083, 0.010167, 0.009375, 0.010291, 0.009416, 0.010208, 0.009542, 0.010166, 0.00925, 0.009291, 0.009458, 0.009333, 0.009375, 0.009542, 0.0095, 0.009667, 0.009375]
baseline_wg256_grain16_cap256 stage_groups=[16, 1]
baseline_wg256_grain16_cap256 host median_ms=0.141750 p90_ms=0.146042 samples_ms=[0.134625, 0.142292, 0.14891700000000002, 0.142792, 0.139708, 0.14666700000000002, 0.141541, 0.13475, 0.136291, 0.134417, 0.143667, 0.127458, 0.14400000000000002, 0.14404199999999998, 0.14387499999999998, 0.142208, 0.142542, 0.14575, 0.146042, 0.13975, 0.120833, 0.139959, 0.14175000000000001, 0.143625, 0.137041, 0.134125, 0.14404199999999998, 0.13054200000000002, 0.13037500000000002, 0.134208, 0.148]
baseline_wg256_grain16_cap256 gpu median_ms=0.010584 p90_ms=0.011167 samples_ms=[0.010958, 0.010584, 0.010417, 0.011208, 0.010291, 0.010375, 0.011, 0.010541, 0.010333, 0.011166, 0.011042, 0.010292, 0.01025, 0.010416, 0.011, 0.011166, 0.010959, 0.011167, 0.01025, 0.011167, 0.010209, 0.011167, 0.010125, 0.010375, 0.010458, 0.01025, 0.011, 0.0105, 0.010584, 0.011166, 0.011042]
baseline_wg256_grain16_cap1024 stage_groups=[16, 1]
baseline_wg256_grain16_cap1024 host median_ms=0.137583 p90_ms=0.144958 samples_ms=[0.127333, 0.14625, 0.138834, 0.145167, 0.128375, 0.14225, 0.13758299999999998, 0.121125, 0.144583, 0.139625, 0.14387499999999998, 0.14391600000000002, 0.144917, 0.131417, 0.144958, 0.131209, 0.145125, 0.13583399999999998, 0.131833, 0.139958, 0.129792, 0.142667, 0.12425000000000001, 0.125833, 0.130417, 0.142208, 0.143125, 0.131917, 0.13358399999999998, 0.133791, 0.130333]
baseline_wg256_grain16_cap1024 gpu median_ms=0.010834 p90_ms=0.011208 samples_ms=[0.011291, 0.011166, 0.010459, 0.010625, 0.010333, 0.011167, 0.011167, 0.01025, 0.010834, 0.011125, 0.011208, 0.010708, 0.011167, 0.010375, 0.01125, 0.011, 0.011167, 0.011125, 0.010583, 0.010667, 0.010334, 0.011, 0.010458, 0.010334, 0.010583, 0.011083, 0.011208, 0.010292, 0.010542, 0.01025, 0.011166]
scalar_vector_wg128_i8_cap256 stage_groups=[64, 1]
scalar_vector_wg128_i8_cap256 host median_ms=0.133417 p90_ms=0.141042 samples_ms=[0.13341699999999998, 0.14024999999999999, 0.129167, 0.127833, 0.136667, 0.12300000000000001, 0.136792, 0.122, 0.138458, 0.144708, 0.136584, 0.13349999999999998, 0.133459, 0.131083, 0.133, 0.128709, 0.137417, 0.135125, 0.12425000000000001, 0.14300000000000002, 0.12245800000000001, 0.141042, 0.117083, 0.141542, 0.1215, 0.13674999999999998, 0.11237499999999999, 0.125833, 0.12720900000000002, 0.134791, 0.132292]
scalar_vector_wg128_i8_cap256 gpu median_ms=0.007750 p90_ms=0.008459 samples_ms=[0.008416, 0.0085, 0.007583, 0.007709, 0.007916, 0.0075, 0.00775, 0.007541, 0.008333, 0.008333, 0.008542, 0.008166, 0.008291, 0.007458, 0.008458, 0.008375, 0.007708, 0.008458, 0.007709, 0.008459, 0.007459, 0.008417, 0.007584, 0.007541, 0.007542, 0.007458, 0.007708, 0.007708, 0.007792, 0.0085, 0.00775]
n=65536 expected_f64=32254.078125000
baseline_wg256 stage_groups=[256, 1]
baseline_wg256 host median_ms=0.133292 p90_ms=0.144708 samples_ms=[0.1185, 0.13279200000000002, 0.134291, 0.13774999999999998, 0.137083, 0.135125, 0.132875, 0.136959, 0.13029200000000002, 0.13004100000000002, 0.13170900000000002, 0.133292, 0.118958, 0.1205, 0.117167, 0.126083, 0.130708, 0.15537499999999999, 0.127083, 0.132709, 0.15029099999999998, 0.13741599999999998, 0.174375, 0.13120800000000002, 0.127458, 0.135958, 0.142166, 0.140541, 0.136708, 0.13674999999999998, 0.144708]
baseline_wg256 gpu median_ms=0.009333 p90_ms=0.009500 samples_ms=[0.009333, 0.0095, 0.009333, 0.009208, 0.0095, 0.009333, 0.0095, 0.00925, 0.009375, 0.009417, 0.009334, 0.009208, 0.009292, 0.009125, 0.009333, 0.009083, 0.009292, 0.009292, 0.009417, 0.00925, 0.009333, 0.009167, 0.009333, 0.009291, 0.009417, 0.009833, 0.009542, 0.0095, 0.009291, 0.010084, 0.009291]
production stage_groups=[]
production host median_ms=0.134125 p90_ms=0.143084 samples_ms=[0.134125, 0.134791, 0.13154200000000002, 0.13466699999999998, 0.129291, 0.138083, 0.135666, 0.133708, 0.132375, 0.12525, 0.126833, 0.127833, 0.124, 0.12654100000000001, 0.125833, 0.131875, 0.130416, 0.143084, 0.136167, 0.122667, 0.132125, 0.135542, 0.140625, 0.138417, 0.15062499999999998, 0.13741599999999998, 0.13366699999999998, 0.138958, 0.143333, 0.14375, 0.14075000000000001]
production gpu median_ms=0.010333 p90_ms=0.010958 samples_ms=[0.010958, 0.010291, 0.010334, 0.010459, 0.010333, 0.010375, 0.010292, 0.010417, 0.010417, 0.010333, 0.010375, 0.010333, 0.01025, 0.01025, 0.01025, 0.01025, 0.01025, 0.01025, 0.01025, 0.010291, 0.010458, 0.010125, 0.010333, 0.010209, 0.010625, 0.010375, 0.010458, 0.011125, 0.011166, 0.011042, 0.010584]
baseline_wg256_grain16_cap256 stage_groups=[16, 1]
baseline_wg256_grain16_cap256 host median_ms=0.133458 p90_ms=0.141125 samples_ms=[0.131959, 0.13345800000000002, 0.13362500000000002, 0.13908299999999998, 0.138875, 0.128375, 0.128584, 0.139084, 0.129, 0.13425, 0.128417, 0.13025, 0.140708, 0.125, 0.126167, 0.12300000000000001, 0.121208, 0.13683299999999998, 0.134208, 0.14720799999999998, 0.1235, 0.132958, 0.12895800000000002, 0.13487500000000002, 0.156333, 0.144542, 0.134917, 0.140708, 0.141125, 0.13241699999999998, 0.12979100000000002]
baseline_wg256_grain16_cap256 gpu median_ms=0.010375 p90_ms=0.011042 samples_ms=[0.010375, 0.01025, 0.010292, 0.010125, 0.010417, 0.010334, 0.0105, 0.01025, 0.010375, 0.010375, 0.010416, 0.010209, 0.022541, 0.010084, 0.01025, 0.010125, 0.010375, 0.010167, 0.010209, 0.011667, 0.010208, 0.010292, 0.01025, 0.010209, 0.011209, 0.010625, 0.010458, 0.010583, 0.011042, 0.011041, 0.010375]
baseline_wg256_grain16_cap1024 stage_groups=[16, 1]
baseline_wg256_grain16_cap1024 host median_ms=0.133667 p90_ms=0.151167 samples_ms=[0.131792, 0.135459, 0.133, 0.128167, 0.211667, 0.130708, 0.124292, 0.132834, 0.13154200000000002, 0.12975, 0.128334, 0.12825, 0.12416599999999998, 0.253542, 0.13366699999999998, 0.131083, 0.13975, 0.13125, 0.12845900000000002, 0.132916, 0.27341699999999997, 0.133875, 0.142917, 0.133917, 0.148625, 0.14266600000000002, 0.14008299999999999, 0.13954200000000003, 0.142209, 0.15116700000000002, 0.142875]
baseline_wg256_grain16_cap1024 gpu median_ms=0.010334 p90_ms=0.011000 samples_ms=[0.010083, 0.0105, 0.0105, 0.010375, 0.010334, 0.010541, 0.010208, 0.010416, 0.010292, 0.010417, 0.010334, 0.010375, 0.010417, 0.010208, 0.010084, 0.010333, 0.010292, 0.01025, 0.010041, 0.010208, 0.01025, 0.010125, 0.010042, 0.01025, 0.010416, 0.011083, 0.010916, 0.01125, 0.011, 0.011167, 0.01025]
scalar_vector_wg128_i8_cap256 stage_groups=[64, 1]
scalar_vector_wg128_i8_cap256 host median_ms=0.125458 p90_ms=0.137291 samples_ms=[0.12362500000000001, 0.127375, 0.12462500000000001, 0.126666, 0.15312499999999998, 0.122209, 0.121042, 0.12575, 0.127916, 0.12545800000000001, 0.120417, 0.121833, 0.116792, 0.121375, 0.117209, 0.12575, 0.130625, 0.130584, 0.12191700000000001, 0.119459, 0.12362500000000001, 0.119875, 0.1505, 0.127417, 0.12545800000000001, 0.13566699999999998, 0.137291, 0.132041, 0.247958, 0.124167, 0.135625]
scalar_vector_wg128_i8_cap256 gpu median_ms=0.007500 p90_ms=0.007708 samples_ms=[0.007541, 0.007459, 0.007625, 0.007416, 0.007791, 0.007583, 0.007625, 0.007542, 0.0075, 0.007459, 0.007625, 0.007666, 0.007541, 0.007458, 0.0075, 0.007417, 0.007458, 0.007708, 0.007625, 0.007708, 0.007625, 0.007459, 0.0075, 0.007666, 0.007458, 0.008292, 0.007417, 0.007334, 0.0075, 0.007333, 0.0075]
n=65537 expected_f64=32254.109375000
baseline_wg256 stage_groups=[257, 2, 1]
baseline_wg256 host median_ms=0.141917 p90_ms=0.147959 samples_ms=[0.12999999999999998, 0.143542, 0.140125, 0.12808399999999998, 0.13395900000000002, 0.132208, 0.145125, 0.142417, 0.14191700000000002, 0.133833, 0.155291, 0.129917, 0.1305, 0.139583, 0.142541, 0.147959, 0.144458, 0.14737499999999998, 0.14300000000000002, 0.131458, 0.142125, 0.146666, 0.155625, 0.144708, 0.13125, 0.147875, 0.131292, 0.13791699999999998, 0.128875, 0.160541, 0.134625]
baseline_wg256 gpu median_ms=0.012292 p90_ms=0.013541 samples_ms=[0.012584, 0.012125, 0.013584, 0.012167, 0.01225, 0.012375, 0.013625, 0.012208, 0.013541, 0.01275, 0.040041, 0.012458, 0.011917, 0.012292, 0.012125, 0.012292, 0.011916, 0.012125, 0.0125, 0.012416, 0.012, 0.01225, 0.0135, 0.012167, 0.013292, 0.012084, 0.012208, 0.01225, 0.012291, 0.012458, 0.012416]
production stage_groups=[]
production host median_ms=0.136958 p90_ms=0.149625 samples_ms=[0.141125, 0.144166, 0.14962499999999998, 0.13075, 0.127375, 0.129334, 0.138292, 0.132334, 0.144875, 0.152291, 0.13875, 0.13695800000000002, 0.12341699999999999, 0.17433300000000002, 0.14091599999999999, 0.133375, 0.134334, 0.143125, 0.134542, 0.129209, 0.13012500000000002, 0.12945900000000002, 0.14316700000000002, 0.135375, 0.143625, 0.140792, 0.22675, 0.135959, 0.124125, 0.144958, 0.130791]
production gpu median_ms=0.010541 p90_ms=0.011250 samples_ms=[0.011, 0.010541, 0.011083, 0.010084, 0.010291, 0.010125, 0.010333, 0.010959, 0.011333, 0.011125, 0.011333, 0.010292, 0.010459, 0.010375, 0.011208, 0.010417, 0.010375, 0.010083, 0.010666, 0.01025, 0.010416, 0.010084, 0.011417, 0.010959, 0.01125, 0.010917, 0.011, 0.010167, 0.010625, 0.010209, 0.010708]
baseline_wg256_grain16_cap256 stage_groups=[17, 1]
baseline_wg256_grain16_cap256 host median_ms=0.133833 p90_ms=0.143125 samples_ms=[0.13866599999999998, 0.13349999999999998, 0.141292, 0.127292, 0.12704200000000002, 0.12770800000000002, 0.132125, 0.13549999999999998, 0.13825, 0.133833, 0.141125, 0.124709, 0.131917, 0.132833, 0.14391600000000002, 0.143042, 0.130708, 0.141458, 0.13470800000000002, 0.138792, 0.127584, 0.132125, 0.155833, 0.131084, 0.13937500000000003, 0.143125, 0.14316700000000002, 0.1225, 0.12912500000000002, 0.141125, 0.129917]
baseline_wg256_grain16_cap256 gpu median_ms=0.010416 p90_ms=0.011167 samples_ms=[0.010375, 0.010292, 0.01025, 0.010459, 0.010417, 0.010334, 0.010333, 0.0105, 0.01125, 0.011209, 0.011209, 0.010375, 0.010042, 0.010417, 0.011042, 0.011167, 0.010209, 0.010209, 0.01025, 0.010375, 0.01025, 0.010416, 0.010416, 0.011166, 0.011125, 0.011042, 0.010667, 0.010209, 0.010167, 0.010334, 0.010542]
baseline_wg256_grain16_cap1024 stage_groups=[17, 1]
baseline_wg256_grain16_cap1024 host median_ms=0.134958 p90_ms=0.142291 samples_ms=[0.134958, 0.12929200000000002, 0.144291, 0.13875, 0.124, 0.13154200000000002, 0.13574999999999998, 0.135458, 0.139583, 0.12275, 0.14225, 0.12791699999999998, 0.138209, 0.13125, 0.140666, 0.15154099999999998, 0.139667, 0.13224999999999998, 0.133583, 0.13137500000000002, 0.13383399999999998, 0.125583, 0.136792, 0.142291, 0.13554100000000002, 0.142708, 0.13475, 0.128417, 0.131291, 0.13774999999999998, 0.134]
baseline_wg256_grain16_cap1024 gpu median_ms=0.010250 p90_ms=0.011083 samples_ms=[0.011042, 0.01025, 0.01025, 0.010791, 0.010167, 0.010167, 0.01025, 0.011042, 0.011083, 0.010125, 0.011083, 0.010334, 0.010166, 0.010208, 0.010416, 0.010125, 0.010125, 0.010125, 0.010416, 0.010167, 0.010375, 0.010208, 0.010375, 0.011084, 0.010834, 0.011083, 0.010375, 0.010042, 0.01025, 0.010083, 0.010542]
scalar_vector_wg128_i8_cap256 stage_groups=[65, 1]
scalar_vector_wg128_i8_cap256 host median_ms=0.126375 p90_ms=0.144542 samples_ms=[0.141417, 0.12279200000000001, 0.16975, 0.133167, 0.121, 0.124292, 0.13899999999999998, 0.141459, 0.14166600000000001, 0.1255, 0.138459, 0.120917, 0.12579200000000001, 0.126375, 0.144542, 0.14625, 0.128291, 0.12875, 0.12466699999999999, 0.122791, 0.121625, 0.125083, 0.12108300000000001, 0.144875, 0.132375, 0.138584, 0.12370799999999998, 0.12224999999999998, 0.125666, 0.126, 0.127291]
scalar_vector_wg128_i8_cap256 gpu median_ms=0.008000 p90_ms=0.008708 samples_ms=[0.008583, 0.007958, 0.008708, 0.008625, 0.007959, 0.007792, 0.007958, 0.008666, 0.008792, 0.007958, 0.008, 0.007916, 0.008, 0.007958, 0.00875, 0.008625, 0.007792, 0.007625, 0.007959, 0.007958, 0.008, 0.008959, 0.007916, 0.007833, 0.008667, 0.008667, 0.008, 0.007791, 0.008, 0.00775, 0.008042]
n=262145 expected_f64=129017.187500000
baseline_wg256 stage_groups=[1025, 5, 1]
baseline_wg256 host median_ms=0.151042 p90_ms=0.164584 samples_ms=[0.148, 0.143625, 0.143917, 0.1605, 0.16075, 0.164584, 0.156166, 0.161916, 0.163417, 0.16520900000000002, 0.1485, 0.146375, 0.14508300000000002, 0.14595799999999998, 0.14750000000000002, 0.146791, 0.148666, 0.14333400000000002, 0.14516600000000002, 0.152959, 0.14975, 0.154833, 0.148708, 0.1625, 0.15104199999999998, 0.21770799999999998, 0.15937500000000002, 0.154166, 0.16487500000000002, 0.156584, 0.144958]
baseline_wg256 gpu median_ms=0.025959 p90_ms=0.027500 samples_ms=[0.022459, 0.023042, 0.027666, 0.026542, 0.0275, 0.022875, 0.027333, 0.027334, 0.026375, 0.027208, 0.025959, 0.023042, 0.026334, 0.028042, 0.026083, 0.022541, 0.022625, 0.022708, 0.028875, 0.022792, 0.023, 0.022833, 0.026542, 0.027459, 0.026125, 0.022583, 0.02275, 0.022667, 0.027208, 0.023084, 0.022666]
production stage_groups=[]
production host median_ms=0.134416 p90_ms=0.142166 samples_ms=[0.134416, 0.134416, 0.13349999999999998, 0.140292, 0.142166, 0.13695800000000002, 0.130625, 0.139917, 0.138834, 0.141667, 0.137166, 0.13137500000000002, 0.126208, 0.13012500000000002, 0.12812500000000002, 0.123125, 0.130333, 0.128417, 0.129208, 0.13012500000000002, 0.131875, 0.133292, 0.138958, 0.143459, 0.13137500000000002, 0.13625, 0.141417, 0.153667, 0.139958, 0.141292, 0.142875]
production gpu median_ms=0.010625 p90_ms=0.011250 samples_ms=[0.011916, 0.010292, 0.010416, 0.011292, 0.01125, 0.011167, 0.010667, 0.01125, 0.0105, 0.01125, 0.010417, 0.010625, 0.0105, 0.010459, 0.010541, 0.010208, 0.010791, 0.010333, 0.010625, 0.010542, 0.010542, 0.010417, 0.010542, 0.011209, 0.010333, 0.010333, 0.01125, 0.010667, 0.010625, 0.010625, 0.010667]
baseline_wg256_grain16_cap256 stage_groups=[65, 1]
baseline_wg256_grain16_cap256 host median_ms=0.134000 p90_ms=0.141458 samples_ms=[0.134917, 0.13362500000000002, 0.129917, 0.134625, 0.141417, 0.144125, 0.130333, 0.137375, 0.131, 0.14024999999999999, 0.135791, 0.140041, 0.12895800000000002, 0.134, 0.126834, 0.14475, 0.129083, 0.128541, 0.130083, 0.132958, 0.13224999999999998, 0.131583, 0.13208299999999998, 0.139333, 0.12433299999999999, 0.14116599999999999, 0.141458, 0.14075000000000001, 0.14183300000000001, 0.12141700000000001, 0.135666]
baseline_wg256_grain16_cap256 gpu median_ms=0.010625 p90_ms=0.011292 samples_ms=[0.010583, 0.010541, 0.010416, 0.0105, 0.01125, 0.010417, 0.011291, 0.010583, 0.010209, 0.011375, 0.011, 0.010291, 0.010667, 0.010458, 0.010667, 0.072625, 0.01075, 0.010542, 0.010709, 0.010625, 0.010458, 0.010458, 0.010667, 0.011291, 0.010375, 0.011334, 0.011209, 0.011292, 0.0105, 0.010792, 0.010459]
baseline_wg256_grain16_cap1024 stage_groups=[65, 1]
baseline_wg256_grain16_cap1024 host median_ms=0.132125 p90_ms=0.143875 samples_ms=[0.129375, 0.131416, 0.13154200000000002, 0.197959, 0.131042, 0.155875, 0.132958, 0.14387499999999998, 0.148292, 0.139125, 0.127417, 0.13004100000000002, 0.130042, 0.12445800000000001, 0.12845900000000002, 0.131792, 0.140833, 0.129333, 0.12774999999999997, 0.134584, 0.130083, 0.13033399999999998, 0.13470800000000002, 0.135166, 0.12404199999999999, 0.140792, 0.14300000000000002, 0.138416, 0.140583, 0.132125, 0.134709]
baseline_wg256_grain16_cap1024 gpu median_ms=0.010583 p90_ms=0.011416 samples_ms=[0.01075, 0.010416, 0.010458, 0.010375, 0.011292, 0.011416, 0.011167, 0.01125, 0.010292, 0.0105, 0.011458, 0.046625, 0.010667, 0.010583, 0.0105, 0.010625, 0.010541, 0.010583, 0.043417, 0.010459, 0.010709, 0.010667, 0.01075, 0.010416, 0.010542, 0.010458, 0.011166, 0.0105, 0.011375, 0.010458, 0.010458]
scalar_vector_wg128_i8_cap256 stage_groups=[256, 1]
scalar_vector_wg128_i8_cap256 host median_ms=0.128500 p90_ms=0.139834 samples_ms=[0.137625, 0.121916, 0.121125, 0.129, 0.12487500000000001, 0.123125, 0.129708, 0.121375, 0.145209, 0.13241699999999998, 0.126125, 0.140709, 0.125209, 0.119458, 0.127, 0.125375, 0.12479200000000001, 0.12912500000000002, 0.129708, 0.12220800000000001, 0.1285, 0.12462500000000001, 0.133916, 0.12395900000000001, 0.137291, 0.13075, 0.139834, 0.132042, 0.12595900000000002, 0.130917, 0.164292]
scalar_vector_wg128_i8_cap256 gpu median_ms=0.008917 p90_ms=0.009583 samples_ms=[0.008917, 0.009084, 0.008792, 0.008667, 0.0095, 0.008584, 0.0085, 0.009583, 0.0095, 0.009459, 0.008917, 0.01, 0.008708, 0.008792, 0.008833, 0.008792, 0.008875, 0.008625, 0.008667, 0.008583, 0.008917, 0.0085, 0.009, 0.009625, 0.008917, 0.009583, 0.0095, 0.008708, 0.009583, 0.0095, 0.009166]
n=1000003 expected_f64=492186.593750000
baseline_wg256 stage_groups=[3907, 16, 1]
baseline_wg256 host median_ms=0.187375 p90_ms=0.195583 samples_ms=[0.184417, 0.180291, 0.185333, 0.204167, 0.183625, 0.18875, 0.183333, 0.18754099999999999, 0.189833, 0.183375, 0.18737499999999999, 0.173791, 0.18920800000000002, 0.179083, 0.19366699999999998, 0.1905, 0.189541, 0.193584, 0.189917, 0.195708, 0.179334, 0.203583, 0.18704099999999999, 0.19262500000000002, 0.177125, 0.181292, 0.173041, 0.19558299999999998, 0.193, 0.185167, 0.180917]
baseline_wg256 gpu median_ms=0.062542 p90_ms=0.063042 samples_ms=[0.061833, 0.062542, 0.062375, 0.06275, 0.062542, 0.062666, 0.062292, 0.062708, 0.062, 0.062666, 0.062542, 0.062625, 0.062459, 0.062416, 0.061875, 0.063083, 0.062875, 0.063042, 0.062292, 0.063167, 0.062375, 0.063, 0.06225, 0.061792, 0.062375, 0.062625, 0.06275, 0.062375, 0.061792, 0.068959, 0.062375]
production stage_groups=[]
production host median_ms=0.130167 p90_ms=0.137250 samples_ms=[0.129667, 0.12395900000000001, 0.13016699999999998, 0.128833, 0.135125, 0.129417, 0.13454100000000002, 0.129333, 0.131209, 0.13466699999999998, 0.130166, 0.13725, 0.24825, 0.122292, 0.134583, 0.130917, 0.13733399999999998, 0.128667, 0.133416, 0.123709, 0.12449999999999999, 0.13137500000000002, 0.132292, 0.12875, 0.128, 0.12458400000000001, 0.126542, 0.16179200000000002, 0.12975, 0.134625, 0.13325]
production gpu median_ms=0.013167 p90_ms=0.013334 samples_ms=[0.013125, 0.013, 0.013292, 0.013416, 0.013125, 0.013084, 0.013333, 0.013166, 0.013042, 0.013208, 0.013334, 0.013417, 0.013334, 0.013125, 0.013167, 0.01325, 0.013125, 0.013125, 0.013208, 0.01325, 0.013167, 0.013292, 0.013167, 0.013292, 0.013125, 0.013292, 0.013, 0.012958, 0.013167, 0.013209, 0.013084]
baseline_wg256_grain16_cap256 stage_groups=[245, 1]
baseline_wg256_grain16_cap256 host median_ms=0.130458 p90_ms=0.135458 samples_ms=[0.129458, 0.125125, 0.12141600000000001, 0.133708, 0.134917, 0.13520900000000002, 0.135458, 0.1285, 0.137625, 0.131708, 0.12758299999999997, 0.132333, 0.144542, 0.205792, 0.126041, 0.133791, 0.131791, 0.129333, 0.127833, 0.130584, 0.12025, 0.13033399999999998, 0.13433299999999998, 0.12929200000000002, 0.128667, 0.127375, 0.12408300000000001, 0.13379200000000002, 0.130458, 0.13275, 0.12404199999999999]
baseline_wg256_grain16_cap256 gpu median_ms=0.013333 p90_ms=0.013667 samples_ms=[0.012791, 0.013584, 0.012791, 0.013584, 0.013334, 0.01375, 0.013334, 0.013292, 0.013125, 0.01375, 0.013167, 0.013334, 0.013292, 0.013292, 0.013041, 0.013583, 0.013208, 0.013708, 0.013292, 0.01325, 0.013375, 0.0135, 0.013084, 0.01325, 0.0135, 0.013375, 0.013166, 0.013417, 0.013167, 0.013667, 0.013333]
baseline_wg256_grain16_cap1024 stage_groups=[245, 1]
baseline_wg256_grain16_cap1024 host median_ms=0.131583 p90_ms=0.139750 samples_ms=[0.132208, 0.136041, 0.130417, 0.128416, 0.129625, 0.129042, 0.131875, 0.151416, 0.132292, 0.12525, 0.133375, 0.163, 0.129875, 0.126917, 0.12912500000000002, 0.131416, 0.134459, 0.140333, 0.13341699999999998, 0.12575, 0.138042, 0.125417, 0.137291, 0.128375, 0.132333, 0.126792, 0.131583, 0.12725, 0.13975, 0.131833, 0.128583]
baseline_wg256_grain16_cap1024 gpu median_ms=0.013250 p90_ms=0.013375 samples_ms=[0.013042, 0.013208, 0.013375, 0.013375, 0.013417, 0.013125, 0.01325, 0.013375, 0.013375, 0.013584, 0.013292, 0.013375, 0.013042, 0.0135, 0.013333, 0.013167, 0.013167, 0.013166, 0.013375, 0.013042, 0.013292, 0.01325, 0.013083, 0.013041, 0.01325, 0.013167, 0.013083, 0.013125, 0.01325, 0.013167, 0.013125]
scalar_vector_wg128_i8_cap256 stage_groups=[256, 1]
scalar_vector_wg128_i8_cap256 host median_ms=0.130166 p90_ms=0.136042 samples_ms=[0.12012500000000001, 0.12625, 0.12475, 0.130209, 0.125125, 0.129208, 0.127542, 0.150375, 0.12645800000000001, 0.133875, 0.128708, 0.134084, 0.13020800000000002, 0.13366699999999998, 0.154666, 0.136042, 0.12725, 0.134208, 0.127375, 0.133416, 0.126292, 0.144958, 0.135083, 0.130166, 0.1255, 0.12999999999999998, 0.12275, 0.127959, 0.134959, 0.134791, 0.13466699999999998]
scalar_vector_wg128_i8_cap256 gpu median_ms=0.011959 p90_ms=0.012209 samples_ms=[0.011584, 0.011666, 0.011959, 0.012209, 0.012209, 0.012084, 0.011834, 0.012042, 0.012, 0.011917, 0.011792, 0.012, 0.012, 0.011917, 0.011792, 0.012459, 0.011834, 0.012042, 0.012166, 0.012084, 0.011959, 0.011792, 0.012125, 0.012, 0.011875, 0.012083, 0.011833, 0.011958, 0.011958, 0.012416, 0.011875]
n=4000003 expected_f64=1968746.492187500
baseline_wg256 stage_groups=[15626, 62, 1]
baseline_wg256 host median_ms=0.379250 p90_ms=0.436667 samples_ms=[0.373125, 0.387292, 0.365083, 0.436667, 0.37375, 0.394458, 0.393042, 0.38291699999999995, 0.37575, 0.396917, 0.396625, 0.393042, 0.393167, 0.362625, 0.471833, 0.47625, 0.384834, 0.372583, 0.38, 0.35683299999999996, 0.5231250000000001, 0.37925, 0.363209, 0.367084, 0.37274999999999997, 0.3745, 0.37625000000000003, 0.3715, 0.377042, 0.381417, 0.377292]
baseline_wg256 gpu median_ms=0.235208 p90_ms=0.239000 samples_ms=[0.234208, 0.224583, 0.225, 0.23075, 0.233584, 0.23775, 0.237833, 0.224625, 0.230042, 0.237125, 0.237542, 0.238917, 0.22975, 0.225333, 0.235666, 0.232666, 0.234458, 0.236583, 0.224458, 0.228792, 0.239, 0.239, 0.237042, 0.238375, 0.237334, 0.223791, 0.234292, 0.238, 0.235208, 0.239416, 0.239417]
production stage_groups=[]
production host median_ms=0.166667 p90_ms=0.185042 samples_ms=[0.183875, 0.16425, 0.172541, 0.176417, 0.206458, 0.17945799999999998, 0.18775, 0.179584, 0.175416, 0.182333, 0.17841600000000002, 0.188584, 0.185042, 0.163125, 0.162791, 0.153708, 0.1555, 0.163542, 0.162, 0.153875, 0.182208, 0.157, 0.172667, 0.15512499999999999, 0.159958, 0.161583, 0.160125, 0.163042, 0.15812500000000002, 0.171709, 0.166667]
production gpu median_ms=0.026500 p90_ms=0.029917 samples_ms=[0.026208, 0.030042, 0.02825, 0.026292, 0.026125, 0.029667, 0.029791, 0.029042, 0.025375, 0.029833, 0.0265, 0.029708, 0.029125, 0.025333, 0.026208, 0.029917, 0.025791, 0.026041, 0.025458, 0.029459, 0.030208, 0.029417, 0.026583, 0.026, 0.025208, 0.025584, 0.026333, 0.029917, 0.026083, 0.026166, 0.02925]
baseline_wg256_grain16_cap256 stage_groups=[256, 1]
baseline_wg256_grain16_cap256 host median_ms=0.164250 p90_ms=0.179416 samples_ms=[0.174542, 0.17066699999999999, 0.156083, 0.16574999999999998, 0.167375, 0.167625, 0.169209, 0.181833, 0.177, 0.167209, 0.179416, 0.179583, 0.181583, 0.1675, 0.16262500000000002, 0.16275, 0.15325000000000003, 0.1585, 0.157083, 0.16425, 0.1585, 0.16054200000000002, 0.166792, 0.154625, 0.157417, 0.155042, 0.14941600000000002, 0.161791, 0.15787500000000002, 0.170042, 0.163167]
baseline_wg256_grain16_cap256 gpu median_ms=0.028666 p90_ms=0.029875 samples_ms=[0.026333, 0.026125, 0.029042, 0.026167, 0.02625, 0.025834, 0.029583, 0.026583, 0.029083, 0.029708, 0.029667, 0.029625, 0.029583, 0.028875, 0.026042, 0.029875, 0.026042, 0.026375, 0.028583, 0.025417, 0.029375, 0.029, 0.029917, 0.029042, 0.028666, 0.025792, 0.026125, 0.029916, 0.026083, 0.03, 0.025292]
baseline_wg256_grain16_cap1024 stage_groups=[977, 1]
baseline_wg256_grain16_cap1024 host median_ms=0.169000 p90_ms=0.182125 samples_ms=[0.186875, 0.16695800000000002, 0.16449999999999998, 0.170917, 0.18212499999999998, 0.16708399999999998, 0.18645799999999998, 0.181959, 0.174084, 0.180584, 0.16783299999999998, 0.17241700000000001, 0.176375, 0.187584, 0.149209, 0.172583, 0.168083, 0.160792, 0.158834, 0.17450000000000002, 0.160291, 0.160333, 0.16804100000000002, 0.172959, 0.160167, 0.159291, 0.159, 0.162667, 0.16899999999999998, 0.171834, 0.173958]
baseline_wg256_grain16_cap1024 gpu median_ms=0.032166 p90_ms=0.033083 samples_ms=[0.032834, 0.034917, 0.031666, 0.031708, 0.032875, 0.029167, 0.029416, 0.029917, 0.031417, 0.033083, 0.032791, 0.032417, 0.032542, 0.032334, 0.0295, 0.029333, 0.029375, 0.030292, 0.029709, 0.032458, 0.032583, 0.032708, 0.032916, 0.033, 0.028541, 0.0285, 0.029084, 0.03325, 0.029708, 0.033458, 0.032166]
scalar_vector_wg128_i8_cap256 stage_groups=[256, 1]
scalar_vector_wg128_i8_cap256 host median_ms=0.161583 p90_ms=0.178792 samples_ms=[0.161583, 0.168667, 0.158833, 0.17825, 0.158, 0.17666700000000002, 0.174833, 0.172542, 0.16558299999999998, 0.18429199999999998, 0.17191700000000001, 0.16091599999999998, 0.180208, 0.180667, 0.17879199999999998, 0.158417, 0.157417, 0.157166, 0.152542, 0.148, 0.15537499999999999, 0.160625, 0.168125, 0.166875, 0.151041, 0.1625, 0.151417, 0.16020800000000002, 0.155291, 0.155167, 0.16241699999999998]
scalar_vector_wg128_i8_cap256 gpu median_ms=0.025542 p90_ms=0.028834 samples_ms=[0.025209, 0.027667, 0.024375, 0.024541, 0.025083, 0.029125, 0.028667, 0.027959, 0.026125, 0.024791, 0.025208, 0.028334, 0.02875, 0.024375, 0.028041, 0.029, 0.028125, 0.027, 0.030792, 0.024417, 0.02525, 0.0285, 0.025458, 0.025, 0.025166, 0.024833, 0.025542, 0.028834, 0.028834, 0.02475, 0.024792]
n=16000003 expected_f64=7874988.898437500
baseline_wg256 stage_groups=[62501, 245, 1]
baseline_wg256 host median_ms=1.194917 p90_ms=1.319875 samples_ms=[1.165709, 1.143959, 1.194917, 1.165292, 1.18025, 1.1674579999999999, 1.176375, 1.150166, 1.1726670000000001, 1.182083, 1.1633749999999998, 1.175541, 1.1839579999999998, 1.137125, 1.368833, 1.1722499999999998, 1.2143329999999999, 1.3582500000000002, 1.243792, 1.217625, 1.312625, 1.188542, 1.2090409999999998, 1.3198750000000001, 1.316917, 1.220583, 1.3061660000000002, 1.2967499999999998, 1.372458, 1.294875, 1.317667]
baseline_wg256 gpu median_ms=1.040875 p90_ms=1.118000 samples_ms=[1.018625, 0.95825, 1.041167, 1.040875, 0.967042, 0.995083, 1.011709, 1.010375, 1.013125, 1.011166, 1.014125, 1.105625, 1.014542, 1.01175, 1.096, 1.116625, 1.014125, 1.116875, 1.014625, 1.014291, 1.121334, 1.068208, 1.067, 1.1985, 1.118, 1.014541, 1.119292, 1.114584, 1.114791, 1.116875, 1.114334]
production stage_groups=[]
production host median_ms=0.314625 p90_ms=0.342250 samples_ms=[0.270417, 0.268416, 0.291584, 0.312083, 0.283292, 0.305375, 0.261708, 0.313125, 0.298084, 0.328, 0.29320799999999997, 0.25858400000000004, 0.299709, 0.293916, 0.34225, 0.342625, 0.29120799999999997, 0.318083, 0.3025, 0.330917, 0.31925, 0.32575, 0.31462500000000004, 0.324541, 0.334875, 0.34308299999999997, 0.338042, 0.332, 0.37220899999999996, 0.336167, 0.326709]
production gpu median_ms=0.172208 p90_ms=0.175583 samples_ms=[0.17125, 0.133167, 0.156, 0.160208, 0.152083, 0.177542, 0.146459, 0.133542, 0.174667, 0.15475, 0.1725, 0.132416, 0.173125, 0.150583, 0.174792, 0.151666, 0.137083, 0.174833, 0.172208, 0.155625, 0.175583, 0.172375, 0.171459, 0.174209, 0.176, 0.175208, 0.175916, 0.173917, 0.170458, 0.174291, 0.175458]
baseline_wg256_grain16_cap256 stage_groups=[256, 1]
baseline_wg256_grain16_cap256 host median_ms=0.299333 p90_ms=0.341625 samples_ms=[0.255, 0.259625, 0.30816699999999997, 0.26575, 0.271792, 0.258166, 0.25583300000000003, 0.281125, 0.283625, 0.26929200000000003, 0.267458, 0.25975, 0.299333, 0.296791, 0.331416, 0.298458, 0.29554199999999997, 0.319667, 0.314125, 0.29362499999999997, 0.317917, 0.325916, 0.320208, 0.32275000000000004, 0.361292, 0.354084, 0.341625, 0.33795899999999995, 0.331, 0.341208, 0.41225]
baseline_wg256_grain16_cap256 gpu median_ms=0.144667 p90_ms=0.175541 samples_ms=[0.131, 0.130875, 0.164541, 0.138542, 0.136542, 0.137792, 0.138041, 0.17275, 0.137042, 0.133583, 0.139291, 0.138, 0.166708, 0.144667, 0.174583, 0.136292, 0.13575, 0.178208, 0.135834, 0.1365, 0.175167, 0.173375, 0.179459, 0.172791, 0.143792, 0.172875, 0.171334, 0.179959, 0.172417, 0.175541, 0.175333]
baseline_wg256_grain16_cap1024 stage_groups=[1024, 1]
baseline_wg256_grain16_cap1024 host median_ms=0.306084 p90_ms=0.344958 samples_ms=[0.310666, 0.271708, 0.284708, 0.27545800000000004, 0.262292, 0.277625, 0.28620799999999996, 0.29016699999999995, 0.266459, 0.266, 0.27295899999999995, 0.2765, 0.268625, 0.281292, 0.348958, 0.30608399999999997, 0.30762500000000004, 0.315667, 0.331042, 0.302667, 0.341541, 0.332792, 0.304708, 0.317666, 0.306875, 0.34495800000000004, 0.351959, 0.33433399999999996, 0.338208, 0.341834, 0.360541]
baseline_wg256_grain16_cap1024 gpu median_ms=0.150667 p90_ms=0.185500 samples_ms=[0.142625, 0.140792, 0.150667, 0.153042, 0.139875, 0.144959, 0.142583, 0.144542, 0.139084, 0.147708, 0.143458, 0.151542, 0.151458, 0.145125, 0.177375, 0.142541, 0.141625, 0.189417, 0.175042, 0.1505, 0.18025, 0.185917, 0.141958, 0.186875, 0.143, 0.183416, 0.179166, 0.1855, 0.180375, 0.183959, 0.185]
scalar_vector_wg128_i8_cap256 stage_groups=[256, 1]
scalar_vector_wg128_i8_cap256 host median_ms=0.284542 p90_ms=0.339375 samples_ms=[0.260291, 0.28454199999999996, 0.270583, 0.274833, 0.25679199999999996, 0.26087499999999997, 0.252417, 0.266625, 0.25395799999999996, 0.275916, 0.248042, 0.360209, 0.24295799999999998, 0.261791, 0.287792, 0.283625, 0.267583, 0.3275, 0.316875, 0.31525, 0.31583300000000003, 0.325417, 0.266958, 0.33191699999999996, 0.34454199999999996, 0.334375, 0.32162500000000005, 0.315292, 0.303041, 0.339375, 0.34825]
scalar_vector_wg128_i8_cap256 gpu median_ms=0.138542 p90_ms=0.175000 samples_ms=[0.131375, 0.128, 0.145208, 0.140291, 0.138542, 0.125875, 0.135041, 0.126417, 0.135458, 0.135791, 0.133958, 0.152458, 0.135875, 0.126083, 0.130791, 0.1275, 0.136042, 0.163333, 0.172417, 0.134709, 0.172959, 0.162875, 0.136666, 0.167333, 0.175708, 0.164375, 0.175, 0.167208, 0.178125, 0.17275, 0.176209]
