backend=metal period_ns=1 candidates=12; 200ms held warmup,21 rotated samples; host mode has no query writes/resolution and reads4bytes; GPU mode measures all stages in one compute pass; both use timestamp-capable device; vec4 candidates require padded input/intermediates
n=0 expected_f64=-0.000000000
baseline_wg256 stage_groups=[1]
baseline_wg256 host median_ms=0.123000 p90_ms=0.129916 samples_ms=[0.11837500000000001, 0.127041, 0.11900000000000001, 0.129167, 0.127459, 0.121459, 0.12216700000000001, 0.129916, 0.120416, 0.128916, 0.120417, 0.12300000000000001, 0.125833, 0.12375, 0.12416599999999998, 0.120041, 0.1225, 0.15175, 0.113125, 0.132041, 0.12029200000000001]
baseline_wg256 gpu median_ms=0.004042 p90_ms=0.004167 samples_ms=[0.003916, 0.004167, 0.004167, 0.004042, 0.004125, 0.004125, 0.004084, 0.004042, 0.004166, 0.003833, 0.003916, 0.004042, 0.003917, 0.003792, 0.003875, 0.004083, 0.004167, 0.003834, 0.004, 0.003958, 0.003875]
baseline_wg256_grain16_cap256 stage_groups=[1]
baseline_wg256_grain16_cap256 host median_ms=0.124166 p90_ms=0.129542 samples_ms=[0.12416599999999998, 0.25012500000000004, 0.12425000000000001, 0.12075, 0.11620899999999999, 0.11837500000000001, 0.120542, 0.125459, 0.121209, 0.11854200000000001, 0.12208299999999998, 0.11687499999999999, 0.128417, 0.126333, 0.129334, 0.119417, 0.129542, 0.12787500000000002, 0.138625, 0.129375, 0.12175000000000001]
baseline_wg256_grain16_cap256 gpu median_ms=0.003958 p90_ms=0.004125 samples_ms=[0.003833, 0.004042, 0.003959, 0.00375, 0.004667, 0.004167, 0.004125, 0.003875, 0.00375, 0.004084, 0.004042, 0.004, 0.003792, 0.003792, 0.004042, 0.003792, 0.004, 0.003875, 0.003791, 0.003917, 0.003958]
baseline_wg256_grain16_cap1024 stage_groups=[1]
baseline_wg256_grain16_cap1024 host median_ms=0.122375 p90_ms=0.132333 samples_ms=[0.121167, 0.116709, 0.121333, 0.132333, 0.194625, 0.125666, 0.115208, 0.124375, 0.12241699999999998, 0.12254200000000001, 0.135292, 0.12237500000000001, 0.1215, 0.125209, 0.11787500000000001, 0.129083, 0.12237500000000001, 0.126375, 0.12000000000000001, 0.12079200000000001, 0.11758300000000001]
baseline_wg256_grain16_cap1024 gpu median_ms=0.003958 p90_ms=0.004167 samples_ms=[0.003875, 0.003959, 0.003958, 0.003875, 0.003916, 0.004125, 0.004167, 0.003875, 0.004, 0.004125, 0.004167, 0.004041, 0.003875, 0.003916, 0.003875, 0.003958, 0.004, 0.003791, 0.003958, 0.003875, 0.00425]
baseline_wg256_grain4_cap1024 stage_groups=[1]
baseline_wg256_grain4_cap1024 host median_ms=0.124875 p90_ms=0.136625 samples_ms=[0.120417, 0.112459, 0.131083, 0.127792, 0.136625, 0.128542, 0.119291, 0.122667, 0.126375, 0.12062500000000001, 0.121958, 0.25141600000000003, 0.12462500000000001, 0.1205, 0.12375, 0.120208, 0.125667, 0.12487500000000001, 0.128458, 0.174541, 0.126375]
baseline_wg256_grain4_cap1024 gpu median_ms=0.004000 p90_ms=0.004125 samples_ms=[0.003833, 0.004, 0.004, 0.004125, 0.004042, 0.003917, 0.004166, 0.004083, 0.003791, 0.003917, 0.004041, 0.004125, 0.003875, 0.004, 0.004041, 0.004167, 0.004042, 0.003792, 0.004084, 0.003875, 0.004]
baseline_wg128_grain8_cap256 stage_groups=[1]
baseline_wg128_grain8_cap256 host median_ms=0.122917 p90_ms=0.126584 samples_ms=[0.12587500000000001, 0.112583, 0.123375, 0.122917, 0.1215, 0.12387499999999999, 0.12416599999999998, 0.126584, 0.118792, 0.11979100000000001, 0.120667, 0.11625, 0.123834, 0.12687500000000002, 0.119583, 0.120875, 0.12441700000000001, 0.12587500000000001, 0.122667, 0.128083, 0.11875]
baseline_wg128_grain8_cap256 gpu median_ms=0.003667 p90_ms=0.003792 samples_ms=[0.003667, 0.003666, 0.003708, 0.003583, 0.003625, 0.003708, 0.003708, 0.003917, 0.003542, 0.003667, 0.003667, 0.003583, 0.003625, 0.003625, 0.003792, 0.003708, 0.003917, 0.003667, 0.00375, 0.003583, 0.003709]
scalar_vector_wg256_i16_cap256 stage_groups=[1]
scalar_vector_wg256_i16_cap256 host median_ms=0.122792 p90_ms=0.127875 samples_ms=[0.121042, 0.114167, 0.12449999999999999, 0.122541, 0.12279200000000001, 0.12475, 0.117792, 0.11966700000000001, 0.124208, 0.187666, 0.12562500000000001, 0.11587499999999999, 0.126083, 0.119292, 0.122, 0.11975, 0.12787500000000002, 0.120708, 0.134042, 0.12645800000000001, 0.126333]
scalar_vector_wg256_i16_cap256 gpu median_ms=0.004375 p90_ms=0.004500 samples_ms=[0.004416, 0.004292, 0.004417, 0.004333, 0.004458, 0.004542, 0.004166, 0.004417, 0.004125, 0.004959, 0.004375, 0.00425, 0.004291, 0.004291, 0.004458, 0.004417, 0.0045, 0.00425, 0.004208, 0.004417, 0.004375]
scalar_vector_wg256_i16_cap1024 stage_groups=[1]
scalar_vector_wg256_i16_cap1024 host median_ms=0.122208 p90_ms=0.128042 samples_ms=[0.119083, 0.119583, 0.12220800000000001, 0.121542, 0.12025, 0.12362500000000001, 0.120417, 0.125541, 0.1265, 0.12291599999999998, 0.121167, 0.117625, 0.120042, 0.12370799999999998, 0.121625, 0.12804200000000002, 0.117208, 0.126166, 0.132875, 0.136292, 0.12333400000000001]
scalar_vector_wg256_i16_cap1024 gpu median_ms=0.004375 p90_ms=0.004542 samples_ms=[0.004292, 0.00425, 0.004125, 0.004417, 0.004666, 0.0045, 0.004542, 0.004291, 0.004458, 0.00475, 0.004375, 0.004167, 0.004208, 0.004167, 0.004375, 0.004459, 0.004375, 0.0045, 0.004416, 0.004333, 0.004375]
scalar_vector_wg128_i8_cap256 stage_groups=[1]
scalar_vector_wg128_i8_cap256 host median_ms=0.120042 p90_ms=0.125916 samples_ms=[0.11770800000000001, 0.116, 0.124375, 0.118125, 0.122667, 0.127625, 0.123958, 0.12491600000000001, 0.12449999999999999, 0.120042, 0.11808300000000001, 0.11887500000000001, 0.125916, 0.12000000000000001, 0.11587499999999999, 0.118291, 0.12379200000000001, 0.11791700000000001, 0.128166, 0.120042, 0.12175000000000001]
scalar_vector_wg128_i8_cap256 gpu median_ms=0.003958 p90_ms=0.004084 samples_ms=[0.003709, 0.004041, 0.003958, 0.004083, 0.004041, 0.004084, 0.003917, 0.004042, 0.003875, 0.004084, 0.00375, 0.003917, 0.003667, 0.004167, 0.004041, 0.003958, 0.003833, 0.00375, 0.003833, 0.004167, 0.003917]
scalar_vector_wg64_i16_cap256 stage_groups=[1]
scalar_vector_wg64_i16_cap256 host median_ms=0.122083 p90_ms=0.136375 samples_ms=[0.11637499999999999, 0.11649999999999999, 0.119583, 0.12562500000000001, 0.127458, 0.131084, 0.12770800000000002, 0.136375, 0.11820900000000001, 0.121625, 0.170959, 0.14024999999999999, 0.11787500000000001, 0.12158300000000001, 0.120583, 0.12387499999999999, 0.11675, 0.12229100000000001, 0.12208299999999998, 0.12445800000000001, 0.117042]
scalar_vector_wg64_i16_cap256 gpu median_ms=0.003834 p90_ms=0.003959 samples_ms=[0.003625, 0.003834, 0.003916, 0.003875, 0.003792, 0.003875, 0.003875, 0.003708, 0.003875, 0.003708, 0.003958, 0.006209, 0.003625, 0.003666, 0.003625, 0.003708, 0.003584, 0.003625, 0.003875, 0.003959, 0.004]
scalar_vector_wg256_i4_cap256 stage_groups=[1]
scalar_vector_wg256_i4_cap256 host median_ms=0.123875 p90_ms=0.129291 samples_ms=[0.11558299999999999, 0.117834, 0.125417, 0.117625, 0.262375, 0.120041, 0.129291, 0.12475, 0.125292, 0.12095800000000001, 0.125, 0.121208, 0.12787500000000002, 0.121125, 0.1255, 0.120834, 0.12387499999999999, 0.119625, 0.122958, 0.130209, 0.12491600000000001]
scalar_vector_wg256_i4_cap256 gpu median_ms=0.004042 p90_ms=0.004208 samples_ms=[0.004083, 0.004125, 0.004, 0.004042, 0.004, 0.004, 0.00375, 0.004167, 0.003875, 0.003791, 0.004958, 0.004209, 0.004125, 0.004, 0.003875, 0.004125, 0.004042, 0.004, 0.004208, 0.003833, 0.004083]
vector_wg256_i16_cap256 stage_groups=[1]
vector_wg256_i16_cap256 host median_ms=0.120458 p90_ms=0.129583 samples_ms=[0.112958, 0.11900000000000001, 0.11804200000000001, 0.125541, 0.12045800000000001, 0.120084, 0.1275, 0.123709, 0.115458, 0.132042, 0.11620899999999999, 0.13549999999999998, 0.119917, 0.122583, 0.11574999999999999, 0.11375, 0.11649999999999999, 0.126167, 0.129583, 0.127334, 0.12679100000000001]
vector_wg256_i16_cap256 gpu median_ms=0.004458 p90_ms=0.004542 samples_ms=[0.0045, 0.004541, 0.004542, 0.004417, 0.004708, 0.0045, 0.004541, 0.004458, 0.004458, 0.004333, 0.0045, 0.004375, 0.004292, 0.004209, 0.0045, 0.004417, 0.004375, 0.004542, 0.004417, 0.004416, 0.0045]
scalar_wg128_i8_cap1024 stage_groups=[1]
scalar_wg128_i8_cap1024 host median_ms=0.123000 p90_ms=0.133000 samples_ms=[0.11933300000000001, 0.123333, 0.12300000000000001, 0.11687499999999999, 0.117958, 0.12208299999999998, 0.12237500000000001, 0.11975, 0.12620900000000002, 0.133, 0.125083, 0.124125, 0.123833, 0.11900000000000001, 0.27216700000000005, 0.115375, 0.133958, 0.12191700000000001, 0.11654199999999999, 0.12679100000000001, 0.128625]
scalar_wg128_i8_cap1024 gpu median_ms=0.004000 p90_ms=0.004208 samples_ms=[0.004208, 0.00425, 0.004208, 0.004125, 0.004, 0.003917, 0.004, 0.004125, 0.004209, 0.003916, 0.003875, 0.004, 0.004, 0.004125, 0.003792, 0.004084, 0.004, 0.004, 0.003875, 0.004, 0.004083]
n=1 expected_f64=0.000000000
baseline_wg256 stage_groups=[1]
baseline_wg256 host median_ms=0.138167 p90_ms=0.155042 samples_ms=[0.11570799999999999, 0.118958, 0.31670899999999996, 0.140375, 0.13475, 0.137792, 0.157667, 0.14158300000000001, 0.13791699999999998, 0.141458, 0.132042, 0.14158300000000001, 0.13120800000000002, 0.127833, 0.129875, 0.151333, 0.155042, 0.142209, 0.138125, 0.14854199999999998, 0.13816699999999998]
baseline_wg256 gpu median_ms=0.015083 p90_ms=0.015375 samples_ms=[0.004, 0.003958, 0.013375, 0.015125, 0.014834, 0.015083, 0.015375, 0.015166, 0.014917, 0.01525, 0.015083, 0.014917, 0.014792, 0.015125, 0.015208, 0.015583, 0.015917, 0.014875, 0.014875, 0.015333, 0.014958]
baseline_wg256_grain16_cap256 stage_groups=[1]
baseline_wg256_grain16_cap256 host median_ms=0.139583 p90_ms=0.145792 samples_ms=[0.133125, 0.12158300000000001, 0.13449999999999998, 0.135458, 0.13104100000000002, 0.140667, 0.16120800000000002, 0.14162499999999997, 0.143958, 0.138417, 0.133375, 0.141584, 0.139583, 0.135875, 0.1285, 0.145792, 0.145917, 0.141834, 0.14291600000000002, 0.144375, 0.132167]
baseline_wg256_grain16_cap256 gpu median_ms=0.014958 p90_ms=0.015291 samples_ms=[0.004042, 0.003958, 0.013708, 0.014834, 0.015, 0.01475, 0.0155, 0.014958, 0.015166, 0.015084, 0.015291, 0.014958, 0.015208, 0.014792, 0.014959, 0.015125, 0.015333, 0.01475, 0.014875, 0.014917, 0.014958]
baseline_wg256_grain16_cap1024 stage_groups=[1]
baseline_wg256_grain16_cap1024 host median_ms=0.138833 p90_ms=0.144916 samples_ms=[0.120666, 0.132167, 0.113208, 0.123709, 0.131125, 0.137333, 0.14491600000000002, 0.13937500000000003, 0.146375, 0.137375, 0.133334, 0.141667, 0.140208, 0.140959, 0.12375, 0.14325000000000002, 0.143375, 0.142958, 0.136041, 0.13883299999999998, 0.145125]
baseline_wg256_grain16_cap1024 gpu median_ms=0.015042 p90_ms=0.015291 samples_ms=[0.003833, 0.004083, 0.003708, 0.015041, 0.015083, 0.015208, 0.015125, 0.01525, 0.014917, 0.015375, 0.014916, 0.014792, 0.015042, 0.015291, 0.01475, 0.015208, 0.015083, 0.015542, 0.014875, 0.015125, 0.014834]
baseline_wg256_grain4_cap1024 stage_groups=[1]
baseline_wg256_grain4_cap1024 host median_ms=0.137125 p90_ms=0.147542 samples_ms=[0.117959, 0.12275, 0.114667, 0.133917, 0.133209, 0.14754199999999998, 0.148792, 0.141584, 0.13625, 0.13725, 0.14925, 0.143208, 0.133583, 0.13712500000000002, 0.12562500000000001, 0.132, 0.143917, 0.143917, 0.140709, 0.132958, 0.137375]
baseline_wg256_grain4_cap1024 gpu median_ms=0.015041 p90_ms=0.015167 samples_ms=[0.003916, 0.003916, 0.004042, 0.015, 0.014833, 0.014792, 0.015208, 0.015083, 0.015334, 0.015041, 0.015083, 0.015042, 0.015125, 0.015, 0.015167, 0.015125, 0.015125, 0.014833, 0.015125, 0.015, 0.015041]
baseline_wg128_grain8_cap256 stage_groups=[1]
baseline_wg128_grain8_cap256 host median_ms=0.134958 p90_ms=0.145042 samples_ms=[0.113292, 0.12875, 0.111792, 0.137042, 0.133833, 0.145042, 0.156375, 0.14525000000000002, 0.13924999999999998, 0.134917, 0.140209, 0.136167, 0.129375, 0.13937500000000003, 0.128458, 0.132375, 0.134292, 0.135292, 0.134958, 0.13341699999999998, 0.13533299999999998]
baseline_wg128_grain8_cap256 gpu median_ms=0.013625 p90_ms=0.013792 samples_ms=[0.00375, 0.003833, 0.003625, 0.013792, 0.013625, 0.013709, 0.013625, 0.013583, 0.013708, 0.013625, 0.01375, 0.013625, 0.013541, 0.013792, 0.013959, 0.013542, 0.01375, 0.013792, 0.013834, 0.0135, 0.013709]
scalar_vector_wg256_i16_cap256 stage_groups=[1]
scalar_vector_wg256_i16_cap256 host median_ms=0.145833 p90_ms=0.153000 samples_ms=[0.136083, 0.127125, 0.12808399999999998, 0.15537499999999999, 0.140375, 0.12975, 0.153, 0.147625, 0.277, 0.148291, 0.14737499999999998, 0.14629199999999998, 0.145833, 0.13075, 0.125667, 0.13466699999999998, 0.151125, 0.148458, 0.145625, 0.140542, 0.146375]
scalar_vector_wg256_i16_cap256 gpu median_ms=0.018750 p90_ms=0.019167 samples_ms=[0.004833, 0.004791, 0.00475, 0.118875, 0.018542, 0.018875, 0.018709, 0.018541, 0.019125, 0.018542, 0.018792, 0.018708, 0.019167, 0.01875, 0.01875, 0.018917, 0.019292, 0.018791, 0.01875, 0.018833, 0.019]
scalar_vector_wg256_i16_cap1024 stage_groups=[1]
scalar_vector_wg256_i16_cap1024 host median_ms=0.142917 p90_ms=0.152916 samples_ms=[0.133917, 0.117083, 0.135542, 0.147084, 0.137417, 0.131791, 0.15295799999999998, 0.152041, 0.143958, 0.15291600000000002, 0.148166, 0.142917, 0.144833, 0.133, 0.126542, 0.14024999999999999, 0.164958, 0.144833, 0.141375, 0.139958, 0.143208]
scalar_vector_wg256_i16_cap1024 gpu median_ms=0.018916 p90_ms=0.019042 samples_ms=[0.004958, 0.005041, 0.004708, 0.018958, 0.018666, 0.018958, 0.018959, 0.018625, 0.018709, 0.018792, 0.019208, 0.019042, 0.018917, 0.018875, 0.018916, 0.018958, 0.019958, 0.01875, 0.018709, 0.018916, 0.019042]
scalar_vector_wg128_i8_cap256 stage_groups=[1]
scalar_vector_wg128_i8_cap256 host median_ms=0.138791 p90_ms=0.150209 samples_ms=[0.134125, 0.11491699999999999, 0.135458, 0.145, 0.130458, 0.126625, 0.161042, 0.150209, 0.136667, 0.14100000000000001, 0.148, 0.142958, 0.14024999999999999, 0.128667, 0.126292, 0.138791, 0.158375, 0.138375, 0.142875, 0.145125, 0.138708]
scalar_vector_wg128_i8_cap256 gpu median_ms=0.016292 p90_ms=0.016500 samples_ms=[0.0045, 0.004375, 0.004416, 0.016333, 0.016375, 0.016416, 0.016375, 0.016166, 0.01625, 0.0165, 0.01625, 0.016416, 0.016291, 0.016167, 0.016292, 0.016083, 0.017333, 0.016541, 0.01625, 0.016375, 0.016417]
scalar_vector_wg64_i16_cap256 stage_groups=[1]
scalar_vector_wg64_i16_cap256 host median_ms=0.139500 p90_ms=0.151459 samples_ms=[0.129084, 0.11887500000000001, 0.120709, 0.14616600000000002, 0.131042, 0.13674999999999998, 0.151459, 0.149334, 0.141542, 0.141916, 0.15075, 0.132958, 0.13695800000000002, 0.13154200000000002, 0.135167, 0.409166, 0.152208, 0.14566700000000002, 0.143625, 0.1395, 0.137875]
scalar_vector_wg64_i16_cap256 gpu median_ms=0.016458 p90_ms=0.016792 samples_ms=[0.004209, 0.004167, 0.004209, 0.017042, 0.016333, 0.016708, 0.016417, 0.016667, 0.016208, 0.016792, 0.016417, 0.016625, 0.016333, 0.016708, 0.016125, 0.016625, 0.016792, 0.016709, 0.016208, 0.016625, 0.016458]
scalar_vector_wg256_i4_cap256 stage_groups=[1]
scalar_vector_wg256_i4_cap256 host median_ms=0.140083 p90_ms=0.153000 samples_ms=[0.123208, 0.111166, 0.115208, 0.152375, 0.12879100000000002, 0.14008299999999999, 0.153, 0.15083300000000002, 0.152041, 0.14275, 0.144667, 0.135792, 0.146708, 0.138417, 0.126917, 0.180291, 0.15595900000000001, 0.13908299999999998, 0.143583, 0.136625, 0.138625]
scalar_vector_wg256_i4_cap256 gpu median_ms=0.017459 p90_ms=0.018042 samples_ms=[0.004875, 0.004541, 0.004834, 0.017583, 0.017416, 0.017417, 0.018291, 0.017375, 0.0175, 0.01725, 0.018042, 0.017459, 0.017792, 0.017417, 0.017167, 0.017833, 0.018417, 0.017584, 0.017625, 0.017291, 0.017666]
vector_wg256_i16_cap256 stage_groups=[1]
vector_wg256_i16_cap256 host median_ms=0.141500 p90_ms=0.168375 samples_ms=[0.12175000000000001, 0.112583, 0.121542, 0.148792, 0.132667, 0.138208, 0.16837500000000002, 0.151416, 0.144125, 0.175458, 0.143125, 0.137708, 0.141709, 0.132208, 0.123542, 0.180458, 0.15, 0.142708, 0.141208, 0.136208, 0.1415]
vector_wg256_i16_cap256 gpu median_ms=0.018375 p90_ms=0.018541 samples_ms=[0.004667, 0.005, 0.004625, 0.018541, 0.018083, 0.018458, 0.018375, 0.018459, 0.018334, 0.018333, 0.018375, 0.018708, 0.018291, 0.018667, 0.017916, 0.018375, 0.018458, 0.018459, 0.018291, 0.018375, 0.018375]
scalar_wg128_i8_cap1024 stage_groups=[1]
scalar_wg128_i8_cap1024 host median_ms=0.140334 p90_ms=0.153959 samples_ms=[0.12095900000000001, 0.11854200000000001, 0.121125, 0.14575, 0.126916, 0.142709, 0.153959, 0.14579099999999998, 0.138625, 0.21316600000000002, 0.137792, 0.147584, 0.140625, 0.128083, 0.138208, 0.163959, 0.15275, 0.146041, 0.140334, 0.1375, 0.136125]
scalar_wg128_i8_cap1024 gpu median_ms=0.016250 p90_ms=0.016500 samples_ms=[0.004292, 0.004042, 0.004416, 0.01625, 0.016291, 0.016167, 0.01725, 0.016083, 0.0165, 0.016417, 0.016416, 0.016375, 0.016375, 0.016125, 0.016167, 0.01625, 0.016417, 0.016209, 0.016416, 0.016125, 0.016542]
n=3 expected_f64=0.023437500
baseline_wg256 stage_groups=[1]
baseline_wg256 host median_ms=0.117750 p90_ms=0.129584 samples_ms=[0.12999999999999998, 0.112458, 0.121708, 0.116625, 0.115166, 0.107208, 0.1065, 0.122834, 0.11775000000000001, 0.129584, 0.117834, 0.132084, 0.112333, 0.124167, 0.119875, 0.122292, 0.10595800000000001, 0.1125, 0.101875, 0.105833, 0.12670800000000002]
baseline_wg256 gpu median_ms=0.004042 p90_ms=0.004292 samples_ms=[0.004292, 0.004209, 0.004125, 0.004125, 0.003958, 0.003833, 0.004, 0.004125, 0.003875, 0.004125, 0.004042, 0.003833, 0.004042, 0.004041, 0.004292, 0.003916, 0.004, 0.003917, 0.004084, 0.004208, 0.004292]
baseline_wg256_grain16_cap256 stage_groups=[1]
baseline_wg256_grain16_cap256 host median_ms=0.121000 p90_ms=0.128625 samples_ms=[0.12237500000000001, 0.123917, 0.11641699999999999, 0.121292, 0.115709, 0.113041, 0.105375, 0.120917, 0.128625, 0.12175000000000001, 0.122, 0.121, 0.11637499999999999, 0.20375, 0.12470800000000001, 0.13783299999999998, 0.1095, 0.10975, 0.10725, 0.110083, 0.126959]
baseline_wg256_grain16_cap256 gpu median_ms=0.003958 p90_ms=0.004083 samples_ms=[0.003791, 0.004, 0.003875, 0.004083, 0.003916, 0.004125, 0.003875, 0.003916, 0.003833, 0.003958, 0.004, 0.003875, 0.004125, 0.004, 0.004083, 0.003917, 0.003792, 0.003917, 0.004083, 0.004, 0.004041]
baseline_wg256_grain16_cap1024 stage_groups=[1]
baseline_wg256_grain16_cap1024 host median_ms=0.117334 p90_ms=0.123750 samples_ms=[0.1205, 0.12275, 0.104125, 0.11699999999999999, 0.116291, 0.11225, 0.107625, 0.127459, 0.120667, 0.12504099999999999, 0.11900000000000001, 0.12079100000000001, 0.117334, 0.123542, 0.11729200000000001, 0.118292, 0.104125, 0.108958, 0.107417, 0.109333, 0.12375]
baseline_wg256_grain16_cap1024 gpu median_ms=0.004083 p90_ms=0.004209 samples_ms=[0.004125, 0.004083, 0.004208, 0.00425, 0.004083, 0.003958, 0.004084, 0.004042, 0.004166, 0.00425, 0.004, 0.004042, 0.004125, 0.003917, 0.003959, 0.004167, 0.003959, 0.004042, 0.004209, 0.004, 0.004]
baseline_wg256_grain4_cap1024 stage_groups=[1]
baseline_wg256_grain4_cap1024 host median_ms=0.117042 p90_ms=0.125000 samples_ms=[0.122292, 0.12562500000000001, 0.109459, 0.12241699999999998, 0.122042, 0.112875, 0.1445, 0.12208299999999998, 0.115375, 0.117042, 0.12208400000000001, 0.11266599999999999, 0.125, 0.119125, 0.124833, 0.11541599999999999, 0.108333, 0.107917, 0.108625, 0.111958, 0.112792]
baseline_wg256_grain4_cap1024 gpu median_ms=0.004042 p90_ms=0.004250 samples_ms=[0.004375, 0.004166, 0.004208, 0.00425, 0.004, 0.004083, 0.004, 0.004, 0.004041, 0.004208, 0.003917, 0.004042, 0.004, 0.004, 0.004042, 0.004083, 0.003875, 0.00425, 0.004125, 0.004, 0.004042]
baseline_wg128_grain8_cap256 stage_groups=[1]
baseline_wg128_grain8_cap256 host median_ms=0.121917 p90_ms=0.129917 samples_ms=[0.11729099999999999, 0.133084, 0.110917, 0.121625, 0.12370799999999998, 0.16658299999999998, 0.129917, 0.12462500000000001, 0.11491699999999999, 0.128167, 0.12016700000000001, 0.126083, 0.117208, 0.125834, 0.126208, 0.12329100000000001, 0.105584, 0.112125, 0.103458, 0.12191700000000001, 0.112125]
baseline_wg128_grain8_cap256 gpu median_ms=0.003708 p90_ms=0.003875 samples_ms=[0.003875, 0.003625, 0.003833, 0.003666, 0.0035, 0.003459, 0.003666, 0.003709, 0.003792, 0.003875, 0.003584, 0.003792, 0.00375, 0.003708, 0.003666, 0.003708, 0.003667, 0.003917, 0.003917, 0.003625, 0.003583]
scalar_vector_wg256_i16_cap256 stage_groups=[1]
scalar_vector_wg256_i16_cap256 host median_ms=0.120000 p90_ms=0.131333 samples_ms=[0.125292, 0.13279200000000002, 0.10337500000000001, 0.125333, 0.118792, 0.12000000000000001, 0.131333, 0.119375, 0.119041, 0.118917, 0.122209, 0.123958, 0.15425, 0.125083, 0.12654100000000001, 0.119542, 0.10175000000000001, 0.106875, 0.111, 0.125834, 0.114708]
scalar_vector_wg256_i16_cap256 gpu median_ms=0.004917 p90_ms=0.005083 samples_ms=[0.005, 0.005334, 0.005083, 0.004917, 0.005084, 0.004917, 0.004834, 0.00475, 0.004875, 0.00475, 0.004875, 0.004833, 0.004958, 0.00475, 0.005, 0.005042, 0.004959, 0.004833, 0.005042, 0.004833, 0.004959]
scalar_vector_wg256_i16_cap1024 stage_groups=[1]
scalar_vector_wg256_i16_cap1024 host median_ms=0.120834 p90_ms=0.135750 samples_ms=[0.125916, 0.134041, 0.104083, 0.120834, 0.12091600000000001, 0.1075, 0.112333, 0.12300000000000001, 0.125917, 0.115667, 0.11808300000000001, 0.168667, 0.137542, 0.12125000000000001, 0.11775000000000001, 0.12095800000000001, 0.109333, 0.108708, 0.109042, 0.13574999999999998, 0.11225]
scalar_vector_wg256_i16_cap1024 gpu median_ms=0.004959 p90_ms=0.005125 samples_ms=[0.005, 0.005625, 0.004792, 0.005042, 0.004959, 0.004791, 0.004875, 0.00525, 0.00475, 0.005041, 0.004875, 0.005, 0.004916, 0.005125, 0.005125, 0.005083, 0.004792, 0.004958, 0.005041, 0.004958, 0.004916]
scalar_vector_wg128_i8_cap256 stage_groups=[1]
scalar_vector_wg128_i8_cap256 host median_ms=0.119708 p90_ms=0.132042 samples_ms=[0.119459, 0.130583, 0.107042, 0.124, 0.12525, 0.104292, 0.10533400000000001, 0.12525, 0.119708, 0.116125, 0.121333, 0.132333, 0.123667, 0.1215, 0.132042, 0.1185, 0.107542, 0.10883300000000001, 0.105542, 0.11, 0.183084]
scalar_vector_wg128_i8_cap256 gpu median_ms=0.004500 p90_ms=0.004708 samples_ms=[0.004583, 0.004875, 0.004541, 0.004792, 0.004708, 0.004334, 0.004334, 0.004416, 0.004458, 0.004583, 0.004291, 0.004625, 0.0045, 0.004542, 0.004542, 0.004417, 0.004459, 0.004334, 0.0045, 0.00425, 0.004417]
scalar_vector_wg64_i16_cap256 stage_groups=[1]
scalar_vector_wg64_i16_cap256 host median_ms=0.117250 p90_ms=0.125209 samples_ms=[0.11654199999999999, 0.1145, 0.109458, 0.123583, 0.11675, 0.125209, 0.10525, 0.12387499999999999, 0.11966700000000001, 0.12487500000000001, 0.11574999999999999, 0.12562500000000001, 0.11725000000000001, 0.126416, 0.119417, 0.119625, 0.11275, 0.105917, 0.108875, 0.106, 0.120917]
scalar_vector_wg64_i16_cap256 gpu median_ms=0.004458 p90_ms=0.004625 samples_ms=[0.004458, 0.00475, 0.004792, 0.004333, 0.004625, 0.004333, 0.004416, 0.0045, 0.004458, 0.004375, 0.004458, 0.004416, 0.004542, 0.004292, 0.0045, 0.004375, 0.004292, 0.004375, 0.004458, 0.004583, 0.004375]
scalar_vector_wg256_i4_cap256 stage_groups=[1]
scalar_vector_wg256_i4_cap256 host median_ms=0.120125 p90_ms=0.126583 samples_ms=[0.12420899999999999, 0.112583, 0.120833, 0.16433299999999998, 0.11645900000000001, 0.119417, 0.11220899999999999, 0.121459, 0.122708, 0.115916, 0.13908299999999998, 0.11883300000000001, 0.126583, 0.122333, 0.12012500000000001, 0.12295900000000001, 0.101584, 0.10975, 0.112917, 0.106667, 0.12520799999999999]
scalar_vector_wg256_i4_cap256 gpu median_ms=0.004750 p90_ms=0.004958 samples_ms=[0.00475, 0.004875, 0.005042, 0.005333, 0.004709, 0.00475, 0.004666, 0.004667, 0.00475, 0.004958, 0.00475, 0.004958, 0.004958, 0.004875, 0.004666, 0.004875, 0.004583, 0.004584, 0.004666, 0.00475, 0.004792]
vector_wg256_i16_cap256 stage_groups=[1]
vector_wg256_i16_cap256 host median_ms=0.117667 p90_ms=0.123583 samples_ms=[0.12370799999999998, 0.10775, 0.120041, 0.11687499999999999, 0.114584, 0.106708, 0.119458, 0.123583, 0.118292, 0.121792, 0.117667, 0.12595900000000002, 0.122708, 0.122125, 0.12208299999999998, 0.11591699999999999, 0.105459, 0.10475, 0.112875, 0.103958, 0.11558399999999999]
vector_wg256_i16_cap256 gpu median_ms=0.004792 p90_ms=0.005000 samples_ms=[0.004875, 0.004708, 0.004875, 0.005, 0.004958, 0.004792, 0.004708, 0.005, 0.00475, 0.004709, 0.00475, 0.005125, 0.00475, 0.004584, 0.004541, 0.004792, 0.0045, 0.004833, 0.004625, 0.004958, 0.004917]
scalar_wg128_i8_cap1024 stage_groups=[1]
scalar_wg128_i8_cap1024 host median_ms=0.118459 p90_ms=0.123291 samples_ms=[0.12216700000000001, 0.106666, 0.12025, 0.116416, 0.118, 0.10325000000000001, 0.10629200000000001, 0.118584, 0.12562500000000001, 0.12075, 0.121042, 0.118459, 0.12300000000000001, 0.118459, 0.12587500000000001, 0.115166, 0.10658300000000001, 0.106, 0.108667, 0.104958, 0.12329100000000001]
scalar_wg128_i8_cap1024 gpu median_ms=0.004208 p90_ms=0.004375 samples_ms=[0.004083, 0.004208, 0.004375, 0.0045, 0.004209, 0.004166, 0.004083, 0.004208, 0.004042, 0.004375, 0.004209, 0.00425, 0.004417, 0.004166, 0.004125, 0.004042, 0.004084, 0.004208, 0.004125, 0.004334, 0.004209]
n=4097 expected_f64=2004.375000000
baseline_wg256 stage_groups=[17, 1]
baseline_wg256 host median_ms=0.123125 p90_ms=0.146583 samples_ms=[0.119292, 0.183666, 0.12504200000000001, 0.123667, 0.155833, 0.125958, 0.12258399999999998, 0.11670799999999999, 0.128417, 0.114875, 0.119875, 0.129042, 0.123125, 0.119917, 0.116125, 0.11204199999999999, 0.113917, 0.1125, 0.12370799999999998, 0.146583, 0.126417]
baseline_wg256 gpu median_ms=0.007000 p90_ms=0.007250 samples_ms=[0.006792, 0.00725, 0.006917, 0.00675, 0.006792, 0.007208, 0.007125, 0.007166, 0.006792, 0.007125, 0.00725, 0.007084, 0.00675, 0.007, 0.006916, 0.006875, 0.00675, 0.007041, 0.006875, 0.009583, 0.007042]
baseline_wg256_grain16_cap256 stage_groups=[2, 1]
baseline_wg256_grain16_cap256 host median_ms=0.123292 p90_ms=0.127792 samples_ms=[0.117959, 0.123292, 0.12579200000000001, 0.118958, 0.128917, 0.1225, 0.127792, 0.116792, 0.127208, 0.12237500000000001, 0.12425000000000001, 0.121125, 0.127, 0.12375, 0.12075, 0.11124999999999999, 0.1235, 0.11316699999999999, 0.138458, 0.12770800000000002, 0.113042]
baseline_wg256_grain16_cap256 gpu median_ms=0.008709 p90_ms=0.008875 samples_ms=[0.008792, 0.009, 0.008709, 0.00875, 0.008625, 0.00875, 0.008958, 0.008791, 0.008625, 0.008666, 0.008667, 0.008708, 0.008625, 0.008792, 0.00875, 0.00875, 0.008709, 0.008875, 0.008625, 0.008667, 0.008542]
baseline_wg256_grain16_cap1024 stage_groups=[2, 1]
baseline_wg256_grain16_cap1024 host median_ms=0.121333 p90_ms=0.131333 samples_ms=[0.11725000000000001, 0.113792, 0.133583, 0.121208, 0.127375, 0.123666, 0.118917, 0.1215, 0.129625, 0.15100000000000002, 0.12079100000000001, 0.119584, 0.12408300000000001, 0.121333, 0.11995800000000001, 0.115959, 0.12158300000000001, 0.11441599999999999, 0.128708, 0.131333, 0.114375]
baseline_wg256_grain16_cap1024 gpu median_ms=0.008625 p90_ms=0.008708 samples_ms=[0.008666, 0.0085, 0.008708, 0.008583, 0.008708, 0.008625, 0.008708, 0.008583, 0.008667, 0.008625, 0.008625, 0.008584, 0.008708, 0.008542, 0.008667, 0.008417, 0.00875, 0.008917, 0.008541, 0.008542, 0.008666]
baseline_wg256_grain4_cap1024 stage_groups=[5, 1]
baseline_wg256_grain4_cap1024 host median_ms=0.118791 p90_ms=0.127917 samples_ms=[0.111292, 0.114875, 0.112541, 0.11625, 0.12975, 0.12345800000000001, 0.115709, 0.120083, 0.118791, 0.134625, 0.123208, 0.118583, 0.124125, 0.121792, 0.1225, 0.11770800000000001, 0.11266599999999999, 0.11804100000000001, 0.124583, 0.12791699999999998, 0.116958]
baseline_wg256_grain4_cap1024 gpu median_ms=0.007500 p90_ms=0.007625 samples_ms=[0.007375, 0.007625, 0.0075, 0.0075, 0.007334, 0.007541, 0.007667, 0.007667, 0.007375, 0.007333, 0.0075, 0.0075, 0.0075, 0.007625, 0.007416, 0.007375, 0.007584, 0.007417, 0.007417, 0.007458, 0.007417]
baseline_wg128_grain8_cap256 stage_groups=[5, 1]
baseline_wg128_grain8_cap256 host median_ms=0.117834 p90_ms=0.124083 samples_ms=[0.110667, 0.112791, 0.11641699999999999, 0.113541, 0.111208, 0.124, 0.119458, 0.123125, 0.11950000000000001, 0.131167, 0.1175, 0.12408300000000001, 0.121166, 0.122708, 0.117834, 0.114708, 0.113875, 0.121791, 0.1175, 0.127166, 0.114875]
baseline_wg128_grain8_cap256 gpu median_ms=0.007625 p90_ms=0.007833 samples_ms=[0.007667, 0.007583, 0.00775, 0.007459, 0.007459, 0.007834, 0.007625, 0.007458, 0.007542, 0.007583, 0.007834, 0.007584, 0.007833, 0.007625, 0.007708, 0.007542, 0.007667, 0.007666, 0.007625, 0.007417, 0.007583]
scalar_vector_wg256_i16_cap256 stage_groups=[2, 1]
scalar_vector_wg256_i16_cap256 host median_ms=0.121291 p90_ms=0.133916 samples_ms=[0.115291, 0.1145, 0.11666699999999999, 0.115458, 0.121291, 0.249625, 0.121167, 0.127125, 0.117625, 0.134542, 0.122333, 0.12462500000000001, 0.128334, 0.12387499999999999, 0.12895800000000002, 0.11787500000000001, 0.1155, 0.121209, 0.133916, 0.131125, 0.11887500000000001]
scalar_vector_wg256_i16_cap256 gpu median_ms=0.009000 p90_ms=0.009125 samples_ms=[0.008958, 0.008875, 0.009083, 0.009, 0.009042, 0.008917, 0.008958, 0.008958, 0.009, 0.009, 0.009083, 0.009125, 0.009, 0.009292, 0.008959, 0.008916, 0.00925, 0.009, 0.008959, 0.009, 0.009]
scalar_vector_wg256_i16_cap1024 stage_groups=[2, 1]
scalar_vector_wg256_i16_cap1024 host median_ms=0.128459 p90_ms=0.138583 samples_ms=[0.11733299999999999, 0.243833, 0.114084, 0.11462499999999999, 0.12079200000000001, 0.126584, 0.1285, 0.14433400000000002, 0.115958, 0.12441700000000001, 0.131125, 0.138583, 0.12845900000000002, 0.129625, 0.132958, 0.133167, 0.129291, 0.13012500000000002, 0.11425, 0.125375, 0.11708400000000001]
scalar_vector_wg256_i16_cap1024 gpu median_ms=0.009083 p90_ms=0.009292 samples_ms=[0.009125, 0.009084, 0.009292, 0.009, 0.009, 0.008958, 0.009041, 0.009, 0.009083, 0.009042, 0.009084, 0.009083, 0.009166, 0.008917, 0.009709, 0.008958, 0.009041, 0.009083, 0.009292, 0.008958, 0.009125]
scalar_vector_wg128_i8_cap256 stage_groups=[5, 1]
scalar_vector_wg128_i8_cap256 host median_ms=0.121166 p90_ms=0.126375 samples_ms=[0.131333, 0.118292, 0.11254199999999999, 0.112333, 0.123667, 0.12575, 0.126375, 0.117167, 0.115334, 0.11729200000000001, 0.124459, 0.126583, 0.126208, 0.121541, 0.123542, 0.112875, 0.1125, 0.116167, 0.11741700000000001, 0.12237500000000001, 0.121166]
scalar_vector_wg128_i8_cap256 gpu median_ms=0.007375 p90_ms=0.007500 samples_ms=[0.007458, 0.007584, 0.00725, 0.007208, 0.007375, 0.00725, 0.007375, 0.0075, 0.0075, 0.007334, 0.007375, 0.007375, 0.007375, 0.007333, 0.007416, 0.0075, 0.007375, 0.0075, 0.007291, 0.007208, 0.007333]
scalar_vector_wg64_i16_cap256 stage_groups=[5, 1]
scalar_vector_wg64_i16_cap256 host median_ms=0.120541 p90_ms=0.129583 samples_ms=[0.122, 0.113209, 0.11325, 0.119459, 0.114, 0.114875, 0.120541, 0.126833, 0.130958, 0.12224999999999998, 0.12387499999999999, 0.129583, 0.12445800000000001, 0.124666, 0.11745799999999999, 0.130917, 0.11425, 0.113542, 0.11695900000000001, 0.11729200000000001, 0.120584]
scalar_vector_wg64_i16_cap256 gpu median_ms=0.008125 p90_ms=0.008209 samples_ms=[0.008209, 0.008125, 0.008208, 0.008042, 0.008208, 0.007959, 0.008125, 0.007958, 0.008125, 0.008042, 0.008209, 0.008084, 0.00825, 0.007875, 0.008125, 0.008, 0.008208, 0.008209, 0.008208, 0.008041, 0.008167]
scalar_vector_wg256_i4_cap256 stage_groups=[5, 1]
scalar_vector_wg256_i4_cap256 host median_ms=0.122917 p90_ms=0.132584 samples_ms=[0.169625, 0.116083, 0.122917, 0.12758299999999997, 0.113375, 0.11395899999999999, 0.13433299999999998, 0.121709, 0.129084, 0.112792, 0.12525, 0.13258399999999998, 0.12375, 0.121, 0.128041, 0.111458, 0.122917, 0.11675, 0.130583, 0.117792, 0.12570800000000001]
scalar_vector_wg256_i4_cap256 gpu median_ms=0.007917 p90_ms=0.008042 samples_ms=[0.007917, 0.008042, 0.008, 0.007667, 0.007958, 0.007625, 0.008041, 0.00775, 0.007917, 0.008, 0.008042, 0.007834, 0.008084, 0.007709, 0.008084, 0.00775, 0.007958, 0.007583, 0.007875, 0.00775, 0.007917]
vector_wg256_i16_cap256 stage_groups=[2, 1]
vector_wg256_i16_cap256 host median_ms=0.124333 p90_ms=0.133208 samples_ms=[0.12787500000000002, 0.12241699999999998, 0.125584, 0.11237499999999999, 0.14316700000000002, 0.16775, 0.1255, 0.12625, 0.129416, 0.114875, 0.133208, 0.12158300000000001, 0.12204100000000001, 0.118792, 0.12433299999999999, 0.120375, 0.127375, 0.123292, 0.12233400000000001, 0.116709, 0.12470800000000001]
vector_wg256_i16_cap256 gpu median_ms=0.008750 p90_ms=0.008875 samples_ms=[0.008709, 0.008875, 0.00875, 0.008625, 0.008708, 0.008541, 0.008792, 0.008625, 0.008833, 0.008834, 0.008542, 0.008833, 0.008875, 0.008708, 0.008833, 0.008875, 0.00875, 0.008958, 0.00875, 0.008542, 0.008792]
scalar_wg128_i8_cap1024 stage_groups=[5, 1]
scalar_wg128_i8_cap1024 host median_ms=0.123667 p90_ms=0.132875 samples_ms=[0.125709, 0.129167, 0.126417, 0.111792, 0.12625, 0.13899999999999998, 0.123667, 0.122042, 0.136542, 0.122042, 0.132875, 0.125125, 0.12391600000000001, 0.118, 0.11462499999999999, 0.121375, 0.115791, 0.115916, 0.127792, 0.11733299999999999, 0.122541]
scalar_wg128_i8_cap1024 gpu median_ms=0.008958 p90_ms=0.009125 samples_ms=[0.008959, 0.008958, 0.008958, 0.00875, 0.009125, 0.008709, 0.009125, 0.008708, 0.008875, 0.009041, 0.008875, 0.008958, 0.009125, 0.008833, 0.009, 0.00875, 0.009167, 0.009084, 0.00925, 0.008834, 0.008875]
n=1000003 expected_f64=492186.593750000
baseline_wg256 stage_groups=[3907, 16, 1]
baseline_wg256 host median_ms=0.184708 p90_ms=0.231417 samples_ms=[0.190834, 0.231417, 0.188625, 0.184708, 0.182792, 0.309292, 0.180292, 0.186583, 0.236083, 0.180542, 0.18212499999999998, 0.18925, 0.18475, 0.177209, 0.177417, 0.18170799999999998, 0.193292, 0.196417, 0.180125, 0.177792, 0.17962499999999998]
baseline_wg256 gpu median_ms=0.062292 p90_ms=0.063125 samples_ms=[0.064167, 0.062542, 0.062208, 0.063042, 0.063125, 0.061958, 0.062459, 0.06175, 0.062833, 0.06175, 0.062292, 0.062125, 0.062208, 0.062041, 0.062791, 0.062458, 0.065459, 0.062292, 0.062208, 0.0625, 0.062125]
baseline_wg256_grain16_cap256 stage_groups=[245, 1]
baseline_wg256_grain16_cap256 host median_ms=0.128333 p90_ms=0.132125 samples_ms=[0.131459, 0.12999999999999998, 0.14016699999999999, 0.129625, 0.131875, 0.132125, 0.12479200000000001, 0.126916, 0.1435, 0.123666, 0.12387499999999999, 0.12491600000000001, 0.130834, 0.113083, 0.12449999999999999, 0.130166, 0.128625, 0.128333, 0.12387499999999999, 0.12449999999999999, 0.12029100000000001]
baseline_wg256_grain16_cap256 gpu median_ms=0.013208 p90_ms=0.013375 samples_ms=[0.013125, 0.013166, 0.013208, 0.013458, 0.013125, 0.013291, 0.01325, 0.013375, 0.013167, 0.013208, 0.013375, 0.013209, 0.013083, 0.013125, 0.012916, 0.013084, 0.013042, 0.01325, 0.013291, 0.013208, 0.01325]
baseline_wg256_grain16_cap1024 stage_groups=[245, 1]
baseline_wg256_grain16_cap1024 host median_ms=0.129208 p90_ms=0.142916 samples_ms=[0.12975, 0.13433299999999998, 0.136, 0.164458, 0.130833, 0.129084, 0.129208, 0.132958, 0.138541, 0.128458, 0.1265, 0.121666, 0.250542, 0.106417, 0.11587499999999999, 0.123333, 0.14291600000000002, 0.12758299999999997, 0.12449999999999999, 0.128583, 0.13020800000000002]
baseline_wg256_grain16_cap1024 gpu median_ms=0.013167 p90_ms=0.013292 samples_ms=[0.013208, 0.013042, 0.013208, 0.012833, 0.013167, 0.013167, 0.01325, 0.013166, 0.013292, 0.013083, 0.013291, 0.013042, 0.013333, 0.012792, 0.012958, 0.013, 0.013375, 0.013167, 0.01325, 0.013166, 0.013208]
baseline_wg256_grain4_cap1024 stage_groups=[977, 1]
baseline_wg256_grain4_cap1024 host median_ms=0.140167 p90_ms=0.149667 samples_ms=[0.149667, 0.141458, 0.147625, 0.138625, 0.141041, 0.150125, 0.13262500000000002, 0.1385, 0.14275, 0.140292, 0.13591699999999998, 0.132875, 0.142625, 0.136667, 0.126792, 0.13433299999999998, 0.147917, 0.14016699999999999, 0.13504200000000002, 0.13425, 0.155834]
baseline_wg256_grain4_cap1024 gpu median_ms=0.021041 p90_ms=0.021291 samples_ms=[0.020792, 0.021166, 0.021041, 0.021167, 0.021375, 0.021042, 0.021042, 0.021291, 0.02075, 0.021125, 0.020959, 0.020791, 0.021042, 0.020958, 0.020958, 0.020541, 0.024125, 0.021084, 0.020958, 0.020667, 0.021]
baseline_wg128_grain8_cap256 stage_groups=[256, 1]
baseline_wg128_grain8_cap256 host median_ms=0.126084 p90_ms=0.133792 samples_ms=[0.128917, 0.136333, 0.12449999999999999, 0.132208, 0.146666, 0.13379200000000002, 0.12604200000000002, 0.12483399999999999, 0.133083, 0.126041, 0.120542, 0.1275, 0.125791, 0.11529199999999999, 0.11333299999999999, 0.126084, 0.13170900000000002, 0.12791699999999998, 0.122292, 0.12487500000000001, 0.133]
baseline_wg128_grain8_cap256 gpu median_ms=0.014417 p90_ms=0.014541 samples_ms=[0.014541, 0.014416, 0.014417, 0.014417, 0.014375, 0.014458, 0.014375, 0.014458, 0.014459, 0.014666, 0.014541, 0.014458, 0.014333, 0.014084, 0.01425, 0.014125, 0.014416, 0.0145, 0.0145, 0.014459, 0.014292]
scalar_vector_wg256_i16_cap256 stage_groups=[245, 1]
scalar_vector_wg256_i16_cap256 host median_ms=0.128500 p90_ms=0.134875 samples_ms=[0.137291, 0.130083, 0.12808399999999998, 0.126, 0.133, 0.1285, 0.118791, 0.12562500000000001, 0.136, 0.12329100000000001, 0.128834, 0.133958, 0.127667, 0.11983400000000001, 0.113708, 0.12079200000000001, 0.13466699999999998, 0.129375, 0.132, 0.123709, 0.13487500000000002]
scalar_vector_wg256_i16_cap256 gpu median_ms=0.014959 p90_ms=0.015209 samples_ms=[0.014833, 0.014875, 0.014875, 0.015209, 0.015, 0.014875, 0.015, 0.014959, 0.014958, 0.014875, 0.015, 0.015334, 0.014875, 0.014917, 0.014792, 0.014292, 0.015125, 0.014959, 0.015083, 0.015375, 0.015125]
scalar_vector_wg256_i16_cap1024 stage_groups=[245, 1]
scalar_vector_wg256_i16_cap1024 host median_ms=0.129167 p90_ms=0.139416 samples_ms=[0.129167, 0.139416, 0.12654100000000001, 0.131458, 0.133167, 0.129417, 0.126667, 0.125667, 0.12562500000000001, 0.123542, 0.133208, 0.13349999999999998, 0.123084, 0.113292, 0.112167, 0.129333, 0.172042, 0.131125, 0.127459, 0.17391600000000002, 0.12604200000000002]
scalar_vector_wg256_i16_cap1024 gpu median_ms=0.015083 p90_ms=0.015250 samples_ms=[0.015416, 0.014916, 0.01525, 0.014917, 0.01525, 0.014959, 0.01525, 0.014792, 0.015084, 0.015083, 0.015, 0.015042, 0.015208, 0.014667, 0.014833, 0.014709, 0.015542, 0.014917, 0.015167, 0.015125, 0.015208]
scalar_vector_wg128_i8_cap256 stage_groups=[256, 1]
scalar_vector_wg128_i8_cap256 host median_ms=0.129334 p90_ms=0.135792 samples_ms=[0.134416, 0.12479099999999999, 0.133, 0.13395900000000002, 0.129667, 0.12725, 0.135958, 0.119709, 0.123958, 0.129334, 0.129583, 0.12375, 0.121084, 0.11025, 0.11474999999999999, 0.130541, 0.135792, 0.126833, 0.143458, 0.12875, 0.133917]
scalar_vector_wg128_i8_cap256 gpu median_ms=0.011709 p90_ms=0.011875 samples_ms=[0.01175, 0.011708, 0.011792, 0.011667, 0.011875, 0.01175, 0.011709, 0.01175, 0.01175, 0.011583, 0.011625, 0.011792, 0.011667, 0.011333, 0.011334, 0.011708, 0.011916, 0.011709, 0.011459, 0.011708, 0.01225]
scalar_vector_wg64_i16_cap256 stage_groups=[256, 1]
scalar_vector_wg64_i16_cap256 host median_ms=0.130834 p90_ms=0.139708 samples_ms=[0.127667, 0.14650000000000002, 0.125542, 0.14566700000000002, 0.127083, 0.131625, 0.132875, 0.12379200000000001, 0.12029200000000001, 0.127584, 0.133708, 0.133833, 0.130417, 0.11687499999999999, 0.11904200000000001, 0.130834, 0.13716699999999998, 0.13504200000000002, 0.139708, 0.122166, 0.136792]
scalar_vector_wg64_i16_cap256 gpu median_ms=0.012417 p90_ms=0.012625 samples_ms=[0.012625, 0.012292, 0.012459, 0.0125, 0.012334, 0.012125, 0.0125, 0.012417, 0.012416, 0.013084, 0.012458, 0.012417, 0.0125, 0.012208, 0.012083, 0.012667, 0.012625, 0.012333, 0.012375, 0.012333, 0.012458]
scalar_vector_wg256_i4_cap256 stage_groups=[256, 1]
scalar_vector_wg256_i4_cap256 host median_ms=0.126584 p90_ms=0.137875 samples_ms=[0.137875, 0.151417, 0.13070900000000002, 0.1185, 0.129375, 0.131833, 0.13020800000000002, 0.123208, 0.126584, 0.131541, 0.12237500000000001, 0.12404199999999999, 0.11395799999999999, 0.115334, 0.126083, 0.126083, 0.143583, 0.13362500000000002, 0.136291, 0.122667, 0.121625]
scalar_vector_wg256_i4_cap256 gpu median_ms=0.012584 p90_ms=0.012750 samples_ms=[0.012459, 0.012625, 0.012666, 0.012542, 0.012708, 0.012709, 0.012542, 0.0125, 0.012625, 0.012333, 0.012917, 0.012709, 0.01225, 0.012375, 0.012208, 0.012708, 0.013458, 0.0125, 0.012584, 0.012375, 0.01275]
vector_wg256_i16_cap256 stage_groups=[245, 1]
vector_wg256_i16_cap256 host median_ms=0.125750 p90_ms=0.131875 samples_ms=[0.124125, 0.12420899999999999, 0.126208, 0.130875, 0.123958, 0.135, 0.127625, 0.12645800000000001, 0.12324999999999998, 0.125084, 0.131875, 0.135292, 0.116166, 0.113417, 0.12687500000000002, 0.11979100000000001, 0.1315, 0.129917, 0.12575, 0.12470800000000001, 0.121625]
vector_wg256_i16_cap256 gpu median_ms=0.014916 p90_ms=0.015208 samples_ms=[0.014959, 0.015208, 0.014625, 0.015208, 0.014875, 0.014792, 0.015, 0.01475, 0.015, 0.014792, 0.014916, 0.01525, 0.0145, 0.014583, 0.0145, 0.014709, 0.015333, 0.015, 0.014958, 0.014916, 0.014791]
scalar_wg128_i8_cap1024 stage_groups=[977, 1]
scalar_wg128_i8_cap1024 host median_ms=0.139125 p90_ms=0.144750 samples_ms=[0.143459, 0.142584, 0.14475, 0.139125, 0.14008299999999999, 0.144625, 0.13699999999999998, 0.139042, 0.158208, 0.13695800000000002, 0.136, 0.139541, 0.126125, 0.12300000000000001, 0.14100000000000001, 0.134209, 0.144792, 0.136042, 0.137667, 0.13625, 0.14441700000000002]
scalar_wg128_i8_cap1024 gpu median_ms=0.020917 p90_ms=0.021375 samples_ms=[0.021125, 0.020625, 0.021, 0.020917, 0.020833, 0.020791, 0.021, 0.02075, 0.021083, 0.02075, 0.021417, 0.020791, 0.021292, 0.02075, 0.02075, 0.02075, 0.026208, 0.021166, 0.021083, 0.020834, 0.021375]
n=4000003 expected_f64=1968746.492187500
baseline_wg256 stage_groups=[15626, 62, 1]
baseline_wg256 host median_ms=0.387666 p90_ms=0.500084 samples_ms=[0.374084, 0.377, 0.51575, 0.379958, 0.389625, 0.383, 0.36979100000000004, 0.386125, 0.400125, 0.372375, 0.38745799999999997, 0.39358299999999996, 0.39125, 0.385625, 0.388584, 0.392916, 0.43937499999999996, 0.5000840000000001, 0.387666, 0.386375, 0.612125]
baseline_wg256 gpu median_ms=0.233791 p90_ms=0.235709 samples_ms=[0.224583, 0.225875, 0.234333, 0.234375, 0.224834, 0.234, 0.224666, 0.234541, 0.235167, 0.225083, 0.235417, 0.225084, 0.233541, 0.228625, 0.235709, 0.225625, 0.235875, 0.225166, 0.233791, 0.235833, 0.234375]
baseline_wg256_grain16_cap256 stage_groups=[256, 1]
baseline_wg256_grain16_cap256 host median_ms=0.183792 p90_ms=0.235625 samples_ms=[0.21937500000000001, 0.185584, 0.17829099999999998, 0.195792, 0.187666, 0.176292, 0.183792, 0.171416, 0.19404200000000002, 0.176625, 0.18258400000000002, 0.17675, 0.176542, 0.170666, 0.188334, 0.207, 0.181625, 0.235625, 0.23691700000000002, 0.173041, 0.339208]
baseline_wg256_grain16_cap256 gpu median_ms=0.026167 p90_ms=0.027041 samples_ms=[0.02525, 0.026125, 0.026167, 0.025333, 0.028458, 0.026208, 0.025333, 0.026167, 0.026417, 0.025417, 0.027041, 0.025458, 0.02625, 0.026167, 0.02925, 0.025458, 0.026291, 0.02525, 0.02625, 0.026084, 0.026208]
baseline_wg256_grain16_cap1024 stage_groups=[977, 1]
baseline_wg256_grain16_cap1024 host median_ms=0.190834 p90_ms=0.239000 samples_ms=[0.217375, 0.184583, 0.175375, 0.195083, 0.186541, 0.18570899999999999, 0.23900000000000002, 0.1785, 0.194167, 0.181417, 0.24695799999999998, 0.190834, 0.180041, 0.232333, 0.185458, 0.232542, 0.1795, 0.194625, 0.18662499999999999, 0.215958, 0.33125]
baseline_wg256_grain16_cap1024 gpu median_ms=0.029417 p90_ms=0.031625 samples_ms=[0.029208, 0.029791, 0.0285, 0.028833, 0.028292, 0.029209, 0.028541, 0.029584, 0.031666, 0.028375, 0.036708, 0.031625, 0.029459, 0.029458, 0.0315, 0.028709, 0.029167, 0.028875, 0.029541, 0.029584, 0.029417]
baseline_wg256_grain4_cap1024 stage_groups=[1024, 1]
baseline_wg256_grain4_cap1024 host median_ms=0.186875 p90_ms=0.227833 samples_ms=[0.182959, 0.17945799999999998, 0.173833, 0.1815, 0.1795, 0.206125, 0.17495799999999997, 0.20883300000000002, 0.18770799999999999, 0.177125, 0.201958, 0.181084, 0.22479100000000002, 0.227833, 0.196166, 0.19233299999999998, 0.232167, 0.186875, 0.180209, 0.18175, 0.27325]
baseline_wg256_grain4_cap1024 gpu median_ms=0.029292 p90_ms=0.030250 samples_ms=[0.028916, 0.0295, 0.028916, 0.029292, 0.028916, 0.029583, 0.028916, 0.029542, 0.028958, 0.028333, 0.03025, 0.028375, 0.030416, 0.028458, 0.030375, 0.029917, 0.03025, 0.028584, 0.029917, 0.028334, 0.029959]
baseline_wg128_grain8_cap256 stage_groups=[256, 1]
baseline_wg128_grain8_cap256 host median_ms=0.192875 p90_ms=0.242166 samples_ms=[0.183625, 0.18770799999999999, 0.175375, 0.1895, 0.23441700000000001, 0.24216600000000002, 0.18025, 0.19287500000000002, 0.199041, 0.19287500000000002, 0.195875, 0.22616699999999998, 0.197125, 0.193791, 0.18679199999999999, 0.195333, 0.19287500000000002, 0.26337499999999997, 0.185792, 0.191833, 0.35804199999999997]
baseline_wg128_grain8_cap256 gpu median_ms=0.037125 p90_ms=0.040875 samples_ms=[0.035959, 0.037334, 0.035875, 0.037333, 0.035709, 0.045542, 0.036, 0.037375, 0.036083, 0.037125, 0.043042, 0.035833, 0.037166, 0.036042, 0.037, 0.040875, 0.036208, 0.036, 0.037583, 0.038875, 0.037292]
scalar_vector_wg256_i16_cap256 stage_groups=[256, 1]
scalar_vector_wg256_i16_cap256 host median_ms=0.185458 p90_ms=0.247959 samples_ms=[0.318916, 0.17425000000000002, 0.17575, 0.178042, 0.19249999999999998, 0.17929099999999998, 0.257584, 0.182167, 0.185458, 0.176625, 0.18425, 0.189708, 0.247959, 0.17962499999999998, 0.177417, 0.19179200000000002, 0.17408300000000002, 0.237375, 0.185833, 0.190125, 0.19349999999999998]
scalar_vector_wg256_i16_cap256 gpu median_ms=0.027916 p90_ms=0.028583 samples_ms=[0.027333, 0.028042, 0.027, 0.028041, 0.027375, 0.027125, 0.02725, 0.027916, 0.027542, 0.028167, 0.0285, 0.027292, 0.027833, 0.027333, 0.02875, 0.028834, 0.028042, 0.028083, 0.028583, 0.027167, 0.028416]
scalar_vector_wg256_i16_cap1024 stage_groups=[977, 1]
scalar_vector_wg256_i16_cap1024 host median_ms=0.190458 p90_ms=0.225291 samples_ms=[0.185083, 0.18437499999999998, 0.18125, 0.19045800000000002, 0.185084, 0.185583, 0.19295900000000002, 0.183584, 0.195167, 0.182167, 0.191, 0.193542, 0.21345899999999998, 0.179208, 0.17975, 0.20916700000000002, 0.18525, 0.209541, 0.225291, 0.296583, 0.302209]
scalar_vector_wg256_i16_cap1024 gpu median_ms=0.033084 p90_ms=0.033709 samples_ms=[0.033125, 0.033292, 0.031625, 0.033541, 0.031792, 0.03325, 0.033084, 0.033709, 0.031584, 0.033208, 0.033416, 0.034584, 0.033167, 0.031459, 0.033, 0.033042, 0.031542, 0.036958, 0.031166, 0.0315, 0.032875]
scalar_vector_wg128_i8_cap256 stage_groups=[256, 1]
scalar_vector_wg128_i8_cap256 host median_ms=0.182667 p90_ms=0.230375 samples_ms=[0.17616600000000002, 0.17825, 0.23558300000000001, 0.17725, 0.19387500000000002, 0.17458400000000002, 0.178542, 0.187167, 0.177875, 0.173041, 0.182667, 0.180375, 0.192709, 0.1775, 0.19975, 0.230375, 0.16483399999999998, 0.18395799999999998, 0.230041, 0.23299999999999998, 0.1905]
scalar_vector_wg128_i8_cap256 gpu median_ms=0.024458 p90_ms=0.024917 samples_ms=[0.024917, 0.024458, 0.024041, 0.024625, 0.02425, 0.024375, 0.024958, 0.024208, 0.027458, 0.024209, 0.024625, 0.024125, 0.024625, 0.024417, 0.024833, 0.024541, 0.024833, 0.024458, 0.024333, 0.024458, 0.024833]
scalar_vector_wg64_i16_cap256 stage_groups=[256, 1]
scalar_vector_wg64_i16_cap256 host median_ms=0.187333 p90_ms=0.285833 samples_ms=[0.183916, 0.190042, 0.30275, 0.182959, 0.211334, 0.179583, 0.181459, 0.178833, 0.174, 0.17862499999999998, 0.17479099999999997, 0.285833, 0.244083, 0.187333, 0.222125, 0.217917, 0.172625, 0.18570899999999999, 0.231417, 0.18925, 0.378167]
scalar_vector_wg64_i16_cap256 gpu median_ms=0.029250 p90_ms=0.033416 samples_ms=[0.029458, 0.029292, 0.033416, 0.029458, 0.028208, 0.029166, 0.027875, 0.029, 0.02925, 0.029834, 0.028, 0.031666, 0.029083, 0.028083, 0.029208, 0.029083, 0.03, 0.029834, 0.028166, 0.040375, 0.04075]
scalar_vector_wg256_i4_cap256 stage_groups=[256, 1]
scalar_vector_wg256_i4_cap256 host median_ms=0.180792 p90_ms=0.222209 samples_ms=[0.182333, 0.179334, 0.207666, 0.17675, 0.175416, 0.180125, 0.17720799999999998, 0.179917, 0.184917, 0.18225000000000002, 0.23925, 0.189875, 0.172458, 0.178708, 0.177, 0.212458, 0.163542, 0.180792, 0.312709, 0.18087499999999998, 0.22220900000000002]
scalar_vector_wg256_i4_cap256 gpu median_ms=0.027583 p90_ms=0.028208 samples_ms=[0.028083, 0.026875, 0.027584, 0.02775, 0.027333, 0.027333, 0.0275, 0.027, 0.027792, 0.026792, 0.027167, 0.027583, 0.027625, 0.026958, 0.028208, 0.026583, 0.028083, 0.027542, 0.0605, 0.027833, 0.028208]
vector_wg256_i16_cap256 stage_groups=[256, 1]
vector_wg256_i16_cap256 host median_ms=0.181959 p90_ms=0.198292 samples_ms=[0.184417, 0.186042, 0.195167, 0.180583, 0.175167, 0.176167, 0.173416, 0.168333, 0.192542, 0.180208, 0.181959, 0.183375, 0.17929099999999998, 0.20450000000000002, 0.175708, 0.18016700000000002, 0.167667, 0.183416, 0.19645900000000002, 0.198292, 0.272792]
vector_wg256_i16_cap256 gpu median_ms=0.027208 p90_ms=0.027917 samples_ms=[0.027416, 0.026625, 0.026416, 0.028208, 0.026166, 0.027, 0.026709, 0.026875, 0.027, 0.026875, 0.027458, 0.027791, 0.027375, 0.027208, 0.027208, 0.026625, 0.027917, 0.027792, 0.027833, 0.028209, 0.02725]
scalar_wg128_i8_cap1024 stage_groups=[1024, 1]
scalar_wg128_i8_cap1024 host median_ms=0.194792 p90_ms=0.203125 samples_ms=[0.203125, 0.198917, 0.19124999999999998, 0.193334, 0.195, 0.188167, 0.181125, 0.187833, 0.190125, 0.186417, 0.194792, 0.269959, 0.186084, 0.195291, 0.201125, 0.190917, 0.202292, 0.199959, 0.195333, 0.190125, 0.297625]
scalar_wg128_i8_cap1024 gpu median_ms=0.040792 p90_ms=0.041500 samples_ms=[0.0415, 0.038792, 0.038834, 0.040792, 0.038917, 0.040875, 0.039083, 0.041042, 0.041792, 0.038875, 0.040792, 0.038708, 0.041375, 0.042, 0.041125, 0.038667, 0.0415, 0.040666, 0.0415, 0.040708, 0.039584]
n=16000003 expected_f64=7874988.898437500
baseline_wg256 stage_groups=[62501, 245, 1]
baseline_wg256 host median_ms=1.348959 p90_ms=3.388667 samples_ms=[3.0213750000000004, 3.8939999999999997, 1.764583, 2.059917, 3.451, 2.063333, 1.723625, 1.441166, 1.291625, 1.1383750000000001, 1.1472909999999998, 1.161083, 1.13, 1.157, 1.148625, 3.3886670000000003, 3.377458, 1.1727079999999999, 1.348959, 1.267958, 1.20975]
baseline_wg256 gpu median_ms=1.015250 p90_ms=2.955333 samples_ms=[0.960167, 3.165666, 1.489125, 1.827167, 2.576625, 1.678792, 1.450375, 1.26, 1.0855, 1.01525, 0.972917, 0.95375, 0.951125, 0.957666, 0.96075, 2.955333, 3.16825, 0.953125, 1.012625, 0.957417, 0.954458]
baseline_wg256_grain16_cap256 stage_groups=[256, 1]
baseline_wg256_grain16_cap256 host median_ms=0.395292 p90_ms=0.584167 samples_ms=[0.584167, 1.245792, 0.49275, 0.594709, 0.522875, 0.395292, 0.351375, 0.339667, 0.31233299999999997, 0.303042, 0.308292, 0.321666, 0.342958, 0.336625, 0.332125, 0.529667, 0.492334, 0.365334, 0.421792, 0.5149170000000001, 0.549042]
baseline_wg256_grain16_cap256 gpu median_ms=0.150708 p90_ms=0.379375 samples_ms=[0.153167, 0.60825, 0.379375, 0.4245, 0.329, 0.188291, 0.15825, 0.149, 0.138709, 0.137541, 0.135417, 0.135, 0.135458, 0.140291, 0.1345, 0.278792, 0.3055, 0.134916, 0.134583, 0.155, 0.150708]
baseline_wg256_grain16_cap1024 stage_groups=[1024, 1]
baseline_wg256_grain16_cap1024 host median_ms=0.362833 p90_ms=0.585459 samples_ms=[0.585459, 0.9822909999999999, 1.012083, 0.546292, 0.5145419999999999, 0.425083, 0.346875, 0.357, 0.32249999999999995, 0.356292, 0.308458, 0.332583, 0.33479099999999995, 0.362833, 0.33295800000000003, 0.5137079999999999, 0.48275, 0.361791, 0.369833, 0.388958, 0.360084]
baseline_wg256_grain16_cap1024 gpu median_ms=0.147500 p90_ms=0.482542 samples_ms=[0.141958, 0.52825, 0.551542, 0.204083, 0.482542, 0.27925, 0.170958, 0.21325, 0.1475, 0.140792, 0.142375, 0.139292, 0.143875, 0.147625, 0.147375, 0.304792, 0.275, 0.137458, 0.143, 0.141042, 0.146541]
baseline_wg256_grain4_cap1024 stage_groups=[1024, 1]
baseline_wg256_grain4_cap1024 host median_ms=0.376417 p90_ms=0.707834 samples_ms=[0.887209, 0.707834, 0.819959, 0.452417, 0.5355829999999999, 0.45337500000000003, 0.34249999999999997, 0.340667, 0.376417, 0.377417, 0.302708, 0.33075, 0.336792, 0.349583, 0.341875, 0.326166, 0.480791, 0.353167, 0.315958, 0.453542, 0.388125]
baseline_wg256_grain4_cap1024 gpu median_ms=0.147750 p90_ms=0.304500 samples_ms=[0.144583, 0.432416, 0.601416, 0.224375, 0.301959, 0.208375, 0.161625, 0.161208, 0.1455, 0.146417, 0.14775, 0.143666, 0.146292, 0.14625, 0.1435, 0.145375, 0.3045, 0.142667, 0.142167, 0.149, 0.148166]
baseline_wg128_grain8_cap256 stage_groups=[256, 1]
baseline_wg128_grain8_cap256 host median_ms=0.398167 p90_ms=0.915958 samples_ms=[1.271292, 1.077334, 0.915958, 0.48062499999999997, 0.726625, 0.471041, 0.395083, 0.387959, 0.383, 0.360709, 0.33275, 0.37012500000000004, 0.373166, 0.398167, 0.369375, 0.365125, 0.70675, 0.45370900000000003, 0.38125000000000003, 0.501542, 0.441542]
baseline_wg128_grain8_cap256 gpu median_ms=0.200167 p90_ms=0.624750 samples_ms=[0.644709, 0.62475, 0.663792, 0.269791, 0.558458, 0.263, 0.2275, 0.233584, 0.200167, 0.181084, 0.194333, 0.189667, 0.182375, 0.187333, 0.186458, 0.180375, 0.532166, 0.178959, 0.183875, 0.196458, 0.202791]
scalar_vector_wg256_i16_cap256 stage_groups=[256, 1]
scalar_vector_wg256_i16_cap256 host median_ms=0.346208 p90_ms=0.865083 samples_ms=[1.184125, 0.865083, 0.898166, 0.6507499999999999, 0.605541, 0.5952919999999999, 0.33525, 0.32691699999999996, 0.307959, 0.308375, 0.30333299999999996, 0.318208, 0.332375, 0.331708, 0.34620799999999996, 0.33175, 0.480375, 0.5207919999999999, 0.328833, 0.3865, 0.435833]
scalar_vector_wg256_i16_cap256 gpu median_ms=0.139667 p90_ms=0.570958 samples_ms=[0.590417, 0.593958, 0.570958, 0.29, 0.401417, 0.196958, 0.18275, 0.139667, 0.13525, 0.137208, 0.136083, 0.134875, 0.131917, 0.147708, 0.133333, 0.135584, 0.289833, 0.287667, 0.132375, 0.139042, 0.135833]
scalar_vector_wg256_i16_cap1024 stage_groups=[1024, 1]
scalar_vector_wg256_i16_cap1024 host median_ms=0.366708 p90_ms=0.996167 samples_ms=[1.3437919999999999, 1.5816249999999998, 0.996167, 0.7370840000000001, 0.497208, 0.49645799999999995, 0.35300000000000004, 0.307875, 0.338958, 0.29883299999999996, 0.296167, 0.32308400000000004, 0.32737499999999997, 0.341958, 0.381083, 0.34600000000000003, 0.466333, 0.366708, 0.348709, 0.38558400000000004, 0.601541]
scalar_vector_wg256_i16_cap1024 gpu median_ms=0.138167 p90_ms=0.539416 samples_ms=[0.539416, 0.545333, 0.551708, 0.38, 0.32225, 0.189917, 0.162625, 0.132791, 0.138167, 0.128917, 0.137458, 0.126125, 0.133458, 0.134042, 0.135125, 0.128041, 0.278834, 0.289667, 0.133958, 0.132, 0.13875]
scalar_vector_wg128_i8_cap256 stage_groups=[256, 1]
scalar_vector_wg128_i8_cap256 host median_ms=0.350416 p90_ms=0.721917 samples_ms=[2.0735829999999997, 1.143667, 0.721917, 0.606958, 0.545083, 0.463125, 0.350416, 0.328042, 0.33675000000000005, 0.312709, 0.299417, 0.308166, 0.334958, 0.355958, 0.340333, 0.339666, 0.467916, 0.341958, 0.372042, 0.31020899999999996, 0.4555]
scalar_vector_wg128_i8_cap256 gpu median_ms=0.140333 p90_ms=0.516584 samples_ms=[0.57275, 0.516584, 0.563583, 0.407625, 0.294417, 0.206333, 0.1545, 0.143625, 0.127583, 0.136125, 0.127791, 0.132625, 0.129334, 0.140333, 0.127541, 0.136042, 0.2685, 0.157125, 0.125291, 0.13325, 0.132667]
scalar_vector_wg64_i16_cap256 stage_groups=[256, 1]
scalar_vector_wg64_i16_cap256 host median_ms=0.372833 p90_ms=0.748583 samples_ms=[1.120917, 1.478958, 0.571, 0.6505839999999999, 0.748583, 0.45849999999999996, 0.39433399999999996, 0.36174999999999996, 0.33137500000000003, 0.339, 0.34291699999999997, 0.327167, 0.342209, 0.36624999999999996, 0.377375, 0.34279200000000004, 0.582125, 0.420458, 0.35575, 0.322208, 0.37283299999999997]
scalar_vector_wg64_i16_cap256 gpu median_ms=0.150167 p90_ms=0.436083 samples_ms=[0.602084, 0.590042, 0.26175, 0.436083, 0.414542, 0.237375, 0.193083, 0.171666, 0.158834, 0.144125, 0.150167, 0.139208, 0.143375, 0.145667, 0.144791, 0.144334, 0.379709, 0.142875, 0.1475, 0.141083, 0.142625]
scalar_vector_wg256_i4_cap256 stage_groups=[256, 1]
scalar_vector_wg256_i4_cap256 host median_ms=0.383958 p90_ms=0.565875 samples_ms=[1.460208, 1.15475, 0.530917, 0.488, 0.565875, 0.50825, 0.383958, 0.33787500000000004, 0.32075000000000004, 0.3255, 0.320084, 0.321417, 0.347125, 0.413875, 0.32787499999999997, 0.408041, 0.52325, 0.412375, 0.344584, 0.332833, 0.37533299999999997]
scalar_vector_wg256_i4_cap256 gpu median_ms=0.150875 p90_ms=0.333167 samples_ms=[0.585916, 0.581459, 0.280667, 0.210042, 0.333167, 0.224083, 0.175709, 0.156, 0.150875, 0.146292, 0.147792, 0.1435, 0.150542, 0.143, 0.143583, 0.146209, 0.311417, 0.14475, 0.172167, 0.145, 0.145292]
vector_wg256_i16_cap256 stage_groups=[256, 1]
vector_wg256_i16_cap256 host median_ms=0.362833 p90_ms=0.612750 samples_ms=[0.9416249999999999, 1.0337910000000001, 0.61275, 0.38225, 0.497291, 0.407916, 0.362833, 0.34275, 0.310666, 0.41974999999999996, 0.317584, 0.305125, 0.354375, 0.32879200000000003, 0.322333, 0.40087500000000004, 0.41775, 0.3185, 0.34487500000000004, 0.367667, 0.355292]
vector_wg256_i16_cap256 gpu median_ms=0.142292 p90_ms=0.309958 samples_ms=[0.531292, 0.410292, 0.192792, 0.188792, 0.309958, 0.189667, 0.1655, 0.142292, 0.152667, 0.133667, 0.135083, 0.130583, 0.137917, 0.1325, 0.1365, 0.140958, 0.242833, 0.13375, 0.142917, 0.13575, 0.134625]
scalar_wg128_i8_cap1024 stage_groups=[1024, 1]
scalar_wg128_i8_cap1024 host median_ms=0.414708 p90_ms=0.708250 samples_ms=[4.347875, 1.091584, 0.51725, 0.49112500000000003, 0.70825, 0.490042, 0.488292, 0.414708, 0.388417, 0.37233299999999997, 0.378042, 0.35958300000000004, 0.39616599999999996, 0.388208, 0.356375, 0.38249999999999995, 0.6958329999999999, 0.375625, 0.495917, 0.4205, 0.379583]
scalar_wg128_i8_cap1024 gpu median_ms=0.201541 p90_ms=0.514709 samples_ms=[0.783375, 0.712416, 0.283958, 0.282333, 0.514709, 0.30675, 0.260042, 0.2255, 0.218042, 0.199166, 0.190459, 0.18025, 0.184167, 0.181542, 0.181959, 0.181625, 0.504125, 0.182458, 0.201541, 0.199916, 0.185917]
