warning: binary `wgsl_export` should have a kebab-case name
  |
1 | /Users/themoretheless/Documents/Sources/open-scad-viewer/crates/target/.../wgsl_export
  |                                                                            ^^^^^^^^^^^
  |
  = note: `cargo::non_kebab_case_bins` is set to `warn` by default
help: to change the binary name to `wgsl-export`, convert the file stem
  |
1 - src/bin/wgsl_export.rs
1 + src/bin/wgsl-export.rs
  |
warning: `raster-core` (manifest) generated 1 warning
   Compiling compute-core v0.1.0 (/Users/themoretheless/Documents/Sources/open-scad-viewer/crates/compute-core)
    Finished `dev` profile [unoptimized + debuginfo] target(s) in 0.33s
     Running `crates/target/debug/examples/bench_tensor_attention`
backend=metal; 31 rotating samples; 200 ms warmup; resident inputs and reused programs; separate host/readback and GPU timings; independent f64 reference
case=small Hq=1 Hkv=1 Lq=17 Lk=65 D=17 Dv=33 composition_score_arrays_bytes=13260 streaming_score_arrays_bytes=0
composition host median_ms=0.378417 p90_ms=0.385083 samples_ms=[0.395042, 0.365, 0.384708, 0.379958, 0.374875, 0.40937500000000004, 0.3595, 0.374459, 0.382083, 0.384834, 0.385083, 0.36675, 0.365, 0.378041, 0.382208, 0.380542, 0.366958, 0.379, 0.378417, 0.385542, 0.37220800000000004, 0.360417, 0.375709, 0.37879199999999996, 0.378042, 0.364125, 0.35329099999999997, 0.38170800000000005, 0.360583, 0.38275, 0.382875]
composition gpu median_ms=0.038208 p90_ms=0.039750 samples_ms=[0.042875, 0.041917, 0.041084, 0.038625, 0.038125, 0.039042, 0.035958, 0.038667, 0.03975, 0.038417, 0.03625, 0.038666, 0.038167, 0.036875, 0.037917, 0.038292, 0.038208, 0.038541, 0.036459, 0.037375, 0.038125, 0.037375, 0.036209, 0.038208, 0.038125, 0.03875, 0.037792, 0.037333, 0.038125, 0.038375, 0.038208]
streaming host median_ms=0.323250 p90_ms=0.334500 samples_ms=[0.343125, 0.341375, 0.32725, 0.3345, 0.32425, 0.31187499999999996, 0.320917, 0.31229199999999996, 0.32325000000000004, 0.33399999999999996, 0.314792, 0.328, 0.32337499999999997, 0.335333, 0.315125, 0.331584, 0.321208, 0.33420900000000003, 0.316625, 0.31908400000000003, 0.31208400000000003, 0.32504099999999997, 0.31825000000000003, 0.309708, 0.302333, 0.329458, 0.31283299999999997, 0.33025, 0.31116699999999997, 0.327291, 0.315709]
streaming gpu median_ms=0.060042 p90_ms=0.062834 samples_ms=[0.068209, 0.067834, 0.062833, 0.062542, 0.06275, 0.062459, 0.062292, 0.06225, 0.062834, 0.063334, 0.05975, 0.059417, 0.059833, 0.060125, 0.059667, 0.059125, 0.059792, 0.060042, 0.059208, 0.0595, 0.059542, 0.060208, 0.059042, 0.060083, 0.059208, 0.060041, 0.059083, 0.060333, 0.059791, 0.060166, 0.059042]
case=decode Hq=4 Hkv=2 Lq=1 Lk=4097 D=64 Dv=64 composition_score_arrays_bytes=196656 streaming_score_arrays_bytes=0
composition host median_ms=1.138333 p90_ms=1.183584 samples_ms=[1.185458, 1.121584, 1.146792, 1.115958, 1.143625, 1.155459, 1.138333, 1.183584, 1.12425, 1.166792, 1.068167, 1.1885000000000001, 1.1925, 1.098333, 1.057334, 1.157875, 1.133958, 1.115958, 1.110083, 1.081583, 1.117834, 1.119208, 1.06325, 1.149375, 1.178708, 1.142333, 1.1481670000000002, 1.1620840000000001, 1.088041, 1.12625, 1.154417]
composition gpu median_ms=0.633917 p90_ms=0.634625 samples_ms=[0.634625, 0.632084, 0.633625, 0.633917, 0.633709, 0.628458, 0.634375, 0.634208, 0.634125, 0.634333, 0.634084, 0.626834, 0.627291, 0.629042, 0.630833, 0.634625, 0.634542, 0.63125, 0.627792, 0.634125, 0.635, 0.634459, 0.627459, 0.633875, 0.634667, 0.634541, 0.633625, 0.633458, 0.6345, 0.634666, 0.633625]
streaming host median_ms=0.531791 p90_ms=0.538959 samples_ms=[0.5397919999999999, 0.5265, 0.527625, 0.53525, 0.534209, 0.518416, 0.527084, 0.603, 0.51875, 0.591833, 0.524625, 0.534041, 0.535833, 0.5299159999999999, 0.522958, 0.531, 0.520333, 0.523584, 0.531458, 0.527042, 0.538959, 0.531833, 0.5353340000000001, 0.533875, 0.5323749999999999, 0.531791, 0.5289999999999999, 0.515375, 0.5339999999999999, 0.531917, 0.532333]
streaming gpu median_ms=0.236292 p90_ms=0.236708 samples_ms=[0.237458, 0.235625, 0.235667, 0.236708, 0.233, 0.236083, 0.236333, 0.237083, 0.236291, 0.235959, 0.236, 0.236458, 0.236375, 0.234166, 0.236334, 0.236292, 0.236083, 0.236375, 0.235708, 0.237042, 0.235917, 0.2365, 0.235459, 0.235791, 0.236458, 0.236459, 0.236333, 0.232583, 0.235875, 0.236416, 0.236334]
case=prefill Hq=2 Hkv=2 Lq=128 Lk=257 D=64 Dv=64 composition_score_arrays_bytes=789504 streaming_score_arrays_bytes=0
composition host median_ms=0.648750 p90_ms=0.668292 samples_ms=[0.659667, 0.663292, 0.668292, 0.658583, 0.644458, 0.6473749999999999, 0.64475, 0.640584, 0.66025, 0.6605, 0.6445, 0.632959, 0.64875, 0.6439170000000001, 0.647042, 0.628958, 0.641042, 0.632459, 0.6377499999999999, 0.650583, 0.671459, 0.6587500000000001, 0.6639579999999999, 0.637667, 0.66875, 0.63025, 0.631208, 0.6948329999999999, 0.6619160000000001, 0.654292, 0.664916]
composition gpu median_ms=0.112666 p90_ms=0.116500 samples_ms=[0.116625, 0.116083, 0.1125, 0.108625, 0.112875, 0.112458, 0.115584, 0.115917, 0.11275, 0.1085, 0.112666, 0.114792, 0.111125, 0.108125, 0.113666, 0.11475, 0.111458, 0.107333, 0.1165, 0.108166, 0.10625, 0.111208, 0.113125, 0.110834, 0.116667, 0.112541, 0.112708, 0.1115, 0.113, 0.112584, 0.116709]
streaming host median_ms=0.637125 p90_ms=0.645833 samples_ms=[0.625625, 0.645625, 0.647334, 0.649417, 0.6449579999999999, 0.6409579999999999, 0.625042, 0.641917, 0.635417, 0.644291, 0.645833, 0.6443329999999999, 0.648666, 0.634709, 0.6425, 0.6255, 0.606834, 0.6178750000000001, 0.633666, 0.626834, 0.607833, 0.642792, 0.635833, 0.6308750000000001, 0.640875, 0.636625, 0.62725, 0.637875, 0.6371249999999999, 0.64225, 0.6285000000000001]
streaming gpu median_ms=0.265500 p90_ms=0.269291 samples_ms=[0.264458, 0.265417, 0.269042, 0.265375, 0.264916, 0.2655, 0.268, 0.264875, 0.269084, 0.265125, 0.265708, 0.265125, 0.269083, 0.265083, 0.269541, 0.26575, 0.269375, 0.265166, 0.264584, 0.268792, 0.268167, 0.269625, 0.268917, 0.265, 0.265, 0.265625, 0.268833, 0.265417, 0.265, 0.264792, 0.269291]
case=wide_value_gqa Hq=4 Hkv=2 Lq=65 Lk=257 D=32 Dv=129 composition_score_arrays_bytes=801840 streaming_score_arrays_bytes=0
composition host median_ms=0.785792 p90_ms=0.847708 samples_ms=[0.7791669999999999, 0.81775, 0.791583, 0.800041, 0.785792, 0.847708, 0.806917, 0.808083, 0.7853340000000001, 0.7864169999999999, 0.7795420000000001, 0.765708, 0.774625, 0.883125, 0.7817500000000001, 0.7879999999999999, 0.780208, 0.7886669999999999, 0.857541, 1.2817919999999998, 0.7915, 0.80475, 0.7837919999999999, 0.787417, 0.7789999999999999, 0.765917, 0.752333, 0.763792, 0.7566660000000001, 0.767333, 0.773584]
composition gpu median_ms=0.135709 p90_ms=0.139791 samples_ms=[0.139833, 0.136917, 0.132917, 0.13125, 0.136375, 0.129875, 0.133458, 0.13625, 0.136625, 0.133083, 0.136208, 0.132, 0.135417, 0.1325, 0.132958, 0.136458, 0.136791, 0.135917, 0.590125, 0.600375, 0.133375, 0.130583, 0.136833, 0.130417, 0.130083, 0.130333, 0.135709, 0.139791, 0.130334, 0.139416, 0.139375]
streaming host median_ms=0.831167 p90_ms=0.880250 samples_ms=[0.830417, 0.8304579999999999, 0.8405, 0.8300420000000001, 0.8424170000000001, 0.854333, 0.828375, 1.043167, 0.8443339999999999, 0.842542, 0.830958, 0.824875, 0.81725, 0.88025, 0.8314159999999999, 0.848583, 0.831167, 0.842916, 2.128958, 2.10025, 0.825458, 0.8081670000000001, 0.815625, 0.827333, 0.829459, 0.810542, 0.836667, 0.8316250000000001, 0.829584, 0.843333, 0.819625]
streaming gpu median_ms=0.355541 p90_ms=0.358375 samples_ms=[0.355167, 0.353209, 0.358375, 0.355042, 0.356583, 0.356833, 0.355541, 0.356333, 0.354334, 0.356, 0.356125, 0.355583, 0.359459, 0.352042, 0.35825, 0.352166, 0.353333, 0.354209, 1.563875, 1.561291, 0.354959, 0.354458, 0.357291, 0.354916, 0.356875, 0.353875, 0.357417, 0.352375, 0.357917, 0.353834, 0.354583]
