$ /Users/themoretheless/Documents/Sources/open-scad-viewer/crates/target/release/examples/bench_tensor_low_attention
backend=metal;31 rotated samples;200ms warmup;resident low QKV;f32 output;reused programs;separate unprofiled host+readback and GPU shared-pass timings;independent dense f64 reference;every result checked after timing
case=small dtype=F16 Hq=1 Hkv=1 Lq=17 Lk=65 D=17 Dv=33 strided_masked=false removed_f32_input_bytes=14156
small_F16 cast_f32 host median_ms=0.394833 p90_ms=0.404833 samples_ms=[0.391667, 0.38837499999999997, 0.390708, 0.404833, 0.392958, 0.390125, 0.393542, 0.387917, 0.390667, 0.470292, 0.4205, 0.400333, 0.397667, 0.399459, 0.39137500000000003, 0.38991600000000004, 0.391333, 0.39995800000000004, 0.3945, 0.38766700000000004, 0.38608400000000004, 0.39608299999999996, 0.388916, 0.39849999999999997, 0.394833, 0.396208, 0.39566599999999996, 0.396042, 0.525, 0.39775, 0.40295800000000004]
small_F16 cast_f32 gpu median_ms=0.267375 p90_ms=0.267875 samples_ms=[0.267333, 0.266791, 0.267166, 0.267708, 0.267416, 0.267333, 0.2675, 0.26775, 0.267209, 0.267375, 0.267292, 0.268417, 0.266916, 0.267875, 0.267542, 0.267333, 0.267166, 0.267875, 0.267625, 0.266666, 0.267209, 0.267833, 0.267458, 0.266833, 0.267625, 0.267375, 0.268, 0.268, 0.267, 0.267, 0.267]
small_F16 direct_low host median_ms=0.426792 p90_ms=0.431750 samples_ms=[0.41974999999999996, 0.41933299999999996, 0.42583299999999996, 0.41724999999999995, 0.431875, 0.42791599999999996, 0.6070840000000001, 0.444958, 0.42475, 0.429209, 0.43066699999999997, 0.425417, 0.430083, 0.427125, 0.42424999999999996, 0.430834, 0.42174999999999996, 0.427125, 0.431375, 0.420167, 0.426792, 0.414541, 0.416208, 0.41770799999999997, 0.423875, 0.427917, 0.43175, 0.423, 0.427458, 0.427417, 0.42008300000000004]
small_F16 direct_low gpu median_ms=0.304125 p90_ms=0.304583 samples_ms=[0.303667, 0.303583, 0.304667, 0.304125, 0.304375, 0.304084, 0.304333, 0.304125, 0.304583, 0.30475, 0.303375, 0.303542, 0.303875, 0.303833, 0.304125, 0.304334, 0.303917, 0.304083, 0.304292, 0.303458, 0.304292, 0.304208, 0.3035, 0.3035, 0.303667, 0.304167, 0.304417, 0.304666, 0.304333, 0.304125, 0.304375]
case=small dtype=Bf16 Hq=1 Hkv=1 Lq=17 Lk=65 D=17 Dv=33 strided_masked=false removed_f32_input_bytes=14156
small_Bf16 cast_f32 host median_ms=0.167333 p90_ms=0.176458 samples_ms=[0.166584, 0.168709, 0.167583, 0.163917, 0.166334, 0.167333, 0.275333, 0.16375, 0.16608399999999998, 0.165792, 0.169917, 0.16875, 0.16525, 0.170792, 0.170042, 0.178375, 0.17475, 0.17304199999999997, 0.171625, 0.17008299999999998, 0.171541, 0.163125, 0.164125, 0.260542, 0.164709, 0.154417, 0.157917, 0.176458, 0.158959, 0.15445899999999999, 0.155541]
small_Bf16 cast_f32 gpu median_ms=0.060833 p90_ms=0.061333 samples_ms=[0.060667, 0.061042, 0.060625, 0.060833, 0.0605, 0.060875, 0.060792, 0.060833, 0.060916, 0.060708, 0.060709, 0.060875, 0.060583, 0.060625, 0.060917, 0.061416, 0.061333, 0.061333, 0.061, 0.06125, 0.061334, 0.060792, 0.060833, 0.061, 0.060875, 0.0605, 0.060042, 0.060417, 0.06025, 0.060708, 0.060542]
small_Bf16 direct_low host median_ms=0.165167 p90_ms=0.170875 samples_ms=[0.165167, 0.166625, 0.17049999999999998, 0.16712500000000002, 0.163917, 0.170583, 0.165167, 0.163959, 0.165, 0.168958, 0.163625, 0.168042, 0.161167, 0.168458, 0.163584, 0.170875, 0.169875, 0.172667, 0.171625, 0.16975, 0.178375, 0.169541, 0.163083, 0.165208, 0.163666, 0.159667, 0.152792, 0.15175, 0.1575, 0.154917, 0.165041]
small_Bf16 direct_low gpu median_ms=0.061958 p90_ms=0.062833 samples_ms=[0.061667, 0.061958, 0.061667, 0.061958, 0.061917, 0.062, 0.061833, 0.06175, 0.061625, 0.062042, 0.06225, 0.061834, 0.062, 0.062, 0.062208, 0.062042, 0.062833, 0.063083, 0.063084, 0.062917, 0.061917, 0.061708, 0.062, 0.06225, 0.061875, 0.062167, 0.061541, 0.061875, 0.061917, 0.06175, 0.062167]
case=decode dtype=F16 Hq=4 Hkv=2 Lq=1 Lk=4097 D=64 Dv=64 strided_masked=false removed_f32_input_bytes=4196352
decode_F16 cast_f32 host median_ms=0.409875 p90_ms=0.462458 samples_ms=[0.41554199999999997, 0.411916, 0.416417, 0.412167, 0.40025, 0.395083, 0.482042, 0.3995, 0.40495800000000004, 0.414083, 0.5231250000000001, 0.402333, 0.389584, 0.402375, 0.406, 0.409875, 0.401834, 0.406875, 0.39825, 0.489458, 0.43054200000000004, 0.413167, 0.46245800000000004, 0.414917, 0.41375, 0.414958, 0.43116699999999997, 0.393625, 0.40891700000000003, 0.39554199999999995, 0.392375]
decode_F16 cast_f32 gpu median_ms=0.282250 p90_ms=0.286125 samples_ms=[0.286334, 0.287625, 0.276292, 0.285458, 0.283, 0.285916, 0.282458, 0.279333, 0.285958, 0.279375, 0.278583, 0.277792, 0.285292, 0.286125, 0.282, 0.282375, 0.279708, 0.285458, 0.276167, 0.286042, 0.280292, 0.28225, 0.285875, 0.286125, 0.285917, 0.278292, 0.275959, 0.2755, 0.275208, 0.2745, 0.27475]
decode_F16 direct_low host median_ms=0.480958 p90_ms=0.490083 samples_ms=[0.487917, 0.470958, 0.491333, 0.472625, 0.47150000000000003, 0.4845, 0.472542, 0.47791700000000004, 0.48295899999999997, 0.467708, 0.474, 0.463792, 0.48812500000000003, 0.484083, 0.469375, 0.47195800000000004, 0.49045800000000006, 0.49074999999999996, 0.487208, 0.48629100000000003, 0.482958, 0.48095800000000005, 0.478583, 0.48987499999999995, 0.484209, 0.470417, 0.4785, 0.485083, 0.47470900000000005, 0.470334, 0.490083]
decode_F16 direct_low gpu median_ms=0.361833 p90_ms=0.362958 samples_ms=[0.359125, 0.362334, 0.358209, 0.360875, 0.36175, 0.362958, 0.362291, 0.362042, 0.362958, 0.362542, 0.360958, 0.35975, 0.359958, 0.358833, 0.361833, 0.366334, 0.361375, 0.362459, 0.36225, 0.365792, 0.362458, 0.362792, 0.362167, 0.361959, 0.3625, 0.358916, 0.361459, 0.358417, 0.358291, 0.3585, 0.360834]
case=decode dtype=Bf16 Hq=4 Hkv=2 Lq=1 Lk=4097 D=64 Dv=64 strided_masked=false removed_f32_input_bytes=4196352
decode_Bf16 cast_f32 host median_ms=0.431291 p90_ms=0.451459 samples_ms=[0.459708, 0.431291, 0.462417, 0.453209, 0.449084, 0.439916, 0.431875, 0.42616699999999996, 0.43175, 0.41966600000000004, 0.427458, 0.4335, 0.420666, 0.423, 0.430042, 0.426792, 0.43225, 0.421667, 0.414583, 0.43520800000000004, 0.427917, 0.424458, 0.425167, 0.4435, 0.44379199999999996, 0.42174999999999996, 0.421584, 0.446833, 0.445166, 0.424625, 0.451459]
decode_Bf16 cast_f32 gpu median_ms=0.274125 p90_ms=0.284625 samples_ms=[0.285166, 0.284625, 0.281459, 0.274, 0.273917, 0.27375, 0.274708, 0.273833, 0.273708, 0.27375, 0.274125, 0.273459, 0.274084, 0.27425, 0.274209, 0.27375, 0.273667, 0.2745, 0.273875, 0.27425, 0.274084, 0.285291, 0.273708, 0.2815, 0.285, 0.274083, 0.274125, 0.281083, 0.281708, 0.279583, 0.282167]
decode_Bf16 direct_low host median_ms=0.405375 p90_ms=0.428375 samples_ms=[0.422625, 0.423917, 0.429458, 0.428375, 0.41112499999999996, 0.409542, 0.397417, 0.403208, 0.41558300000000004, 0.393334, 0.401542, 0.38766700000000004, 0.397083, 0.39587500000000003, 0.405375, 0.397375, 0.396583, 0.465042, 0.391542, 0.398667, 0.41100000000000003, 0.506834, 0.406084, 0.409958, 0.425416, 0.397667, 0.40108299999999997, 0.400833, 0.41162499999999996, 0.411209, 0.40287500000000004]
decode_Bf16 direct_low gpu median_ms=0.253959 p90_ms=0.257750 samples_ms=[0.256833, 0.257583, 0.257167, 0.25775, 0.253542, 0.253791, 0.253542, 0.254, 0.253125, 0.253666, 0.253625, 0.253667, 0.253542, 0.253875, 0.253833, 0.253709, 0.253667, 0.254, 0.253375, 0.253833, 0.257208, 0.257833, 0.253959, 0.257666, 0.254292, 0.256917, 0.253875, 0.256959, 0.258, 0.258, 0.257667]
case=prefill dtype=F16 Hq=2 Hkv=2 Lq=128 Lk=257 D=64 Dv=64 strided_masked=false removed_f32_input_bytes=328704
prefill_F16 cast_f32 host median_ms=0.392208 p90_ms=0.427625 samples_ms=[0.429, 0.424083, 0.427625, 0.421708, 0.413041, 0.4515, 0.409875, 0.398167, 0.399709, 0.399042, 0.392208, 0.386125, 0.38579199999999997, 0.397208, 0.39925, 0.38554099999999997, 0.389084, 0.381583, 0.386375, 0.385625, 0.39125, 0.37825000000000003, 0.390042, 0.383417, 0.392208, 0.387625, 0.390958, 0.382959, 0.512833, 0.396167, 0.401125]
prefill_F16 cast_f32 gpu median_ms=0.235708 p90_ms=0.236042 samples_ms=[0.235334, 0.235791, 0.235292, 0.235541, 0.235792, 0.235834, 0.234792, 0.235708, 0.236, 0.235583, 0.23575, 0.236042, 0.2355, 0.235625, 0.2355, 0.236167, 0.23575, 0.235709, 0.2355, 0.235959, 0.23575, 0.235708, 0.235209, 0.236084, 0.235584, 0.235792, 0.235584, 0.236125, 0.235417, 0.235625, 0.235625]
prefill_F16 direct_low host median_ms=0.548833 p90_ms=0.572083 samples_ms=[0.572083, 0.5753750000000001, 0.5624579999999999, 0.564791, 0.549833, 0.555167, 0.554625, 0.557417, 0.5495, 0.5425840000000001, 0.544959, 0.5386660000000001, 0.552334, 0.554625, 0.574, 0.548833, 0.540542, 0.5505, 0.544209, 0.636375, 0.544125, 0.5381659999999999, 0.545667, 0.538209, 0.544083, 0.537042, 0.539166, 0.538667, 0.5525, 0.547709, 0.547209]
prefill_F16 direct_low gpu median_ms=0.390375 p90_ms=0.393583 samples_ms=[0.39, 0.390042, 0.390042, 0.390875, 0.390292, 0.390083, 0.389917, 0.39325, 0.390292, 0.393416, 0.389792, 0.393583, 0.3905, 0.393291, 0.390375, 0.3935, 0.390375, 0.390541, 0.390166, 0.39375, 0.390042, 0.393584, 0.389916, 0.393542, 0.390333, 0.392833, 0.390416, 0.393792, 0.390416, 0.390333, 0.390084]
case=prefill dtype=Bf16 Hq=2 Hkv=2 Lq=128 Lk=257 D=64 Dv=64 strided_masked=false removed_f32_input_bytes=328704
prefill_Bf16 cast_f32 host median_ms=0.417625 p90_ms=0.481041 samples_ms=[0.574083, 0.515417, 0.535042, 0.473042, 0.481041, 0.42975, 0.435291, 0.46875, 0.46091699999999997, 0.423667, 0.42075, 0.40279200000000004, 0.406583, 0.41762499999999997, 0.417792, 0.41775, 0.41225, 0.38699999999999996, 0.389542, 0.38425, 0.387375, 0.448166, 0.384, 0.394792, 0.38733300000000004, 0.466584, 0.39045799999999997, 0.386041, 0.380334, 0.38412500000000005, 0.416667]
prefill_Bf16 cast_f32 gpu median_ms=0.251042 p90_ms=0.308500 samples_ms=[0.370875, 0.345625, 0.343959, 0.308375, 0.308292, 0.279375, 0.3085, 0.3085, 0.279125, 0.278833, 0.266, 0.251583, 0.251, 0.251375, 0.265959, 0.251292, 0.251042, 0.250792, 0.235791, 0.23575, 0.235583, 0.236167, 0.235542, 0.235792, 0.235458, 0.235833, 0.236, 0.236291, 0.235458, 0.235625, 0.236041]
prefill_Bf16 direct_low host median_ms=0.450292 p90_ms=0.515583 samples_ms=[0.62225, 0.5672919999999999, 0.734542, 0.515583, 0.48525, 0.48424999999999996, 0.5045419999999999, 0.510208, 0.488166, 0.490708, 0.466208, 0.451792, 0.45029199999999997, 0.451458, 0.475042, 0.44816700000000004, 0.4555, 0.450083, 0.433708, 0.42675, 0.425042, 0.426834, 0.432875, 0.427167, 0.430375, 0.432541, 0.428583, 0.424208, 0.429416, 0.42612500000000003, 0.42975]
prefill_Bf16 direct_low gpu median_ms=0.296500 p90_ms=0.361208 samples_ms=[0.398042, 0.402625, 0.358125, 0.361208, 0.327084, 0.3305, 0.357666, 0.362292, 0.325625, 0.326, 0.296458, 0.297417, 0.2965, 0.30025, 0.296333, 0.30025, 0.296625, 0.299834, 0.279875, 0.2835, 0.279834, 0.283042, 0.279959, 0.280417, 0.280042, 0.283084, 0.280625, 0.284458, 0.279791, 0.283375, 0.279958]
case=wide_value_gqa dtype=F16 Hq=4 Hkv=2 Lq=65 Lk=257 D=32 Dv=129 strided_masked=false removed_f32_input_bytes=364296
wide_value_gqa_F16 cast_f32 host median_ms=0.510542 p90_ms=0.522292 samples_ms=[0.500334, 0.522208, 0.51075, 0.5092500000000001, 0.560375, 0.513125, 0.512417, 0.505375, 0.510542, 0.508625, 0.5297919999999999, 0.5082920000000001, 0.507292, 0.510375, 0.5045419999999999, 0.5124580000000001, 0.526083, 0.506708, 0.5148750000000001, 0.5155, 0.5050830000000001, 0.50975, 0.5221250000000001, 0.502417, 0.5132920000000001, 0.502333, 0.509792, 0.5222920000000001, 0.516958, 0.51075, 0.506708]
wide_value_gqa_F16 cast_f32 gpu median_ms=0.350291 p90_ms=0.351833 samples_ms=[0.349959, 0.350459, 0.350667, 0.349791, 0.350542, 0.350083, 0.350208, 0.351833, 0.351792, 0.350167, 0.350125, 0.351667, 0.3505, 0.349667, 0.350375, 0.351584, 0.350042, 0.351792, 0.351542, 0.350125, 0.347083, 0.350334, 0.350291, 0.349542, 0.349916, 0.352125, 0.352542, 0.348458, 0.34975, 0.349958, 0.35225]
wide_value_gqa_F16 direct_low host median_ms=0.733542 p90_ms=0.774959 samples_ms=[0.73475, 0.677583, 0.731541, 0.7380000000000001, 0.752, 0.697042, 0.776958, 0.774959, 0.67625, 0.734375, 0.7412500000000001, 0.729708, 0.776958, 0.7355830000000001, 0.6709590000000001, 0.733542, 0.762625, 0.78025, 0.74075, 0.692042, 0.682208, 0.7552909999999999, 0.7331669999999999, 0.677042, 0.738416, 0.7355830000000001, 0.675, 0.692208, 0.675334, 0.685125, 0.733083]
wide_value_gqa_F16 direct_low gpu median_ms=0.521167 p90_ms=0.522958 samples_ms=[0.521666, 0.52025, 0.52, 0.521791, 0.521208, 0.522958, 0.521375, 0.522459, 0.520458, 0.522042, 0.520625, 0.521084, 0.524959, 0.528084, 0.522375, 0.522875, 0.521167, 0.522417, 0.521, 0.521167, 0.519959, 0.520666, 0.520667, 0.521125, 0.519708, 0.521083, 0.521416, 0.522375, 0.518834, 0.523042, 0.520542]
case=wide_value_gqa dtype=Bf16 Hq=4 Hkv=2 Lq=65 Lk=257 D=32 Dv=129 strided_masked=false removed_f32_input_bytes=364296
wide_value_gqa_Bf16 cast_f32 host median_ms=0.518042 p90_ms=0.813208 samples_ms=[0.8305, 0.829042, 0.7811250000000001, 0.821542, 0.7853330000000001, 0.79, 0.813208, 0.523709, 0.52725, 0.517958, 0.5444169999999999, 0.512583, 0.516917, 0.552292, 0.533875, 0.525083, 0.518042, 0.515417, 0.5127499999999999, 0.585583, 0.530292, 0.516208, 0.511417, 0.506792, 0.508083, 0.5095, 0.512958, 0.511542, 0.513334, 0.515, 0.515875]
wide_value_gqa_Bf16 cast_f32 gpu median_ms=0.350416 p90_ms=0.586541 samples_ms=[0.589792, 0.587, 0.586, 0.586791, 0.58375, 0.583666, 0.586541, 0.350833, 0.349875, 0.349167, 0.35, 0.349792, 0.348459, 0.350333, 0.349, 0.351625, 0.350458, 0.348125, 0.350416, 0.3515, 0.349792, 0.348833, 0.351209, 0.351208, 0.347666, 0.348541, 0.349167, 0.351708, 0.35025, 0.351542, 0.348916]
wide_value_gqa_Bf16 direct_low host median_ms=0.569792 p90_ms=0.931500 samples_ms=[0.819291, 0.8821249999999999, 0.926666, 0.9315, 0.957292, 1.044042, 0.969625, 0.821583, 0.566042, 0.555917, 0.5804579999999999, 0.580166, 0.5740419999999999, 0.580834, 0.6249170000000001, 0.579, 0.6547919999999999, 0.5695830000000001, 0.5599999999999999, 0.559875, 0.569792, 0.559667, 0.564708, 0.5617909999999999, 0.5640419999999999, 0.5666669999999999, 0.558917, 0.5616669999999999, 0.56225, 0.5648749999999999, 0.559166]
wide_value_gqa_Bf16 direct_low gpu median_ms=0.403125 p90_ms=0.654333 samples_ms=[0.575625, 0.647208, 0.654667, 0.717042, 0.653042, 0.654333, 0.655875, 0.65325, 0.4045, 0.406584, 0.404625, 0.402959, 0.401959, 0.402375, 0.402125, 0.404208, 0.40175, 0.402667, 0.402708, 0.407125, 0.401542, 0.402917, 0.403125, 0.400792, 0.403125, 0.402166, 0.402667, 0.404708, 0.403042, 0.400333, 0.40275]
case=strided_masked dtype=F16 Hq=6 Hkv=2 Lq=7 Lk=65 D=17 Dv=33 strided_masked=true removed_f32_input_bytes=28856
strided_masked_F16 cast_f32 host median_ms=0.167125 p90_ms=0.171500 samples_ms=[0.17029100000000003, 0.16891599999999998, 0.165625, 0.1575, 0.172042, 0.16899999999999998, 0.17149999999999999, 0.157458, 0.16820800000000002, 0.16712500000000002, 0.17441700000000002, 0.16279200000000002, 0.272416, 0.156834, 0.160792, 0.155, 0.155, 0.169458, 0.171375, 0.170042, 0.168959, 0.1685, 0.15820900000000002, 0.17008299999999998, 0.170709, 0.16325, 0.15975, 0.164208, 0.157792, 0.160333, 0.156375]
strided_masked_F16 cast_f32 gpu median_ms=0.050375 p90_ms=0.051209 samples_ms=[0.049833, 0.050375, 0.049833, 0.049875, 0.051125, 0.050167, 0.051166, 0.051084, 0.050958, 0.050291, 0.051209, 0.051208, 0.05025, 0.049834, 0.050083, 0.05, 0.049625, 0.051292, 0.051083, 0.051166, 0.050959, 0.050958, 0.050083, 0.051208, 0.051083, 0.050042, 0.049875, 0.051209, 0.050167, 0.051209, 0.050083]
strided_masked_F16 direct_low host median_ms=0.176167 p90_ms=0.179750 samples_ms=[0.180125, 0.18204199999999998, 0.17550000000000002, 0.176916, 0.171625, 0.169708, 0.176208, 0.170208, 0.17625, 0.178375, 0.164125, 0.17625, 0.16541599999999998, 0.177625, 0.16708399999999998, 0.163, 0.165167, 0.17433300000000002, 0.17475, 0.17725, 0.175208, 0.179584, 0.168542, 0.17975, 0.17675, 0.16558299999999998, 0.180291, 0.176167, 0.17458400000000002, 0.177125, 0.178125]
strided_masked_F16 direct_low gpu median_ms=0.058792 p90_ms=0.059000 samples_ms=[0.058416, 0.059041, 0.058916, 0.058917, 0.058667, 0.059, 0.05875, 0.059, 0.058916, 0.059041, 0.058959, 0.058792, 0.058709, 0.058333, 0.058541, 0.058333, 0.05875, 0.058791, 0.058542, 0.058583, 0.058792, 0.058958, 0.058666, 0.058708, 0.058916, 0.058958, 0.06225, 0.059, 0.059, 0.058959, 0.05875]
case=strided_masked dtype=Bf16 Hq=6 Hkv=2 Lq=7 Lk=65 D=17 Dv=33 strided_masked=true removed_f32_input_bytes=28856
strided_masked_Bf16 cast_f32 host median_ms=0.168916 p90_ms=0.174083 samples_ms=[0.174167, 0.16899999999999998, 0.16975, 0.163458, 0.163, 0.168083, 0.251958, 0.15875, 0.159541, 0.16025, 0.16025, 0.171958, 0.169416, 0.169291, 0.16899999999999998, 0.163625, 0.170708, 0.17283300000000001, 0.163709, 0.162416, 0.158583, 0.165833, 0.17408300000000002, 0.29870800000000003, 0.172958, 0.169792, 0.16891599999999998, 0.155, 0.1655, 0.171209, 0.162459]
strided_masked_Bf16 cast_f32 gpu median_ms=0.050541 p90_ms=0.050750 samples_ms=[0.050541, 0.049375, 0.050792, 0.050667, 0.049708, 0.049625, 0.050667, 0.04925, 0.049709, 0.049667, 0.049708, 0.049708, 0.050708, 0.050708, 0.05075, 0.05075, 0.050625, 0.050667, 0.050792, 0.050625, 0.049625, 0.050791, 0.050625, 0.050459, 0.050542, 0.0495, 0.050541, 0.04925, 0.049834, 0.050584, 0.049625]
strided_masked_Bf16 direct_low host median_ms=0.163833 p90_ms=0.167333 samples_ms=[0.166541, 0.166458, 0.167333, 0.16474999999999998, 0.150958, 0.165834, 0.152333, 0.152458, 0.15754100000000001, 0.155167, 0.157583, 0.159792, 0.16525, 0.152625, 0.152959, 0.160417, 0.16691699999999998, 0.16699999999999998, 0.16525, 0.16466699999999998, 0.16025, 0.16775, 0.163292, 0.164666, 0.163833, 0.151583, 0.168708, 0.15537499999999999, 0.156791, 0.167625, 0.165916]
strided_masked_Bf16 direct_low gpu median_ms=0.048417 p90_ms=0.049167 samples_ms=[0.048625, 0.051541, 0.048708, 0.048958, 0.04825, 0.0485, 0.048, 0.047917, 0.048166, 0.048, 0.048125, 0.048292, 0.048667, 0.051291, 0.048125, 0.04825, 0.048625, 0.051167, 0.048709, 0.049167, 0.048583, 0.047833, 0.048208, 0.048625, 0.048125, 0.047833, 0.048667, 0.048291, 0.048417, 0.047792, 0.048625]
