$ crates/target/release/examples/bench_tensor_low_attention
backend=metal;31 rotated samples;200ms warmup;resident low QKV;f32 output;reused programs;separate unprofiled host+readback and GPU shared-pass timings;independent dense f64 reference;every result checked after timing
case=small dtype=F16 Hq=1 Hkv=1 Lq=17 Lk=65 D=17 Dv=33 strided_masked=false removed_f32_input_bytes=14156
small_F16 cast_f32 host median_ms=0.171042 p90_ms=0.179709 samples_ms=[0.169917, 0.174875, 0.169875, 0.178292, 0.166333, 0.171584, 0.171042, 0.169917, 0.183458, 0.16883299999999998, 0.167708, 0.169041, 0.179709, 0.1695, 0.17200000000000001, 0.169333, 0.182542, 0.171625, 0.286583, 0.17758300000000002, 0.172125, 0.172625, 0.1675, 0.171167, 0.168625, 0.163917, 0.164625, 0.17325000000000002, 0.174792, 0.1675, 0.16375]
small_F16 cast_f32 gpu median_ms=0.060791 p90_ms=0.061083 samples_ms=[0.06075, 0.061042, 0.060583, 0.061083, 0.060792, 0.060791, 0.060792, 0.060917, 0.061125, 0.061083, 0.060625, 0.061084, 0.060625, 0.060542, 0.060542, 0.061125, 0.060791, 0.060916, 0.060625, 0.060833, 0.060541, 0.060959, 0.0605, 0.060791, 0.060541, 0.060875, 0.060833, 0.06075, 0.060459, 0.061083, 0.060583]
small_F16 direct_low host median_ms=0.179833 p90_ms=0.185334 samples_ms=[0.180417, 0.180459, 0.182416, 0.176292, 0.177458, 0.190833, 0.180667, 0.17895899999999998, 0.17754199999999998, 0.174042, 0.185875, 0.182333, 0.17737499999999998, 0.17416600000000002, 0.174, 0.173667, 0.183208, 0.181667, 0.17983300000000002, 0.178708, 0.17508300000000002, 0.180375, 0.178375, 0.181958, 0.17829099999999998, 0.173542, 0.27225, 0.185333, 0.185334, 0.179292, 0.18000000000000002]
small_F16 direct_low gpu median_ms=0.072625 p90_ms=0.072833 samples_ms=[0.072416, 0.07275, 0.072542, 0.072875, 0.072583, 0.072583, 0.072625, 0.072833, 0.0725, 0.072959, 0.0725, 0.072583, 0.072583, 0.0725, 0.072708, 0.07275, 0.072542, 0.072625, 0.072625, 0.072875, 0.072417, 0.07275, 0.0725, 0.072667, 0.072709, 0.072584, 0.07275, 0.072625, 0.072625, 0.072666, 0.072458]
case=small dtype=Bf16 Hq=1 Hkv=1 Lq=17 Lk=65 D=17 Dv=33 strided_masked=false removed_f32_input_bytes=14156
small_Bf16 cast_f32 host median_ms=0.175916 p90_ms=0.185625 samples_ms=[0.184334, 0.174041, 0.16875, 0.164167, 0.166792, 0.180542, 0.18154099999999998, 0.181625, 0.183875, 0.166916, 0.168125, 0.175, 0.169583, 0.172333, 0.183708, 0.175916, 0.174375, 0.18075, 0.17558400000000002, 0.170125, 0.166542, 0.16020800000000002, 0.169333, 0.180416, 0.18075, 0.185625, 0.1875, 0.185667, 0.179167, 0.186583, 0.184417]
small_Bf16 cast_f32 gpu median_ms=0.061333 p90_ms=0.062542 samples_ms=[0.064125, 0.060541, 0.06075, 0.060792, 0.060791, 0.061709, 0.061875, 0.060834, 0.061333, 0.060584, 0.061875, 0.060542, 0.060833, 0.061917, 0.0615, 0.061917, 0.06075, 0.064083, 0.060667, 0.060667, 0.06325, 0.060667, 0.060916, 0.061875, 0.060958, 0.062375, 0.062542, 0.062375, 0.062166, 0.061291, 0.062333]
small_Bf16 direct_low host median_ms=0.177500 p90_ms=0.182917 samples_ms=[0.17291600000000001, 0.186667, 0.16625, 0.16799999999999998, 0.178709, 0.17875000000000002, 0.176584, 0.16075, 0.17529199999999998, 0.169375, 0.1775, 0.162042, 0.16883299999999998, 0.181333, 0.180084, 0.17858300000000002, 0.18116700000000002, 0.181834, 0.182917, 0.179875, 0.171708, 0.167958, 0.164, 0.173666, 0.18212499999999998, 0.17375, 0.18679199999999999, 0.185958, 0.18208300000000002, 0.173125, 0.180958]
small_Bf16 direct_low gpu median_ms=0.061958 p90_ms=0.062542 samples_ms=[0.062542, 0.061625, 0.061625, 0.061542, 0.062125, 0.061958, 0.062125, 0.062, 0.061958, 0.062083, 0.062166, 0.062042, 0.061834, 0.061416, 0.061958, 0.061917, 0.061666, 0.062, 0.062084, 0.061458, 0.061459, 0.0615, 0.061625, 0.061583, 0.0615, 0.061792, 0.062875, 0.062625, 0.065834, 0.062125, 0.061417]
case=decode dtype=F16 Hq=4 Hkv=2 Lq=1 Lk=4097 D=64 Dv=64 strided_masked=false removed_f32_input_bytes=4196352
decode_F16 cast_f32 host median_ms=0.389542 p90_ms=0.397125 samples_ms=[0.396708, 0.384625, 0.385833, 0.3875, 0.38225, 0.38275, 0.384834, 0.39129200000000003, 0.39037499999999997, 0.387167, 0.38908299999999996, 0.385166, 0.387375, 0.38104099999999996, 0.38725, 0.392042, 0.392459, 0.38595799999999997, 0.38783300000000004, 0.389542, 0.395667, 0.392042, 0.389333, 0.397125, 0.392958, 0.391, 0.419375, 0.39670900000000003, 0.404708, 0.397, 0.407167]
decode_F16 cast_f32 gpu median_ms=0.275167 p90_ms=0.276208 samples_ms=[0.274542, 0.275291, 0.275167, 0.275458, 0.274917, 0.276208, 0.275542, 0.275083, 0.274625, 0.275583, 0.27525, 0.275125, 0.274708, 0.274833, 0.274458, 0.275, 0.275125, 0.274708, 0.274708, 0.275792, 0.274791, 0.277209, 0.274584, 0.276208, 0.275125, 0.275834, 0.276083, 0.276833, 0.275708, 0.277583, 0.276041]
decode_F16 direct_low host median_ms=0.467458 p90_ms=0.480791 samples_ms=[0.46745800000000004, 0.472084, 0.46037500000000003, 0.469042, 0.46287500000000004, 0.462583, 0.466542, 0.46287500000000004, 0.459833, 0.477792, 0.46287500000000004, 0.459041, 0.45620900000000003, 0.46004100000000003, 0.464708, 0.46299999999999997, 0.469333, 0.463542, 0.46329200000000004, 0.46704199999999996, 0.476291, 0.47125, 0.46941700000000003, 0.5335, 0.476083, 0.471042, 0.479125, 0.480791, 0.48375, 0.467875, 0.48654200000000003]
decode_F16 direct_low gpu median_ms=0.358667 p90_ms=0.360500 samples_ms=[0.358542, 0.358667, 0.3585, 0.358709, 0.358875, 0.359, 0.358667, 0.358208, 0.35875, 0.358625, 0.358542, 0.358542, 0.358625, 0.358542, 0.35825, 0.358667, 0.358667, 0.358833, 0.359, 0.358416, 0.360542, 0.360375, 0.358875, 0.358542, 0.35875, 0.358375, 0.3605, 0.360459, 0.36075, 0.360417, 0.360583]
case=decode dtype=Bf16 Hq=4 Hkv=2 Lq=1 Lk=4097 D=64 Dv=64 strided_masked=false removed_f32_input_bytes=4196352
decode_Bf16 cast_f32 host median_ms=0.423000 p90_ms=0.437208 samples_ms=[0.43720800000000004, 0.43883300000000003, 0.553208, 0.428041, 0.422709, 0.416583, 0.43033299999999997, 0.427167, 0.436459, 0.411791, 0.423, 0.42812500000000003, 0.43600000000000005, 0.420583, 0.427291, 0.410292, 0.407625, 0.414666, 0.41475, 0.43883300000000003, 0.424625, 0.420709, 0.40850000000000003, 0.42820800000000003, 0.42675, 0.41333400000000003, 0.419917, 0.43491599999999997, 0.419042, 0.421083, 0.41670900000000005]
decode_Bf16 cast_f32 gpu median_ms=0.273625 p90_ms=0.274125 samples_ms=[0.273625, 0.2735, 0.273583, 0.27375, 0.273667, 0.274, 0.273458, 0.2735, 0.273334, 0.272792, 0.273917, 0.273833, 0.273459, 0.273625, 0.273917, 0.2725, 0.273625, 0.273125, 0.273833, 0.273958, 0.274125, 0.273042, 0.273334, 0.273334, 0.274125, 0.27375, 0.274291, 0.273541, 0.273541, 0.273833, 0.274291]
decode_Bf16 direct_low host median_ms=0.396042 p90_ms=0.406708 samples_ms=[0.406208, 0.399042, 0.406333, 0.392833, 0.404041, 0.4015, 0.39762499999999995, 0.41350000000000003, 0.396458, 0.396042, 0.38837499999999997, 0.402833, 0.4105, 0.40670799999999996, 0.389917, 0.389708, 0.38908299999999996, 0.390917, 0.39787500000000003, 0.40462499999999996, 0.387583, 0.388334, 0.487125, 0.38675, 0.386875, 0.392167, 0.384542, 0.393667, 0.401208, 0.385042, 0.393334]
decode_Bf16 direct_low gpu median_ms=0.253667 p90_ms=0.253917 samples_ms=[0.253292, 0.253542, 0.253584, 0.25375, 0.25375, 0.25375, 0.253875, 0.253833, 0.253833, 0.253667, 0.253292, 0.253958, 0.253875, 0.253917, 0.252291, 0.25175, 0.251541, 0.251708, 0.253708, 0.253583, 0.251791, 0.251584, 0.253583, 0.253833, 0.253917, 0.253542, 0.253917, 0.253333, 0.2535, 0.253875, 0.253833]
case=prefill dtype=F16 Hq=2 Hkv=2 Lq=128 Lk=257 D=64 Dv=64 strided_masked=false removed_f32_input_bytes=328704
prefill_F16 cast_f32 host median_ms=0.406000 p90_ms=0.414875 samples_ms=[0.398, 0.412083, 0.407333, 0.409875, 0.408958, 0.391042, 0.391833, 0.41125, 0.4125, 0.40945800000000004, 0.40475, 0.414875, 0.412125, 0.412, 0.40325, 0.401959, 0.41079099999999996, 0.406, 0.405917, 0.40704199999999996, 0.48974999999999996, 0.399375, 0.399333, 0.404125, 0.402667, 0.398208, 0.400083, 0.414958, 0.5445829999999999, 0.39883300000000005, 0.400291]
prefill_F16 cast_f32 gpu median_ms=0.235917 p90_ms=0.237250 samples_ms=[0.237542, 0.237167, 0.237084, 0.237375, 0.2355, 0.235792, 0.234958, 0.237417, 0.236875, 0.237209, 0.235667, 0.236708, 0.237, 0.235792, 0.23725, 0.237167, 0.236292, 0.235375, 0.235375, 0.2365, 0.236083, 0.23575, 0.235667, 0.235709, 0.235708, 0.235667, 0.235625, 0.235209, 0.237083, 0.235917, 0.235417]
prefill_F16 direct_low host median_ms=0.566000 p90_ms=0.634083 samples_ms=[0.565375, 0.5714579999999999, 0.556583, 0.566, 0.578834, 0.561167, 0.548125, 0.5715, 0.564458, 0.563458, 0.707167, 0.568083, 0.5607500000000001, 0.5685, 0.5626249999999999, 0.5689580000000001, 0.569375, 0.567667, 0.5690419999999999, 0.564542, 0.55775, 0.558791, 0.563875, 0.564166, 0.730916, 0.5583330000000001, 0.6340830000000001, 0.663625, 0.5770839999999999, 0.5689580000000001, 0.5455]
prefill_F16 direct_low gpu median_ms=0.397750 p90_ms=0.400458 samples_ms=[0.397542, 0.400125, 0.397958, 0.400458, 0.400625, 0.3975, 0.397459, 0.39725, 0.397334, 0.404, 0.397542, 0.40025, 0.397583, 0.400084, 0.398042, 0.400083, 0.397542, 0.404667, 0.397584, 0.3975, 0.39775, 0.40025, 0.39725, 0.397541, 0.397666, 0.397458, 0.400208, 0.397917, 0.397958, 0.400375, 0.397167]
case=prefill dtype=Bf16 Hq=2 Hkv=2 Lq=128 Lk=257 D=64 Dv=64 strided_masked=false removed_f32_input_bytes=328704
prefill_Bf16 cast_f32 host median_ms=0.389750 p90_ms=0.402542 samples_ms=[0.380917, 0.382334, 0.384458, 0.40462499999999996, 0.398125, 0.404292, 0.401833, 0.390125, 0.39325, 0.389042, 0.389708, 0.384208, 0.390459, 0.392, 0.38783300000000004, 0.386042, 0.392458, 0.396666, 0.40254199999999996, 0.386708, 0.385625, 0.386708, 0.392833, 0.394958, 0.38908299999999996, 0.382083, 0.393916, 0.519625, 0.387166, 0.381541, 0.38975000000000004]
prefill_Bf16 cast_f32 gpu median_ms=0.235583 p90_ms=0.236041 samples_ms=[0.23475, 0.235792, 0.235666, 0.23575, 0.235583, 0.235333, 0.235416, 0.234584, 0.2355, 0.235667, 0.235667, 0.236041, 0.2355, 0.235375, 0.235625, 0.235583, 0.235417, 0.236083, 0.2355, 0.235709, 0.23525, 0.23625, 0.235541, 0.235458, 0.23525, 0.235583, 0.235417, 0.235708, 0.236125, 0.235625, 0.235416]
prefill_Bf16 direct_low host median_ms=0.430916 p90_ms=0.449167 samples_ms=[0.42616699999999996, 0.42995799999999995, 0.42666600000000005, 0.429041, 0.44466599999999995, 0.449167, 0.452542, 0.44741699999999995, 0.432167, 0.438459, 0.434083, 0.477167, 0.42824999999999996, 0.43091599999999997, 0.425792, 0.474666, 0.430666, 0.44587499999999997, 0.436625, 0.430958, 0.420791, 0.427292, 0.427333, 0.4305, 0.43958400000000003, 0.446375, 0.42812500000000003, 0.426875, 0.422916, 0.431875, 0.427125]
prefill_Bf16 direct_low gpu median_ms=0.279625 p90_ms=0.282584 samples_ms=[0.27975, 0.278666, 0.279208, 0.279833, 0.279333, 0.279667, 0.278666, 0.279625, 0.279625, 0.282833, 0.279625, 0.279459, 0.280042, 0.2795, 0.279541, 0.279666, 0.279833, 0.28175, 0.27925, 0.282708, 0.27925, 0.282584, 0.279583, 0.279583, 0.279125, 0.279791, 0.27975, 0.282791, 0.279417, 0.279708, 0.279583]
case=wide_value_gqa dtype=F16 Hq=4 Hkv=2 Lq=65 Lk=257 D=32 Dv=129 strided_masked=false removed_f32_input_bytes=364296
wide_value_gqa_F16 cast_f32 host median_ms=0.512000 p90_ms=0.522792 samples_ms=[0.504, 0.5201669999999999, 0.510541, 0.5099170000000001, 0.5195, 0.517916, 0.508291, 0.519334, 0.5157090000000001, 0.512, 0.517041, 0.510417, 0.577833, 0.502458, 0.514167, 0.502875, 0.5134169999999999, 0.51075, 0.522792, 0.598792, 0.510917, 0.5025000000000001, 0.511333, 0.5647500000000001, 0.5185, 0.50975, 0.509334, 0.518, 0.511416, 0.5061249999999999, 0.521]
wide_value_gqa_F16 cast_f32 gpu median_ms=0.351875 p90_ms=0.352500 samples_ms=[0.352166, 0.352167, 0.351166, 0.351459, 0.350417, 0.350416, 0.350791, 0.352667, 0.350542, 0.352459, 0.351833, 0.352334, 0.352166, 0.351208, 0.352334, 0.351959, 0.352375, 0.352834, 0.351875, 0.352, 0.353042, 0.350042, 0.350833, 0.351917, 0.350541, 0.350375, 0.351334, 0.351541, 0.351708, 0.352041, 0.3525]
wide_value_gqa_F16 direct_low host median_ms=0.760750 p90_ms=0.791250 samples_ms=[0.789541, 0.784584, 0.7331660000000001, 0.735833, 0.7815, 0.775417, 0.7771250000000001, 0.788292, 0.921167, 0.7445, 0.7805000000000001, 0.678834, 0.792667, 0.6953750000000001, 0.7877500000000001, 0.755125, 0.79125, 0.783042, 0.692583, 0.735334, 0.737083, 0.783667, 0.738458, 0.76075, 0.6759580000000001, 0.7314170000000001, 0.783459, 0.680333, 0.848667, 0.738875, 0.7350409999999999]
wide_value_gqa_F16 direct_low gpu median_ms=0.525459 p90_ms=0.528916 samples_ms=[0.522875, 0.525, 0.526292, 0.526291, 0.525625, 0.527625, 0.524959, 0.524042, 0.52525, 0.526458, 0.5255, 0.52575, 0.524209, 0.530167, 0.528916, 0.525458, 0.524292, 0.5255, 0.523709, 0.526584, 0.524042, 0.5285, 0.529458, 0.525459, 0.526125, 0.523458, 0.52475, 0.52475, 0.524167, 0.523958, 0.530958]
case=wide_value_gqa dtype=Bf16 Hq=4 Hkv=2 Lq=65 Lk=257 D=32 Dv=129 strided_masked=false removed_f32_input_bytes=364296
wide_value_gqa_Bf16 cast_f32 host median_ms=0.513166 p90_ms=0.527625 samples_ms=[0.499667, 0.505833, 0.510416, 0.5249579999999999, 0.514459, 0.537917, 0.525083, 0.514709, 0.51875, 0.511334, 0.506209, 0.614084, 0.513166, 0.518333, 0.510542, 0.515208, 0.530791, 0.514625, 0.527625, 0.5102909999999999, 0.503792, 0.507833, 0.513209, 0.510958, 0.505959, 0.5060830000000001, 0.5142089999999999, 0.51375, 0.510042, 0.512, 0.510542]
wide_value_gqa_Bf16 cast_f32 gpu median_ms=0.350625 p90_ms=0.351958 samples_ms=[0.351667, 0.349083, 0.35225, 0.350458, 0.351, 0.351084, 0.351084, 0.351083, 0.349959, 0.35025, 0.350625, 0.351334, 0.34975, 0.348458, 0.35, 0.347791, 0.349791, 0.350959, 0.350375, 0.351, 0.349542, 0.350291, 0.352666, 0.349458, 0.351458, 0.352792, 0.350334, 0.35125, 0.350458, 0.351958, 0.35075]
wide_value_gqa_Bf16 direct_low host median_ms=0.562625 p90_ms=0.576042 samples_ms=[0.548417, 0.5685, 0.564459, 0.567583, 0.5674579999999999, 0.5745830000000001, 0.576042, 0.5639580000000001, 0.612667, 0.555875, 0.5607089999999999, 0.553875, 0.570083, 0.562084, 0.560083, 0.688166, 0.553833, 0.567709, 0.5626249999999999, 0.5672090000000001, 0.557417, 0.561167, 0.555334, 0.560417, 0.619792, 0.5626249999999999, 0.557542, 0.55675, 0.5605, 0.565542, 0.557875]
wide_value_gqa_Bf16 direct_low gpu median_ms=0.400542 p90_ms=0.402125 samples_ms=[0.398959, 0.392833, 0.40275, 0.401291, 0.400958, 0.398125, 0.402291, 0.399458, 0.401042, 0.402125, 0.396542, 0.399209, 0.402, 0.40025, 0.401625, 0.400833, 0.396542, 0.399709, 0.400208, 0.398875, 0.400709, 0.400417, 0.401292, 0.398833, 0.398625, 0.403375, 0.400542, 0.401459, 0.3995, 0.400916, 0.400916]
case=strided_masked dtype=F16 Hq=6 Hkv=2 Lq=7 Lk=65 D=17 Dv=33 strided_masked=true removed_f32_input_bytes=28856
strided_masked_F16 cast_f32 host median_ms=0.170542 p90_ms=0.178167 samples_ms=[0.174167, 0.16991599999999998, 0.171667, 0.1695, 0.167875, 0.173958, 0.175167, 0.157208, 0.15437499999999998, 0.170542, 0.171458, 0.16241699999999998, 0.159417, 0.173458, 0.171875, 0.17041699999999999, 0.170375, 0.164625, 0.307084, 0.175959, 0.177167, 0.156834, 0.16108299999999998, 0.160416, 0.16712500000000002, 0.16683299999999998, 0.187042, 0.17775000000000002, 0.179083, 0.178167, 0.17108299999999999]
strided_masked_F16 cast_f32 gpu median_ms=0.050416 p90_ms=0.051667 samples_ms=[0.050833, 0.051875, 0.05075, 0.051333, 0.051083, 0.051125, 0.05, 0.050042, 0.050042, 0.050416, 0.050084, 0.051666, 0.049875, 0.050875, 0.050125, 0.051333, 0.051041, 0.050375, 0.049792, 0.050333, 0.049667, 0.050166, 0.049791, 0.049791, 0.050083, 0.051667, 0.051375, 0.052, 0.051583, 0.052042, 0.05025]
strided_masked_F16 direct_low host median_ms=0.175791 p90_ms=0.185834 samples_ms=[0.173875, 0.18054099999999998, 0.17529199999999998, 0.15825, 0.173959, 0.17575, 0.164958, 0.162042, 0.1615, 0.164208, 0.175791, 0.16508399999999998, 0.162208, 0.175958, 0.175917, 0.176292, 0.17575, 0.169459, 0.20425000000000001, 0.206, 0.176708, 0.168709, 0.18745799999999999, 0.165334, 0.178, 0.184584, 0.182708, 0.181166, 0.184167, 0.183917, 0.185834]
strided_masked_F16 direct_low gpu median_ms=0.058083 p90_ms=0.058500 samples_ms=[0.058333, 0.058083, 0.058041, 0.058, 0.058208, 0.057916, 0.057916, 0.057833, 0.058042, 0.058125, 0.058083, 0.05825, 0.057917, 0.058125, 0.058166, 0.058333, 0.058, 0.057791, 0.058, 0.057917, 0.058042, 0.058292, 0.058, 0.057833, 0.058208, 0.058083, 0.058792, 0.058416, 0.058959, 0.0585, 0.058833]
case=strided_masked dtype=Bf16 Hq=6 Hkv=2 Lq=7 Lk=65 D=17 Dv=33 strided_masked=true removed_f32_input_bytes=28856
strided_masked_Bf16 cast_f32 host median_ms=0.157375 p90_ms=0.170958 samples_ms=[0.157375, 0.171375, 0.168542, 0.156583, 0.156667, 0.15725, 0.155833, 0.155666, 0.15529199999999999, 0.161, 0.27108299999999996, 0.154666, 0.157333, 0.157208, 0.156917, 0.15554199999999999, 0.155416, 0.163584, 0.156666, 0.157916, 0.15695800000000001, 0.156416, 0.163958, 0.169709, 0.165292, 0.170958, 0.172083, 0.169333, 0.16491699999999998, 0.16899999999999998, 0.17083399999999999]
strided_masked_Bf16 cast_f32 gpu median_ms=0.049875 p90_ms=0.050959 samples_ms=[0.05, 0.051, 0.049958, 0.04975, 0.050292, 0.049667, 0.049875, 0.049791, 0.050125, 0.049667, 0.049833, 0.04975, 0.049833, 0.049834, 0.049875, 0.049792, 0.05, 0.049708, 0.049875, 0.049583, 0.049875, 0.049333, 0.050875, 0.050833, 0.050916, 0.050833, 0.051083, 0.050541, 0.050959, 0.050791, 0.051042]
strided_masked_Bf16 direct_low host median_ms=0.153750 p90_ms=0.167000 samples_ms=[0.15879100000000002, 0.16699999999999998, 0.15104199999999998, 0.152666, 0.153, 0.16091599999999998, 0.152333, 0.15062499999999998, 0.151333, 0.15375, 0.149917, 0.15275, 0.153584, 0.15308300000000002, 0.15254099999999998, 0.15116700000000002, 0.15375, 0.157959, 0.15225, 0.16195900000000002, 0.15133400000000002, 0.151416, 0.15829200000000002, 0.165833, 0.164375, 0.166875, 0.165708, 0.1675, 0.2585, 0.162583, 0.167041]
strided_masked_Bf16 direct_low gpu median_ms=0.048250 p90_ms=0.048500 samples_ms=[0.04875, 0.048375, 0.048417, 0.04825, 0.047834, 0.04825, 0.048375, 0.048042, 0.048083, 0.048209, 0.048209, 0.048125, 0.048375, 0.048167, 0.048291, 0.048084, 0.048042, 0.047833, 0.048334, 0.048208, 0.048042, 0.048292, 0.048209, 0.0485, 0.048708, 0.047916, 0.0485, 0.048458, 0.051834, 0.048417, 0.04825]
