warning: binary `wgsl_export` should have a kebab-case name
  |
1 | /Users/themoretheless/Documents/Sources/open-scad-viewer/crates/target/.../wgsl_export
  |                                                                            ^^^^^^^^^^^
  |
  = note: `cargo::non_kebab_case_bins` is set to `warn` by default
help: to change the binary name to `wgsl-export`, convert the file stem
  |
1 - src/bin/wgsl_export.rs
1 + src/bin/wgsl-export.rs
  |
warning: `raster-core` (manifest) generated 1 warning
    Finished `dev` profile [unoptimized + debuginfo] target(s) in 0.05s
     Running `crates/target/debug/examples/bench_tensor_low_index`
backend=metal;31 rotated samples;200ms warmup;resident low inputs and u32 masks/indices;reused programs;separate unprofiled host+readback and GPU shared-pass timings;exact values and resident counts checked every run
case=small dtype=F16 rows=17 cols=19 transpose=false packed_input_bytes=648 index_count=7 mask_bytes=1292 baseline_one_expanded_input_bytes=1292
small_F16_select cast_f32 host median_ms=0.363125 p90_ms=0.394250 samples_ms=[0.304125, 0.304917, 0.300541, 0.30608399999999997, 0.29112499999999997, 0.30320800000000003, 0.30725, 0.33625, 0.356917, 0.367041, 0.395625, 0.399334, 0.40091699999999997, 0.37125, 0.368458, 0.389583, 0.393083, 0.37083299999999997, 0.372666, 0.346875, 0.35312499999999997, 0.36779199999999995, 0.355, 0.36312500000000003, 0.351875, 0.351292, 0.36312500000000003, 0.364625, 0.358708, 0.39425, 0.378417]
small_F16_select cast_f32 gpu median_ms=0.045917 p90_ms=0.046291 samples_ms=[0.012833, 0.013, 0.012459, 0.012625, 0.012875, 0.013042, 0.012541, 0.046291, 0.046, 0.04575, 0.045917, 0.045667, 0.045875, 0.046334, 0.045875, 0.046, 0.046333, 0.045792, 0.045792, 0.046041, 0.046, 0.045875, 0.046209, 0.046083, 0.045792, 0.046333, 0.046167, 0.045917, 0.046167, 0.04625, 0.046]
small_F16_select direct_low host median_ms=0.266334 p90_ms=0.299917 samples_ms=[0.239417, 0.23550000000000001, 0.236292, 0.23691700000000002, 0.236542, 0.232625, 0.234083, 0.258833, 0.260917, 0.256541, 0.2765, 0.292458, 0.41525, 0.284958, 0.26645800000000003, 0.320166, 0.29991700000000004, 0.297666, 0.293333, 0.267833, 0.276791, 0.265125, 0.262291, 0.26225, 0.269167, 0.259667, 0.26575, 0.342916, 0.274875, 0.266334, 0.278667]
small_F16_select direct_low gpu median_ms=0.020042 p90_ms=0.020333 samples_ms=[0.00575, 0.005791, 0.006, 0.00575, 0.006, 0.005666, 0.01625, 0.020042, 0.020083, 0.02, 0.019875, 0.01975, 0.022125, 0.020083, 0.020292, 0.019875, 0.020375, 0.019833, 0.020084, 0.019916, 0.02025, 0.020083, 0.020208, 0.019917, 0.019875, 0.020083, 0.020333, 0.020083, 0.02025, 0.020167, 0.020375]
small_F16_gather cast_f32 host median_ms=0.414667 p90_ms=0.450917 samples_ms=[0.349959, 0.35562499999999997, 0.35933299999999996, 0.364625, 0.34841700000000003, 0.378542, 0.379375, 0.438042, 0.442625, 0.461458, 0.450917, 0.456875, 0.43925000000000003, 0.5095409999999999, 0.4365, 0.436291, 0.44041600000000003, 0.414667, 0.412875, 0.404125, 0.397792, 0.40420799999999996, 0.412583, 0.41125, 0.43074999999999997, 0.407458, 0.45037499999999997, 0.41595899999999997, 0.404834, 0.428083, 0.43025]
small_F16_gather cast_f32 gpu median_ms=0.056875 p90_ms=0.057333 samples_ms=[0.015916, 0.016166, 0.016084, 0.01575, 0.016042, 0.015917, 0.015875, 0.057, 0.056708, 0.057125, 0.056916, 0.057166, 0.056708, 0.057083, 0.056667, 0.05675, 0.05675, 0.056542, 0.056583, 0.056709, 0.056959, 0.057209, 0.057, 0.060084, 0.057, 0.060083, 0.057166, 0.057125, 0.061459, 0.057333, 0.056875]
small_F16_gather direct_low host median_ms=0.366000 p90_ms=0.382459 samples_ms=[0.305334, 0.336708, 0.31725, 0.32175, 0.308083, 0.310834, 0.382459, 0.377875, 0.366375, 0.369667, 0.37637499999999996, 0.411792, 0.364, 0.40066599999999997, 0.373875, 0.3765, 0.362208, 0.37437499999999996, 0.37925, 0.382458, 0.36725, 0.366, 0.36208300000000004, 0.34620799999999996, 0.360416, 0.345333, 0.34412499999999996, 0.34125, 0.338542, 0.377791, 0.41375]
small_F16_gather direct_low gpu median_ms=0.037667 p90_ms=0.038625 samples_ms=[0.010667, 0.01025, 0.010708, 0.010667, 0.010583, 0.01025, 0.0105, 0.037417, 0.038042, 0.037333, 0.037916, 0.037459, 0.038209, 0.037666, 0.037917, 0.037542, 0.038, 0.037333, 0.037667, 0.0375, 0.037959, 0.037667, 0.037875, 0.037709, 0.041209, 0.040709, 0.038, 0.039333, 0.038625, 0.037541, 0.038166]
small_F16_compact cast_f32 host median_ms=0.382833 p90_ms=0.403375 samples_ms=[0.338916, 0.342292, 0.341208, 0.34075, 0.455333, 0.34391700000000003, 0.343667, 0.34258299999999997, 0.34212499999999996, 0.386167, 0.38283300000000003, 0.389458, 0.390791, 0.400625, 0.386667, 0.38699999999999996, 0.384541, 0.43679100000000004, 0.382583, 0.403375, 0.415833, 0.401458, 0.392834, 0.39395800000000003, 0.391416, 0.320125, 0.32766700000000004, 0.335084, 0.339125, 0.3415, 0.346667]
small_F16_compact cast_f32 gpu median_ms=0.064917 p90_ms=0.069875 samples_ms=[0.017666, 0.0175, 0.017375, 0.017833, 0.018083, 0.01775, 0.017292, 0.017875, 0.017708, 0.068333, 0.064917, 0.068, 0.069666, 0.065, 0.069875, 0.069125, 0.070541, 0.069959, 0.070125, 0.068, 0.065375, 0.068084, 0.065166, 0.069292, 0.06775, 0.0175, 0.01725, 0.01725, 0.016917, 0.017458, 0.017417]
small_F16_compact direct_low host median_ms=0.322959 p90_ms=0.339708 samples_ms=[0.298875, 0.289875, 0.287208, 0.28237500000000004, 0.289291, 0.286666, 0.284917, 0.284583, 0.423958, 0.331, 0.321834, 0.322959, 0.417, 0.318625, 0.33275, 0.32675, 0.324959, 0.33970799999999995, 0.335959, 0.32787499999999997, 0.33391699999999996, 0.327583, 0.339375, 0.39075, 0.326625, 0.276792, 0.290042, 0.292, 0.33225000000000005, 0.289667, 0.286667]
small_F16_compact direct_low gpu median_ms=0.043375 p90_ms=0.047167 samples_ms=[0.011625, 0.011583, 0.012125, 0.0115, 0.011792, 0.011875, 0.011917, 0.012, 0.044042, 0.043833, 0.047334, 0.04375, 0.043958, 0.047375, 0.047375, 0.047042, 0.043958, 0.047167, 0.047166, 0.043875, 0.047042, 0.046833, 0.044208, 0.043375, 0.011875, 0.011458, 0.011458, 0.011167, 0.01175, 0.0115, 0.012]
small_F16_scan cast_f32 host median_ms=0.242500 p90_ms=0.276125 samples_ms=[0.269541, 0.265959, 0.258958, 0.280042, 0.27999999999999997, 0.27599999999999997, 0.276125, 0.23800000000000002, 0.234375, 0.237708, 0.235125, 0.24250000000000002, 0.371834, 0.248833, 0.239041, 0.245125, 0.235875, 0.23875, 0.23458400000000001, 0.23875, 0.237542, 0.23987499999999998, 0.237292, 0.24629099999999998, 0.23591700000000002, 0.25870899999999997, 0.237584, 0.239083, 0.25216700000000003, 0.27537500000000004, 0.27104100000000003]
small_F16_scan cast_f32 gpu median_ms=0.008250 p90_ms=0.029916 samples_ms=[0.029833, 0.029708, 0.029375, 0.030083, 0.029958, 0.029625, 0.029875, 0.008, 0.008, 0.008125, 0.008, 0.008125, 0.008042, 0.008166, 0.008125, 0.008042, 0.008042, 0.00825, 0.008042, 0.0085, 0.008084, 0.008083, 0.008375, 0.008459, 0.008209, 0.008375, 0.00825, 0.008292, 0.008167, 0.029958, 0.029916]
small_F16_scan direct_low host median_ms=0.220625 p90_ms=0.248250 samples_ms=[0.240958, 0.242709, 0.242417, 0.249208, 0.24645899999999998, 0.253208, 0.38837499999999997, 0.21558300000000002, 0.221583, 0.207291, 0.219333, 0.227667, 0.222791, 0.21829099999999999, 0.217208, 0.220583, 0.219, 0.213959, 0.217333, 0.222083, 0.217125, 0.22, 0.22266699999999998, 0.218583, 0.22737500000000002, 0.216917, 0.21379099999999998, 0.22062500000000002, 0.21504099999999998, 0.243083, 0.24825]
small_F16_scan direct_low gpu median_ms=0.006666 p90_ms=0.023292 samples_ms=[0.023125, 0.023292, 0.023708, 0.023875, 0.023041, 0.023791, 0.0065, 0.006667, 0.006333, 0.006458, 0.006458, 0.006667, 0.006792, 0.006542, 0.006542, 0.006375, 0.006167, 0.006583, 0.006458, 0.006667, 0.006458, 0.006708, 0.006458, 0.006666, 0.006292, 0.006584, 0.006583, 0.006667, 0.02, 0.023209, 0.023208]
case=small dtype=Bf16 rows=17 cols=19 transpose=false packed_input_bytes=648 index_count=7 mask_bytes=1292 baseline_one_expanded_input_bytes=1292
small_Bf16_select cast_f32 host median_ms=0.322209 p90_ms=0.330084 samples_ms=[0.279792, 0.32537499999999997, 0.33216700000000005, 0.324792, 0.322209, 0.47358300000000003, 0.32725, 0.328833, 0.33008400000000004, 0.329625, 0.322625, 0.293666, 0.284209, 0.289958, 0.278875, 0.296, 0.290416, 0.287083, 0.282083, 0.28883400000000004, 0.281958, 0.32537499999999997, 0.318084, 0.317958, 0.31658400000000003, 0.450958, 0.326708, 0.329125, 0.330083, 0.322625, 0.317333]
small_Bf16_select cast_f32 gpu median_ms=0.045250 p90_ms=0.045625 samples_ms=[0.011792, 0.045292, 0.045084, 0.045458, 0.045167, 0.045541, 0.045375, 0.045292, 0.045083, 0.045875, 0.045333, 0.012458, 0.012375, 0.012916, 0.012291, 0.0125, 0.012542, 0.012917, 0.0125, 0.0125, 0.012583, 0.04575, 0.045, 0.045625, 0.04525, 0.045875, 0.045292, 0.0455, 0.045333, 0.045458, 0.04525]
small_Bf16_select direct_low host median_ms=0.239458 p90_ms=0.244750 samples_ms=[0.21729099999999998, 0.242083, 0.238375, 0.235833, 0.24383400000000002, 0.24370899999999998, 0.239458, 0.24416599999999997, 0.24475000000000002, 0.251166, 0.24337499999999998, 0.217, 0.230291, 0.216583, 0.21604099999999998, 0.21975, 0.219708, 0.22062500000000002, 0.219958, 0.21783300000000003, 0.218875, 0.244708, 0.236208, 0.24354199999999998, 0.242167, 0.245833, 0.242708, 0.248041, 0.240375, 0.238875, 0.239834]
small_Bf16_select direct_low gpu median_ms=0.019708 p90_ms=0.020417 samples_ms=[0.005584, 0.005459, 0.02, 0.019958, 0.020417, 0.019708, 0.020375, 0.020375, 0.020167, 0.020292, 0.005583, 0.005584, 0.006084, 0.005583, 0.005625, 0.005875, 0.006083, 0.005666, 0.006084, 0.005708, 0.006, 0.005666, 0.0205, 0.019709, 0.020125, 0.019875, 0.020791, 0.019708, 0.020458, 0.02, 0.006208]
small_Bf16_gather cast_f32 host median_ms=0.393750 p90_ms=0.408250 samples_ms=[0.38066700000000003, 0.386583, 0.396542, 0.40025, 0.384083, 0.391666, 0.37712500000000004, 0.38870899999999997, 0.379375, 0.382708, 0.379333, 0.5229590000000001, 0.510958, 0.41779099999999997, 0.396458, 0.38466599999999995, 0.366083, 0.37274999999999997, 0.406084, 0.39375, 0.3715, 0.4, 0.40825, 0.40287500000000004, 0.397292, 0.39637500000000003, 0.393042, 0.39429200000000003, 0.387291, 0.397375, 0.40349999999999997]
small_Bf16_gather cast_f32 gpu median_ms=0.057250 p90_ms=0.060458 samples_ms=[0.056791, 0.057375, 0.059667, 0.061708, 0.060083, 0.057375, 0.059666, 0.0575, 0.05675, 0.057625, 0.0565, 0.057291, 0.056458, 0.057167, 0.015708, 0.015625, 0.015834, 0.016, 0.01575, 0.016042, 0.015833, 0.016084, 0.056541, 0.057542, 0.059792, 0.061291, 0.05725, 0.060458, 0.056541, 0.062416, 0.05975]
small_Bf16_gather direct_low host median_ms=0.333333 p90_ms=0.358125 samples_ms=[0.33433399999999996, 0.339583, 0.322208, 0.324459, 0.325958, 0.324041, 0.33183300000000004, 0.328125, 0.331167, 0.320125, 0.323417, 0.35812499999999997, 0.42125, 0.414792, 0.339292, 0.40808300000000003, 0.322792, 0.317291, 0.3115, 0.303417, 0.315375, 0.30162500000000003, 0.334125, 0.35104199999999997, 0.350541, 0.34299999999999997, 0.350875, 0.333958, 0.348875, 0.345042, 0.333333]
small_Bf16_gather direct_low gpu median_ms=0.037834 p90_ms=0.040667 samples_ms=[0.037959, 0.042667, 0.038041, 0.038, 0.038, 0.040916, 0.037667, 0.037875, 0.038208, 0.040667, 0.040708, 0.037458, 0.037834, 0.037708, 0.010125, 0.01, 0.010667, 0.010583, 0.010667, 0.010583, 0.010583, 0.010584, 0.038042, 0.037834, 0.038, 0.037833, 0.037875, 0.037792, 0.038, 0.037625, 0.038209]
small_Bf16_compact cast_f32 host median_ms=0.396875 p90_ms=0.420958 samples_ms=[0.40212499999999995, 0.416417, 0.392959, 0.425042, 0.38949999999999996, 0.39845800000000003, 0.394167, 0.420958, 0.406, 0.413042, 0.389791, 0.411375, 0.391666, 0.390958, 0.386958, 0.38675, 0.382333, 0.451542, 0.39220900000000003, 0.417334, 0.40254199999999996, 0.392083, 0.392041, 0.418834, 0.396875, 0.421375, 0.414084, 0.420292, 0.39637500000000003, 0.390291, 0.38908299999999996]
small_Bf16_compact cast_f32 gpu median_ms=0.063875 p90_ms=0.064542 samples_ms=[0.065, 0.063583, 0.064125, 0.063709, 0.064125, 0.063208, 0.0645, 0.063625, 0.063958, 0.063209, 0.06425, 0.063333, 0.064041, 0.06375, 0.064, 0.063792, 0.064209, 0.0635, 0.064542, 0.063292, 0.063875, 0.063459, 0.064625, 0.063792, 0.0645, 0.063833, 0.064875, 0.063583, 0.064333, 0.06325, 0.064375]
small_Bf16_compact direct_low host median_ms=0.344084 p90_ms=0.359334 samples_ms=[0.34600000000000003, 0.34299999999999997, 0.343875, 0.343833, 0.34, 0.355667, 0.343959, 0.332875, 0.347875, 0.333208, 0.344791, 0.32566700000000004, 0.34075, 0.33875, 0.35308300000000004, 0.36824999999999997, 0.33191600000000004, 0.379667, 0.32766700000000004, 0.345208, 0.395833, 0.347584, 0.35904200000000003, 0.339042, 0.344084, 0.359334, 0.352083, 0.349208, 0.34625, 0.333542, 0.338042]
small_Bf16_compact direct_low gpu median_ms=0.043750 p90_ms=0.044125 samples_ms=[0.043417, 0.044083, 0.043584, 0.04375, 0.043584, 0.044041, 0.0435, 0.044083, 0.043208, 0.044, 0.043375, 0.044125, 0.043375, 0.043917, 0.043291, 0.043792, 0.04375, 0.043958, 0.043333, 0.044083, 0.043166, 0.043834, 0.048334, 0.044041, 0.043333, 0.044292, 0.0435, 0.044167, 0.043333, 0.043917, 0.043375]
small_Bf16_scan cast_f32 host median_ms=0.265959 p90_ms=0.275750 samples_ms=[0.392791, 0.26645800000000003, 0.26575, 0.268959, 0.263834, 0.265042, 0.26075000000000004, 0.26975000000000005, 0.261958, 0.267792, 0.265667, 0.270083, 0.25858400000000004, 0.263834, 0.259792, 0.26449999999999996, 0.259791, 0.27575, 0.270959, 0.268667, 0.26337499999999997, 0.265959, 0.26125, 0.26845800000000003, 0.26075000000000004, 0.26766700000000004, 0.355667, 0.28445800000000004, 0.260791, 0.27304199999999995, 0.268292]
small_Bf16_scan cast_f32 gpu median_ms=0.029666 p90_ms=0.029917 samples_ms=[0.0305, 0.0295, 0.029916, 0.029541, 0.029833, 0.02925, 0.029708, 0.029375, 0.029917, 0.029666, 0.029584, 0.029666, 0.029542, 0.0295, 0.029541, 0.029458, 0.029875, 0.0295, 0.029333, 0.029375, 0.03, 0.029583, 0.030084, 0.029667, 0.029917, 0.029666, 0.029875, 0.029458, 0.029875, 0.029792, 0.029459]
small_Bf16_scan direct_low host median_ms=0.238542 p90_ms=0.243667 samples_ms=[0.236833, 0.238458, 0.238333, 0.238708, 0.250667, 0.237334, 0.240917, 0.24016700000000002, 0.241167, 0.238542, 0.2375, 0.237291, 0.238875, 0.234875, 0.238042, 0.23458299999999999, 0.23766600000000002, 0.242625, 0.237709, 0.24004199999999998, 0.24483300000000002, 0.240541, 0.237166, 0.24125000000000002, 0.24483300000000002, 0.23816700000000002, 0.242416, 0.23616600000000001, 0.24366700000000002, 0.239584, 0.236833]
small_Bf16_scan direct_low gpu median_ms=0.022958 p90_ms=0.023125 samples_ms=[0.022959, 0.022958, 0.022833, 0.022791, 0.022958, 0.023, 0.022833, 0.022959, 0.022875, 0.022916, 0.02275, 0.023125, 0.022917, 0.023, 0.022958, 0.023041, 0.022792, 0.023166, 0.022959, 0.022959, 0.02275, 0.023, 0.023125, 0.022875, 0.022791, 0.022708, 0.023125, 0.022917, 0.022667, 0.022958, 0.022916]
case=long dtype=F16 rows=1 cols=131077 transpose=false packed_input_bytes=262156 index_count=32772 mask_bytes=524308 baseline_one_expanded_input_bytes=524308
long_F16_select cast_f32 host median_ms=0.809334 p90_ms=0.837250 samples_ms=[0.808375, 0.795333, 0.800709, 0.810542, 0.809291, 0.8045, 0.805375, 0.8109999999999999, 0.822625, 0.803, 0.80775, 0.8015840000000001, 0.797292, 0.80375, 0.8005, 0.81425, 0.8066669999999999, 0.809167, 0.81175, 0.93025, 0.916542, 0.815333, 0.821958, 0.9045420000000001, 0.830541, 0.8366250000000001, 0.83725, 0.8288749999999999, 0.812542, 0.809334, 0.804334]
long_F16_select cast_f32 gpu median_ms=0.122375 p90_ms=0.125750 samples_ms=[0.121833, 0.1275, 0.125209, 0.121666, 0.12075, 0.127709, 0.123583, 0.12475, 0.122666, 0.128416, 0.122542, 0.121958, 0.119959, 0.124834, 0.121125, 0.12575, 0.125209, 0.122583, 0.122375, 0.120375, 0.119584, 0.119792, 0.125208, 0.119458, 0.123291, 0.121667, 0.124042, 0.119792, 0.12075, 0.120625, 0.120334]
long_F16_select direct_low host median_ms=0.652167 p90_ms=0.703417 samples_ms=[0.6541669999999999, 0.643709, 0.6529590000000001, 0.642666, 0.648459, 0.6432500000000001, 0.6469159999999999, 0.646208, 0.64425, 0.665708, 0.646209, 0.653125, 0.647208, 0.691125, 0.6421250000000001, 0.649084, 0.652167, 0.6505000000000001, 0.646375, 0.7323339999999999, 0.737708, 0.709291, 0.7034170000000001, 0.668875, 0.663083, 0.652, 0.644458, 0.673666, 0.654833, 0.654125, 0.6955830000000001]
long_F16_select direct_low gpu median_ms=0.033709 p90_ms=0.033959 samples_ms=[0.035125, 0.033959, 0.033125, 0.033791, 0.033792, 0.03375, 0.0355, 0.033709, 0.033625, 0.033833, 0.03375, 0.033833, 0.03375, 0.033666, 0.033542, 0.033625, 0.0335, 0.033958, 0.033166, 0.033875, 0.03325, 0.033375, 0.033167, 0.033667, 0.033125, 0.033959, 0.033167, 0.033834, 0.033583, 0.033917, 0.033209]
long_F16_gather cast_f32 host median_ms=0.537750 p90_ms=0.558166 samples_ms=[0.5435420000000001, 0.540459, 0.566792, 0.526292, 0.537583, 0.5312920000000001, 0.530042, 0.54225, 0.5377500000000001, 0.535584, 0.52475, 0.520041, 0.524083, 0.54375, 0.548584, 0.5396249999999999, 0.526167, 0.528292, 0.537, 0.5401250000000001, 0.602, 0.545958, 0.546417, 0.5306249999999999, 0.53625, 0.595458, 0.558, 0.539416, 0.558166, 0.531667, 0.533959]
long_F16_gather cast_f32 gpu median_ms=0.087667 p90_ms=0.095667 samples_ms=[0.087458, 0.085292, 0.08525, 0.084375, 0.092417, 0.090459, 0.095792, 0.0955, 0.095667, 0.087667, 0.09575, 0.090292, 0.095583, 0.092958, 0.098291, 0.084875, 0.084625, 0.08475, 0.083833, 0.08625, 0.089667, 0.085375, 0.093041, 0.088666, 0.092625, 0.0855, 0.084375, 0.084583, 0.08525, 0.090166, 0.084625]
long_F16_gather direct_low host median_ms=0.446167 p90_ms=0.471166 samples_ms=[0.592292, 0.45199999999999996, 0.437125, 0.43445799999999996, 0.44466599999999995, 0.438458, 0.43545900000000004, 0.447667, 0.43654099999999996, 0.4435, 0.44387499999999996, 0.434583, 0.44616700000000004, 0.441916, 0.44179199999999996, 0.475333, 0.450666, 0.44083399999999995, 0.462833, 0.501208, 0.45837500000000003, 0.460417, 0.454583, 0.453125, 0.44787499999999997, 0.439792, 0.47116600000000003, 0.46925, 0.44016599999999995, 0.466583, 0.43691599999999997]
long_F16_gather direct_low gpu median_ms=0.043041 p90_ms=0.046500 samples_ms=[0.042833, 0.042708, 0.042792, 0.0425, 0.042625, 0.043167, 0.04275, 0.046708, 0.046, 0.045666, 0.048292, 0.046042, 0.043, 0.045916, 0.043083, 0.042917, 0.042833, 0.046708, 0.042666, 0.043041, 0.043083, 0.0425, 0.043291, 0.042459, 0.043166, 0.042875, 0.042584, 0.0465, 0.043292, 0.042584, 0.043042]
long_F16_compact cast_f32 host median_ms=0.897791 p90_ms=0.949875 samples_ms=[0.9921669999999999, 0.940166, 0.985583, 0.889959, 0.89325, 0.886375, 0.90275, 0.898291, 0.8914580000000001, 0.892583, 0.900959, 0.901, 0.8855, 0.897791, 0.882416, 0.8889170000000001, 0.906875, 0.89325, 0.891833, 0.8947090000000001, 0.894375, 0.8819159999999999, 0.888334, 0.920041, 0.918916, 0.907042, 0.914666, 0.930167, 0.896125, 0.9585, 0.949875]
long_F16_compact cast_f32 gpu median_ms=0.145708 p90_ms=0.152459 samples_ms=[0.14375, 0.142542, 0.150125, 0.145708, 0.149875, 0.155208, 0.151334, 0.149083, 0.142791, 0.152416, 0.154875, 0.149167, 0.144916, 0.154291, 0.145458, 0.152459, 0.149833, 0.143417, 0.144791, 0.144667, 0.15025, 0.143375, 0.147208, 0.143958, 0.14325, 0.142458, 0.149125, 0.146208, 0.143292, 0.143166, 0.144584]
long_F16_compact direct_low host median_ms=0.797000 p90_ms=0.871875 samples_ms=[0.883625, 0.896417, 0.8572080000000001, 0.820125, 0.7969999999999999, 0.794, 0.855167, 0.7969579999999999, 0.8456670000000001, 0.791333, 0.790958, 0.796458, 0.7945, 0.802167, 0.798041, 0.79475, 0.7915840000000001, 0.7929579999999999, 0.7915840000000001, 0.801333, 0.784292, 0.7849579999999999, 0.784083, 0.824542, 0.830417, 0.8718750000000001, 0.8116669999999999, 0.7922089999999999, 0.794584, 0.936208, 0.816042]
long_F16_compact direct_low gpu median_ms=0.095917 p90_ms=0.100917 samples_ms=[0.094708, 0.094042, 0.094708, 0.098917, 0.101333, 0.095917, 0.1, 0.101333, 0.098208, 0.098041, 0.094, 0.099875, 0.102875, 0.09925, 0.097, 0.097417, 0.093459, 0.0995, 0.09425, 0.095791, 0.100917, 0.0995, 0.094084, 0.095875, 0.095292, 0.096208, 0.094792, 0.094542, 0.094459, 0.095583, 0.094166]
long_F16_scan cast_f32 host median_ms=1.589084 p90_ms=1.752041 samples_ms=[1.752041, 1.308083, 1.601542, 1.309625, 1.691791, 1.339625, 1.667875, 1.7855830000000001, 1.861167, 1.65275, 1.618583, 1.320667, 1.6495, 1.310083, 1.737625, 1.302292, 1.588, 1.309542, 1.76375, 1.300042, 1.589084, 1.315542, 1.640041, 1.2973329999999998, 1.3684999999999998, 1.3439159999999999, 1.7238749999999998, 1.313667, 1.6500830000000002, 1.296667, 1.752]
long_F16_scan cast_f32 gpu median_ms=0.159417 p90_ms=0.167417 samples_ms=[0.164416, 0.162875, 0.149542, 0.158875, 0.157625, 0.1735, 0.166584, 0.151417, 0.149583, 0.155916, 0.158167, 0.159417, 0.161833, 0.15925, 0.159416, 0.167625, 0.162417, 0.168042, 0.159792, 0.160125, 0.154375, 0.167417, 0.16675, 0.15375, 0.165291, 0.157791, 0.159542, 0.1565, 0.1575, 0.153709, 0.162125]
long_F16_scan direct_low host median_ms=1.278750 p90_ms=1.329333 samples_ms=[1.293417, 1.277333, 1.2787499999999998, 1.278125, 1.2750000000000001, 1.2570839999999999, 1.2805, 1.328167, 1.414708, 1.329333, 1.294625, 1.289917, 1.297708, 1.292042, 1.298209, 1.26675, 1.276125, 1.342625, 1.269583, 1.2713329999999998, 1.2775, 1.27825, 1.271334, 1.2661250000000002, 1.298375, 1.3365829999999999, 1.300958, 1.275208, 1.278792, 1.276, 1.2597909999999999]
long_F16_scan direct_low gpu median_ms=0.144000 p90_ms=0.150292 samples_ms=[0.143667, 0.139542, 0.144, 0.136041, 0.153291, 0.142375, 0.136375, 0.136625, 0.136333, 0.14025, 0.146583, 0.148167, 0.14975, 0.140458, 0.148875, 0.144708, 0.152292, 0.152042, 0.140375, 0.150292, 0.1495, 0.145375, 0.140666, 0.147292, 0.145292, 0.13825, 0.147291, 0.140666, 0.142291, 0.136, 0.146333]
case=long dtype=Bf16 rows=1 cols=131077 transpose=false packed_input_bytes=262156 index_count=32772 mask_bytes=524308 baseline_one_expanded_input_bytes=524308
long_Bf16_select cast_f32 host median_ms=0.827833 p90_ms=0.842459 samples_ms=[0.829834, 0.827833, 0.8000839999999999, 0.8470409999999999, 0.816708, 0.817875, 0.822625, 0.838375, 0.829792, 0.814625, 0.8215, 0.809333, 0.799334, 0.8475419999999999, 0.829791, 0.825834, 0.820084, 0.8424590000000001, 0.857916, 0.83075, 0.8130000000000001, 0.83375, 0.826209, 0.833208, 0.8205, 0.811417, 0.822833, 0.830916, 0.834458, 0.8293750000000001, 0.8280839999999999]
long_Bf16_select cast_f32 gpu median_ms=0.120042 p90_ms=0.124084 samples_ms=[0.123292, 0.117042, 0.123834, 0.120167, 0.124708, 0.119834, 0.116583, 0.120042, 0.1175, 0.123708, 0.118417, 0.121209, 0.125333, 0.122042, 0.116916, 0.117458, 0.117417, 0.120625, 0.120458, 0.1185, 0.120042, 0.12425, 0.120209, 0.116959, 0.124084, 0.120875, 0.119708, 0.123291, 0.118542, 0.116375, 0.117708]
long_Bf16_select direct_low host median_ms=0.677084 p90_ms=0.693041 samples_ms=[0.669709, 0.71925, 0.6669999999999999, 0.6862090000000001, 0.6800419999999999, 0.65925, 0.690666, 0.6765410000000001, 0.679042, 0.675584, 0.6810419999999999, 0.662666, 0.698708, 0.681084, 0.6815, 0.6677919999999999, 0.709666, 0.6924159999999999, 0.671417, 0.693041, 0.6799160000000001, 0.678083, 0.675625, 0.677416, 0.670542, 0.6655, 0.669166, 0.677084, 0.669542, 0.6693330000000001, 0.672208]
long_Bf16_select direct_low gpu median_ms=0.033583 p90_ms=0.034041 samples_ms=[0.033125, 0.033833, 0.033459, 0.033708, 0.033542, 0.03375, 0.033416, 0.034042, 0.033458, 0.034125, 0.033292, 0.033792, 0.03325, 0.033959, 0.033583, 0.033583, 0.033583, 0.033958, 0.033208, 0.033833, 0.033375, 0.033625, 0.033459, 0.034041, 0.033209, 0.034042, 0.033291, 0.033875, 0.033458, 0.033667, 0.0335]
long_Bf16_gather cast_f32 host median_ms=0.535250 p90_ms=0.547959 samples_ms=[0.558541, 0.549458, 0.544042, 0.5435420000000001, 0.5443340000000001, 0.52725, 0.528459, 0.537084, 0.535, 0.541625, 0.531042, 0.547959, 0.538416, 0.53825, 0.533167, 0.531416, 0.539708, 0.5351670000000001, 0.537625, 0.5332089999999999, 0.56125, 0.53525, 0.5403330000000001, 0.533292, 0.5272910000000001, 0.5349579999999999, 0.524667, 0.533667, 0.5297499999999999, 0.545709, 0.534916]
long_Bf16_gather cast_f32 gpu median_ms=0.091750 p90_ms=0.092833 samples_ms=[0.0925, 0.092375, 0.092541, 0.092375, 0.091791, 0.092208, 0.084042, 0.092584, 0.093292, 0.091708, 0.086, 0.092292, 0.086709, 0.092833, 0.092875, 0.092042, 0.086334, 0.091791, 0.09125, 0.092209, 0.083916, 0.09175, 0.09125, 0.084541, 0.083042, 0.085791, 0.091333, 0.092917, 0.091542, 0.083917, 0.083709]
long_Bf16_gather direct_low host median_ms=0.447500 p90_ms=0.456250 samples_ms=[0.459708, 0.448875, 0.452083, 0.448583, 0.449, 0.447291, 0.45237499999999997, 0.445417, 0.443417, 0.45037499999999997, 0.446709, 0.448625, 0.445583, 0.454166, 0.436583, 0.445417, 0.448833, 0.447209, 0.45625, 0.440625, 0.457875, 0.4475, 0.43841600000000003, 0.44825000000000004, 0.438666, 0.44420800000000005, 0.446458, 0.438458, 0.443083, 0.45875, 0.454916]
long_Bf16_gather direct_low gpu median_ms=0.045625 p90_ms=0.046459 samples_ms=[0.046333, 0.045709, 0.04625, 0.045667, 0.043167, 0.042291, 0.042708, 0.045792, 0.0465, 0.042458, 0.04625, 0.045583, 0.046875, 0.045625, 0.042375, 0.04225, 0.042625, 0.046041, 0.046459, 0.0455, 0.046125, 0.0425, 0.046042, 0.045416, 0.046125, 0.042791, 0.042667, 0.047292, 0.046042, 0.0455, 0.042542]
long_Bf16_compact cast_f32 host median_ms=0.911375 p90_ms=0.932167 samples_ms=[0.913292, 0.920083, 0.91025, 0.9212079999999999, 0.905375, 1.060334, 0.916708, 0.907542, 0.909291, 0.915, 0.910917, 0.9061250000000001, 0.906084, 0.903583, 0.898958, 0.912625, 0.914375, 0.9199590000000001, 0.932167, 0.900208, 0.908334, 0.901709, 0.907792, 1.0785829999999998, 0.921791, 0.906042, 0.916167, 0.908084, 0.914709, 0.943083, 0.9113749999999999]
long_Bf16_compact cast_f32 gpu median_ms=0.151334 p90_ms=0.154583 samples_ms=[0.154375, 0.144542, 0.151917, 0.155542, 0.147375, 0.149875, 0.154583, 0.149209, 0.149667, 0.153625, 0.143833, 0.144875, 0.141834, 0.144667, 0.145083, 0.153792, 0.145958, 0.151334, 0.146834, 0.152292, 0.150625, 0.143541, 0.153458, 0.154209, 0.152916, 0.151375, 0.15475, 0.15275, 0.148041, 0.154292, 0.155042]
long_Bf16_compact direct_low host median_ms=0.813167 p90_ms=0.824125 samples_ms=[0.818834, 0.821083, 0.813167, 0.823667, 0.8277920000000001, 0.808875, 0.819125, 0.813417, 0.817875, 0.813708, 0.812791, 0.813167, 0.807167, 0.806208, 0.804083, 0.796667, 0.809875, 0.813375, 0.829458, 0.824125, 0.8123330000000001, 0.815083, 0.904333, 0.808125, 0.808625, 0.807291, 0.806083, 0.8155, 0.807041, 0.808166, 0.80475]
long_Bf16_compact direct_low gpu median_ms=0.098291 p90_ms=0.101625 samples_ms=[0.094458, 0.094458, 0.094083, 0.094792, 0.097583, 0.097333, 0.100417, 0.098291, 0.100417, 0.099292, 0.098292, 0.105292, 0.098958, 0.097916, 0.0995, 0.097375, 0.09725, 0.097958, 0.099958, 0.094125, 0.100083, 0.095708, 0.094333, 0.098625, 0.101625, 0.098542, 0.10175, 0.104959, 0.097208, 0.094833, 0.099167]
long_Bf16_scan cast_f32 host median_ms=1.591708 p90_ms=1.758166 samples_ms=[1.745167, 1.3077500000000002, 1.634042, 1.328791, 1.765625, 1.291458, 1.6494579999999999, 1.31575, 1.6260000000000001, 1.315375, 1.767166, 1.294334, 1.662125, 1.3285829999999998, 1.5917080000000001, 1.355708, 1.673042, 1.306584, 1.7581660000000001, 1.324, 1.648959, 1.306583, 1.63125, 1.38675, 1.623792, 1.290708, 1.734959, 1.308583, 1.634667, 1.304416, 1.791583]
long_Bf16_scan cast_f32 gpu median_ms=0.162875 p90_ms=0.166250 samples_ms=[0.155792, 0.163625, 0.160875, 0.153834, 0.164542, 0.16625, 0.169458, 0.170042, 0.162875, 0.163917, 0.160458, 0.154875, 0.154166, 0.1585, 0.16325, 0.155375, 0.163167, 0.163708, 0.149875, 0.165041, 0.163667, 0.164709, 0.156334, 0.161083, 0.148208, 0.155125, 0.163417, 0.165042, 0.166916, 0.159875, 0.160417]
long_Bf16_scan direct_low host median_ms=1.268666 p90_ms=1.288416 samples_ms=[1.261, 1.2595, 1.27375, 1.2595830000000001, 1.259959, 1.2697500000000002, 1.267667, 1.358333, 1.26775, 1.276875, 1.2732080000000001, 1.2726250000000001, 1.273292, 1.2635, 1.2745, 1.288416, 1.290542, 1.276667, 1.27325, 1.265625, 1.266166, 1.2675, 1.268666, 1.2888330000000001, 1.2806250000000001, 1.268084, 1.257708, 1.287125, 1.264458, 1.258667, 1.266958]
long_Bf16_scan direct_low gpu median_ms=0.142375 p90_ms=0.149750 samples_ms=[0.142375, 0.139625, 0.144458, 0.140666, 0.151167, 0.148333, 0.141541, 0.130917, 0.139584, 0.13825, 0.146458, 0.147, 0.150959, 0.139958, 0.137333, 0.131333, 0.148833, 0.138625, 0.150833, 0.146791, 0.14725, 0.136208, 0.145875, 0.134875, 0.14675, 0.145666, 0.140166, 0.140291, 0.146291, 0.131458, 0.14975]
case=strided dtype=F16 rows=257 cols=1025 transpose=true packed_input_bytes=526852 index_count=259 mask_bytes=1053700 baseline_one_expanded_input_bytes=1053700
strided_F16_select cast_f32 host median_ms=1.596875 p90_ms=1.754959 samples_ms=[1.686583, 1.3310410000000001, 1.7420840000000002, 1.358875, 1.740458, 1.315042, 1.596875, 1.316292, 1.73975, 1.3463749999999999, 1.6065420000000001, 1.3190840000000001, 1.7706250000000001, 1.365, 1.685333, 1.381708, 1.754959, 1.3175000000000001, 1.6730829999999999, 1.357542, 1.741458, 1.343, 1.681041, 1.323, 1.321292, 2.0612920000000003, 1.625958, 1.326125, 1.8061660000000002, 1.348833, 1.710875]
strided_F16_select cast_f32 gpu median_ms=0.224667 p90_ms=0.228209 samples_ms=[0.225291, 0.219458, 0.222833, 0.222542, 0.22425, 0.221458, 0.226834, 0.225583, 0.228625, 0.221791, 0.225542, 0.218792, 0.222291, 0.219458, 0.229208, 0.224667, 0.228292, 0.225084, 0.221792, 0.226917, 0.227333, 0.22775, 0.224667, 0.224333, 0.224209, 0.227083, 0.222292, 0.221, 0.228209, 0.226125, 0.225125]
strided_F16_select direct_low host median_ms=1.082250 p90_ms=1.104833 samples_ms=[1.0745, 1.07175, 1.086834, 1.07625, 1.076333, 1.085375, 1.069459, 1.076125, 1.0822500000000002, 1.084333, 1.069792, 1.091583, 1.1002500000000002, 1.07175, 1.085083, 1.077667, 1.0865829999999999, 1.079291, 1.073709, 1.076916, 1.104833, 1.114792, 1.0701669999999999, 1.061542, 1.0947909999999998, 1.09, 1.155292, 1.1015000000000001, 1.104833, 1.107417, 1.0614999999999999]
strided_F16_select direct_low gpu median_ms=0.052667 p90_ms=0.058334 samples_ms=[0.06075, 0.052666, 0.056791, 0.052458, 0.058125, 0.052292, 0.058334, 0.052375, 0.055958, 0.052667, 0.05725, 0.052333, 0.0585, 0.052375, 0.052583, 0.052333, 0.056292, 0.052417, 0.056667, 0.052667, 0.064166, 0.052458, 0.05675, 0.052375, 0.056667, 0.052459, 0.05725, 0.052375, 0.057208, 0.052417, 0.057292]
strided_F16_gather cast_f32 host median_ms=0.692833 p90_ms=0.700458 samples_ms=[0.700458, 0.680291, 0.700333, 0.704625, 0.686792, 0.6966249999999999, 0.701916, 0.6944170000000001, 0.693417, 0.69275, 0.694625, 0.693291, 0.689625, 0.69775, 0.689167, 0.689709, 0.69175, 0.687125, 0.69375, 0.6725, 0.691709, 0.695542, 0.696417, 0.701291, 0.694333, 0.67875, 0.6865, 0.692833, 0.682334, 0.680083, 0.688625]
strided_F16_gather cast_f32 gpu median_ms=0.130625 p90_ms=0.132875 samples_ms=[0.131417, 0.131709, 0.130583, 0.131625, 0.124459, 0.134958, 0.120917, 0.132958, 0.125, 0.132417, 0.132833, 0.132875, 0.121459, 0.129291, 0.125208, 0.131917, 0.130833, 0.129667, 0.122042, 0.133167, 0.1245, 0.130708, 0.13175, 0.129792, 0.131375, 0.12925, 0.131334, 0.121459, 0.122334, 0.126375, 0.130625]
strided_F16_gather direct_low host median_ms=0.561417 p90_ms=0.567000 samples_ms=[0.582375, 0.551625, 0.5647500000000001, 0.552291, 0.566292, 0.566958, 0.562875, 0.561417, 0.562, 0.6561250000000001, 0.5582090000000001, 0.564542, 0.558334, 0.549667, 0.56925, 0.55825, 0.560583, 0.5630000000000001, 0.558042, 0.558125, 0.549542, 0.5555, 0.5670000000000001, 0.555958, 0.56175, 0.5569999999999999, 0.557584, 0.562417, 0.557875, 0.5645830000000001, 0.5664170000000001]
strided_F16_gather direct_low gpu median_ms=0.045583 p90_ms=0.048458 samples_ms=[0.045708, 0.045041, 0.045084, 0.045041, 0.048208, 0.044292, 0.04525, 0.04575, 0.048708, 0.04475, 0.048041, 0.044375, 0.0485, 0.045042, 0.048375, 0.048084, 0.048458, 0.047959, 0.045125, 0.049959, 0.048084, 0.044958, 0.047958, 0.04475, 0.048042, 0.044958, 0.045583, 0.045042, 0.048125, 0.044709, 0.045541]
strided_F16_compact cast_f32 host median_ms=1.774875 p90_ms=1.833750 samples_ms=[1.769959, 1.781875, 1.8342910000000001, 1.829875, 1.8224580000000001, 1.7835830000000001, 1.837458, 1.774875, 1.825, 1.6987919999999999, 1.834917, 1.3828340000000001, 1.803958, 1.3908749999999999, 1.742459, 1.4257499999999999, 1.778584, 1.508709, 1.653958, 1.797833, 1.83375, 1.807708, 1.806125, 1.749458, 1.808875, 1.422167, 1.6778330000000001, 1.416083, 1.724834, 1.372708, 1.3875]
strided_F16_compact cast_f32 gpu median_ms=0.233458 p90_ms=0.245334 samples_ms=[0.238875, 0.231417, 0.235625, 0.231125, 0.231333, 0.232875, 0.23275, 0.230625, 0.234333, 0.231667, 0.233375, 0.248667, 0.245334, 0.236875, 0.24275, 0.2485, 0.241333, 0.233458, 0.241583, 0.231458, 0.228, 0.2315, 0.229792, 0.229167, 0.23475, 0.236, 0.238708, 0.246834, 0.244417, 0.233083, 0.227541]
strided_F16_compact direct_low host median_ms=1.577166 p90_ms=1.706541 samples_ms=[1.658208, 1.623208, 1.651292, 1.6563750000000002, 1.720167, 1.706541, 1.7115, 1.6605, 1.62225, 1.7792089999999998, 1.577166, 1.516125, 1.258416, 1.2327919999999999, 1.2424160000000002, 1.2455829999999999, 1.2715420000000002, 1.3039589999999999, 1.672541, 1.6321249999999998, 1.696542, 1.648083, 1.371708, 1.373583, 1.638833, 1.249125, 1.275167, 1.234958, 1.226417, 1.240792, 1.248458]
strided_F16_compact direct_low gpu median_ms=0.139334 p90_ms=0.144875 samples_ms=[0.138584, 0.138375, 0.138875, 0.145125, 0.138959, 0.142833, 0.148417, 0.139084, 0.13875, 0.141208, 0.144625, 0.140667, 0.139334, 0.140708, 0.144166, 0.138083, 0.1415, 0.137375, 0.138375, 0.138333, 0.138375, 0.138625, 0.138333, 0.139625, 0.14, 0.142875, 0.145625, 0.137667, 0.144417, 0.137833, 0.144875]
strided_F16_scan cast_f32 host median_ms=2.598375 p90_ms=2.672959 samples_ms=[2.665625, 2.233125, 2.666875, 2.672959, 2.6782500000000002, 2.549083, 2.4965, 2.644333, 2.556208, 2.608459, 2.586041, 2.820667, 2.831833, 2.6176250000000003, 2.495708, 2.5985, 2.598375, 2.618916, 2.48725, 2.6039589999999997, 2.585375, 2.608833, 2.562875, 2.467375, 2.593542, 2.570125, 2.556333, 2.583375, 2.633458, 2.182584, 2.6640420000000002]
strided_F16_scan cast_f32 gpu median_ms=0.245709 p90_ms=0.253667 samples_ms=[0.244667, 0.244666, 0.247375, 0.2545, 0.245334, 0.254542, 0.245625, 0.2485, 0.242209, 0.247709, 0.239208, 0.25075, 0.243667, 0.240166, 0.257083, 0.245625, 0.239417, 0.240875, 0.244625, 0.241042, 0.248167, 0.2415, 0.245709, 0.249583, 0.246959, 0.25175, 0.246416, 0.246458, 0.245959, 0.253667, 0.244417]
strided_F16_scan direct_low host median_ms=2.545000 p90_ms=2.602000 samples_ms=[2.550083, 2.489584, 2.404084, 2.486833, 2.555459, 2.565833, 2.638875, 2.545, 2.6020000000000003, 2.634292, 2.478458, 2.51125, 2.566459, 2.474583, 2.553417, 2.461875, 2.584, 2.5786670000000003, 2.667709, 2.399125, 2.592042, 2.574625, 2.470583, 2.532834, 2.543959, 2.5364590000000002, 2.5809159999999998, 2.5521659999999997, 2.48575, 2.4957920000000002, 2.463916]
strided_F16_scan direct_low gpu median_ms=0.217583 p90_ms=0.226542 samples_ms=[0.215375, 0.21625, 0.221375, 0.218375, 0.216917, 0.21325, 0.217416, 0.222542, 0.21275, 0.226542, 0.214584, 0.210792, 0.217291, 0.218291, 0.218958, 0.214292, 0.219375, 0.220667, 0.223792, 0.227708, 0.227375, 0.216875, 0.228125, 0.219541, 0.217583, 0.213333, 0.216375, 0.216708, 0.222458, 0.222667, 0.214958]
case=strided dtype=Bf16 rows=257 cols=1025 transpose=true packed_input_bytes=526852 index_count=259 mask_bytes=1053700 baseline_one_expanded_input_bytes=1053700
strided_Bf16_select cast_f32 host median_ms=1.610875 p90_ms=1.731416 samples_ms=[1.7314159999999998, 1.3046659999999999, 1.695125, 1.719417, 1.615, 1.326125, 1.593791, 1.3209170000000001, 1.671, 1.3383749999999999, 1.727083, 1.398166, 1.703, 1.313083, 1.73325, 1.3140420000000002, 1.6758330000000001, 1.327291, 1.7298330000000002, 1.334708, 1.692875, 1.318042, 1.73925, 1.3122500000000001, 1.706542, 1.314541, 1.656209, 1.3179159999999999, 1.732834, 1.355, 1.6108749999999998]
strided_Bf16_select cast_f32 gpu median_ms=0.220167 p90_ms=0.223417 samples_ms=[0.222667, 0.218208, 0.216542, 0.2165, 0.218083, 0.210333, 0.220541, 0.223417, 0.214875, 0.220375, 0.226375, 0.214958, 0.2235, 0.218, 0.220166, 0.220667, 0.220375, 0.213125, 0.220167, 0.215792, 0.223667, 0.219833, 0.22225, 0.220542, 0.216625, 0.222583, 0.215834, 0.219875, 0.22275, 0.221458, 0.222]
strided_Bf16_select direct_low host median_ms=1.078792 p90_ms=1.106042 samples_ms=[1.070333, 1.0715830000000002, 1.0745, 1.085125, 1.106042, 1.07875, 1.076834, 1.061375, 1.093291, 1.0785420000000001, 1.1042910000000001, 1.116875, 1.219333, 1.083833, 1.0665, 1.089708, 1.067167, 1.064209, 1.079625, 1.0947500000000001, 1.070708, 1.087333, 1.105041, 1.2175420000000001, 1.07025, 1.093458, 1.078792, 1.086584, 1.069375, 1.0703749999999999, 1.0686660000000001]
strided_Bf16_select direct_low gpu median_ms=0.052958 p90_ms=0.056667 samples_ms=[0.057667, 0.052625, 0.056041, 0.052667, 0.056041, 0.052958, 0.056667, 0.052292, 0.056416, 0.052875, 0.058208, 0.052791, 0.056166, 0.052792, 0.05625, 0.052667, 0.055958, 0.052417, 0.055666, 0.052667, 0.0525, 0.052125, 0.056, 0.052833, 0.055916, 0.052667, 0.05725, 0.052292, 0.056542, 0.052583, 0.056167]
strided_Bf16_gather cast_f32 host median_ms=0.688791 p90_ms=0.702375 samples_ms=[0.6930000000000001, 0.687833, 0.68675, 0.692083, 0.68275, 0.714125, 0.684708, 0.706458, 0.678042, 0.686958, 0.686083, 0.687208, 0.702375, 0.68675, 0.685458, 0.6719160000000001, 0.683125, 0.680959, 0.6905830000000001, 0.689292, 0.688791, 0.696084, 0.7022499999999999, 0.6907909999999999, 0.705125, 0.6942079999999999, 0.691334, 0.6982499999999999, 0.694667, 0.672833, 0.683125]
strided_Bf16_gather cast_f32 gpu median_ms=0.127209 p90_ms=0.129833 samples_ms=[0.119792, 0.128042, 0.124417, 0.131459, 0.123416, 0.12875, 0.127, 0.128125, 0.130084, 0.119708, 0.128625, 0.126584, 0.125041, 0.125542, 0.127209, 0.128417, 0.129083, 0.121125, 0.129625, 0.123834, 0.129833, 0.120458, 0.127042, 0.126667, 0.129166, 0.130708, 0.123583, 0.127875, 0.123917, 0.127792, 0.129459]
strided_Bf16_gather direct_low host median_ms=0.564084 p90_ms=0.573833 samples_ms=[0.5575410000000001, 0.562042, 0.558542, 0.573833, 0.5525, 0.634167, 0.5640839999999999, 0.562042, 0.550875, 0.53625, 0.560083, 0.557125, 0.560291, 0.5515, 0.550333, 0.5311670000000001, 0.573459, 0.5680000000000001, 0.567542, 0.5657089999999999, 0.570208, 0.568708, 0.608459, 0.572917, 0.564709, 0.566042, 0.563083, 0.574, 0.572625, 0.5655410000000001, 0.5435]
strided_Bf16_gather direct_low gpu median_ms=0.046458 p90_ms=0.047500 samples_ms=[0.044625, 0.043542, 0.0475, 0.043625, 0.047875, 0.046958, 0.04425, 0.043542, 0.047584, 0.043375, 0.047042, 0.046625, 0.044833, 0.043166, 0.048042, 0.04675, 0.047, 0.043667, 0.045, 0.04675, 0.044375, 0.0475, 0.047333, 0.046334, 0.044333, 0.046458, 0.04725, 0.047208, 0.047167, 0.043875, 0.044625]
strided_Bf16_compact cast_f32 host median_ms=1.603709 p90_ms=1.809458 samples_ms=[1.8094579999999998, 1.395209, 1.38725, 1.400583, 1.774958, 1.4002089999999998, 1.8215, 1.392042, 1.7854590000000001, 1.397458, 1.76575, 1.553875, 1.750584, 1.3825, 1.8555, 1.3963750000000001, 1.796917, 1.3820830000000002, 1.6869999999999998, 1.603709, 1.8218329999999998, 1.41025, 1.775917, 1.376875, 1.753375, 1.3981670000000002, 1.765125, 1.377166, 1.754958, 1.405292, 1.7775]
strided_Bf16_compact cast_f32 gpu median_ms=0.243416 p90_ms=0.247500 samples_ms=[0.247209, 0.241958, 0.239375, 0.238417, 0.248625, 0.233875, 0.242375, 0.246459, 0.24725, 0.2495, 0.238875, 0.246625, 0.23425, 0.246875, 0.235583, 0.247459, 0.243083, 0.230625, 0.243417, 0.237917, 0.2475, 0.246042, 0.23425, 0.235542, 0.250917, 0.244666, 0.245583, 0.243416, 0.227958, 0.237333, 0.243541]
strided_Bf16_compact direct_low host median_ms=1.241791 p90_ms=1.266292 samples_ms=[1.232375, 1.237166, 1.2416669999999999, 1.237125, 1.243417, 1.236583, 1.2495, 1.2275, 1.2377079999999998, 1.2417909999999999, 1.232, 1.216041, 1.215625, 1.326167, 1.229542, 1.233625, 1.222917, 1.248542, 1.250875, 1.239125, 1.2511670000000001, 1.243375, 1.276458, 1.300958, 1.248875, 1.246583, 1.23175, 1.2455829999999999, 1.257667, 1.266292, 1.24675]
strided_Bf16_compact direct_low gpu median_ms=0.141459 p90_ms=0.146583 samples_ms=[0.146208, 0.141458, 0.14275, 0.137, 0.141458, 0.137333, 0.145125, 0.1365, 0.144833, 0.14025, 0.13575, 0.141083, 0.143708, 0.144334, 0.139166, 0.137625, 0.142708, 0.140916, 0.147667, 0.138209, 0.151958, 0.141459, 0.146583, 0.141375, 0.147, 0.142375, 0.146041, 0.137833, 0.145792, 0.140416, 0.142333]
strided_Bf16_scan cast_f32 host median_ms=2.616291 p90_ms=2.658000 samples_ms=[2.6797079999999998, 2.6285420000000004, 2.6316249999999997, 2.645625, 2.627167, 2.653667, 2.627583, 2.6162910000000004, 2.539792, 2.587875, 2.576, 2.5930419999999996, 2.6365, 2.5219169999999997, 2.6580000000000004, 2.555208, 2.509958, 2.5630409999999997, 2.636083, 2.499875, 2.729083, 2.545584, 2.583917, 2.629125, 2.550666, 2.650583, 2.572959, 2.581083, 2.746375, 2.610458, 2.6395]
strided_Bf16_scan cast_f32 gpu median_ms=0.249958 p90_ms=0.259291 samples_ms=[0.25175, 0.250167, 0.241375, 0.259208, 0.240417, 0.251208, 0.248125, 0.247833, 0.261292, 0.253375, 0.240917, 0.246166, 0.251292, 0.261334, 0.243667, 0.24775, 0.249958, 0.249334, 0.250083, 0.247792, 0.2515, 0.258042, 0.247666, 0.254625, 0.24675, 0.259834, 0.241291, 0.259291, 0.253167, 0.240916, 0.248708]
strided_Bf16_scan direct_low host median_ms=2.554000 p90_ms=2.669459 samples_ms=[2.802583, 2.587583, 2.695958, 2.589833, 2.669459, 2.470458, 2.6744999999999997, 2.554, 2.576834, 2.615625, 2.549417, 2.5789590000000002, 2.621667, 2.607458, 2.643875, 2.5275, 2.4896670000000003, 2.501709, 2.536708, 2.505083, 2.5444999999999998, 2.498667, 2.623584, 2.540959, 2.466208, 2.516917, 2.538209, 2.591, 2.641291, 2.4656249999999997, 2.5059169999999997]
strided_Bf16_scan direct_low gpu median_ms=0.215625 p90_ms=0.218666 samples_ms=[0.215125, 0.2165, 0.218167, 0.215625, 0.21625, 0.217292, 0.2125, 0.212, 0.216292, 0.216083, 0.208375, 0.2175, 0.208, 0.216167, 0.218041, 0.218958, 0.212541, 0.211084, 0.217083, 0.209208, 0.207417, 0.207125, 0.216916, 0.207625, 0.21225, 0.214084, 0.214666, 0.219125, 0.219042, 0.218666, 0.214292]
