warning: binary `wgsl_export` should have a kebab-case name
  |
1 | /Users/themoretheless/Documents/Sources/open-scad-viewer/crates/target/.../wgsl_export
  |                                                                            ^^^^^^^^^^^
  |
  = note: `cargo::non_kebab_case_bins` is set to `warn` by default
help: to change the binary name to `wgsl-export`, convert the file stem
  |
1 - src/bin/wgsl_export.rs
1 + src/bin/wgsl-export.rs
  |
warning: `raster-core` (manifest) generated 1 warning
    Finished `release` profile [optimized] target(s) in 0.05s
     Running `crates/target/release/examples/bench_tensor_low_scatter`
backend=metal;31 rotated samples;200ms warmup;resident low base/updates and u32 indices;reused programs;separate unprofiled host+readback and GPU shared-pass timings;all low values and invalid counts checked every run
case=small dtype=F16 rows=17 cols=19 indices=67 destinations=19 transpose=false base_numel=323 update_numel=1139 removed_f32_base_bytes=1292 removed_f32_updates_bytes=4556
small_F16_Replace cast_f32 host median_ms=0.153292 p90_ms=0.158083 samples_ms=[0.146167, 0.13533299999999998, 0.144084, 0.12675, 0.212334, 0.128, 0.1575, 0.15395799999999998, 0.153, 0.140208, 0.139791, 0.155625, 0.156792, 0.137667, 0.19075, 0.141709, 0.13712500000000002, 0.151291, 0.158083, 0.155417, 0.15329199999999998, 0.153458, 0.143375, 0.160042, 0.156542, 0.138875, 0.155667, 0.155958, 0.1515, 0.15437499999999998, 0.155875]
small_F16_Replace cast_f32 gpu median_ms=0.027792 p90_ms=0.028292 samples_ms=[0.025333, 0.025542, 0.024875, 0.0255, 0.025833, 0.025542, 0.028292, 0.028375, 0.028167, 0.027875, 0.02525, 0.028125, 0.028208, 0.024959, 0.025166, 0.027792, 0.028208, 0.02825, 0.025667, 0.025125, 0.028083, 0.027542, 0.02825, 0.025167, 0.028167, 0.028291, 0.028459, 0.028375, 0.025208, 0.028167, 0.025791]
small_F16_Replace direct_low host median_ms=0.144167 p90_ms=0.151208 samples_ms=[0.15125, 0.127542, 0.120583, 0.12012500000000001, 0.125375, 0.232125, 0.14408300000000002, 0.14775000000000002, 0.147458, 0.14325000000000002, 0.154584, 0.13170900000000002, 0.143458, 0.130584, 0.133083, 0.146208, 0.132375, 0.144666, 0.151208, 0.14941600000000002, 0.144458, 0.150333, 0.136375, 0.141875, 0.149167, 0.13012500000000002, 0.146916, 0.14550000000000002, 0.14416700000000002, 0.147458, 0.134791]
small_F16_Replace direct_low gpu median_ms=0.020583 p90_ms=0.021542 samples_ms=[0.018667, 0.0195, 0.018833, 0.019167, 0.018792, 0.019583, 0.021125, 0.021542, 0.021083, 0.021542, 0.021042, 0.018667, 0.021125, 0.018334, 0.018417, 0.02125, 0.020583, 0.021375, 0.018667, 0.021667, 0.019042, 0.021583, 0.018708, 0.018541, 0.021208, 0.018541, 0.021083, 0.02125, 0.021292, 0.021291, 0.018708]
small_F16_Add cast_f32 host median_ms=0.147708 p90_ms=0.218000 samples_ms=[0.195708, 0.20158299999999998, 0.199125, 0.21800000000000003, 0.1975, 0.219417, 0.217125, 0.21787499999999999, 0.218125, 0.13783299999999998, 0.146375, 0.157584, 0.146334, 0.13774999999999998, 0.13433299999999998, 0.147708, 0.142459, 0.146375, 0.28412499999999996, 0.148458, 0.136834, 0.147666, 0.146208, 0.160333, 0.146, 0.133041, 0.145917, 0.140375, 0.15512499999999999, 0.151792, 0.146416]
small_F16_Add cast_f32 gpu median_ms=0.024209 p90_ms=0.089167 samples_ms=[0.086375, 0.086041, 0.086416, 0.089167, 0.086, 0.089875, 0.09, 0.089375, 0.08375, 0.022167, 0.024083, 0.024167, 0.02425, 0.024542, 0.021917, 0.02225, 0.021834, 0.024542, 0.0225, 0.024166, 0.024084, 0.024417, 0.022083, 0.022209, 0.022041, 0.0245, 0.0225, 0.024209, 0.024, 0.024459, 0.022542]
small_F16_Add direct_low host median_ms=0.142917 p90_ms=0.201708 samples_ms=[0.201708, 0.190417, 0.189, 0.2085, 0.20325000000000001, 0.186417, 0.203708, 0.194333, 0.154042, 0.13224999999999998, 0.143375, 0.13658299999999998, 0.141667, 0.129209, 0.12687500000000002, 0.125833, 0.140209, 0.14266600000000002, 0.145833, 0.129625, 0.142917, 0.141125, 0.145666, 0.13325, 0.136792, 0.144792, 0.14575, 0.13924999999999998, 0.145917, 0.142208, 0.142375]
small_F16_Add direct_low gpu median_ms=0.019041 p90_ms=0.075208 samples_ms=[0.0755, 0.071958, 0.07325, 0.074917, 0.077875, 0.075208, 0.076334, 0.069333, 0.018417, 0.017625, 0.019625, 0.018958, 0.018333, 0.017583, 0.018167, 0.017834, 0.01775, 0.017667, 0.01975, 0.019041, 0.018291, 0.019167, 0.019625, 0.017583, 0.019, 0.019166, 0.019458, 0.017708, 0.017916, 0.018834, 0.0195]
small_F16_Multiply cast_f32 host median_ms=0.128958 p90_ms=0.130916 samples_ms=[0.127167, 0.130792, 0.129917, 0.127292, 0.127542, 0.1295, 0.130958, 0.130084, 0.129792, 0.129375, 0.129625, 0.12904100000000002, 0.127667, 0.127083, 0.130042, 0.128917, 0.2385, 0.12895800000000002, 0.12875, 0.12995800000000002, 0.130916, 0.127833, 0.128708, 0.127167, 0.12754100000000002, 0.12825, 0.128334, 0.128083, 0.139166, 0.12875, 0.13025]
small_F16_Multiply cast_f32 gpu median_ms=0.021708 p90_ms=0.022208 samples_ms=[0.021291, 0.022166, 0.021291, 0.021917, 0.021458, 0.02175, 0.021333, 0.022, 0.021625, 0.022209, 0.021708, 0.022417, 0.021708, 0.022208, 0.021708, 0.022166, 0.021667, 0.022208, 0.0215, 0.022, 0.021291, 0.022, 0.021333, 0.022, 0.021625, 0.022042, 0.021625, 0.022458, 0.021584, 0.022084, 0.021625]
small_F16_Multiply direct_low host median_ms=0.124125 p90_ms=0.125833 samples_ms=[0.12695800000000002, 0.12266600000000001, 0.125541, 0.12475, 0.12345800000000001, 0.12224999999999998, 0.12375, 0.12425000000000001, 0.12475, 0.12520799999999999, 0.125833, 0.12283300000000001, 0.125417, 0.12275, 0.124833, 0.125166, 0.125958, 0.12370799999999998, 0.12470800000000001, 0.12283300000000001, 0.12483399999999999, 0.121541, 0.122875, 0.12237500000000001, 0.123166, 0.12025, 0.121833, 0.125542, 0.123333, 0.126542, 0.124125]
small_F16_Multiply direct_low gpu median_ms=0.017708 p90_ms=0.017958 samples_ms=[0.017958, 0.017542, 0.017416, 0.017459, 0.017459, 0.017584, 0.017792, 0.017958, 0.017792, 0.017708, 0.017792, 0.017792, 0.017875, 0.017625, 0.017666, 0.017625, 0.017958, 0.017708, 0.01775, 0.0175, 0.017666, 0.017583, 0.017708, 0.017666, 0.0175, 0.017541, 0.017958, 0.017541, 0.01775, 0.01775, 0.01775]
small_F16_Min cast_f32 host median_ms=0.128125 p90_ms=0.133542 samples_ms=[0.129584, 0.126625, 0.126834, 0.139291, 0.129708, 0.13733399999999998, 0.126417, 0.129333, 0.12720900000000002, 0.13279200000000002, 0.12879100000000002, 0.12758299999999997, 0.1285, 0.12875, 0.128, 0.127834, 0.127833, 0.127083, 0.127625, 0.133542, 0.129542, 0.128083, 0.12812500000000002, 0.126292, 0.12774999999999997, 0.132542, 0.124917, 0.22170800000000002, 0.12879100000000002, 0.12725, 0.12879100000000002]
small_F16_Min cast_f32 gpu median_ms=0.021792 p90_ms=0.022042 samples_ms=[0.022042, 0.021709, 0.021875, 0.02175, 0.021792, 0.021584, 0.021625, 0.022083, 0.022041, 0.021917, 0.021708, 0.021708, 0.021875, 0.022, 0.021917, 0.021917, 0.022042, 0.021792, 0.022208, 0.021541, 0.022084, 0.021417, 0.02175, 0.02175, 0.021791, 0.021958, 0.021709, 0.021584, 0.022042, 0.021875, 0.021625]
small_F16_Min direct_low host median_ms=0.120000 p90_ms=0.121959 samples_ms=[0.121959, 0.11204099999999999, 0.115, 0.12295900000000001, 0.112, 0.236041, 0.119959, 0.121333, 0.11975, 0.120667, 0.12029200000000001, 0.120833, 0.120375, 0.12000000000000001, 0.119541, 0.11887500000000001, 0.21845900000000001, 0.111792, 0.11508299999999999, 0.121, 0.12095900000000001, 0.114833, 0.113458, 0.11900000000000001, 0.12000000000000001, 0.12141700000000001, 0.11204099999999999, 0.119125, 0.120666, 0.119959, 0.121791]
small_F16_Min direct_low gpu median_ms=0.016125 p90_ms=0.016416 samples_ms=[0.015959, 0.016125, 0.016, 0.016291, 0.016041, 0.016083, 0.016, 0.016375, 0.015833, 0.016292, 0.016083, 0.01625, 0.015959, 0.015958, 0.015792, 0.016, 0.015916, 0.016416, 0.016125, 0.016667, 0.016125, 0.0165, 0.01625, 0.016333, 0.016209, 0.016125, 0.015917, 0.016125, 0.01625, 0.016292, 0.016417]
small_F16_Max cast_f32 host median_ms=0.140500 p90_ms=0.146792 samples_ms=[0.124583, 0.12645800000000001, 0.124167, 0.12245800000000001, 0.12224999999999998, 0.143042, 0.148708, 0.14100000000000001, 0.137542, 0.13999999999999999, 0.141208, 0.146792, 0.13899999999999998, 0.13954200000000003, 0.140959, 0.137458, 0.13483399999999998, 0.1405, 0.141292, 0.13924999999999998, 0.13954200000000003, 0.14375, 0.14612499999999998, 0.142292, 0.135833, 0.141333, 0.140541, 0.218583, 0.150667, 0.14408300000000002, 0.136375]
small_F16_Max cast_f32 gpu median_ms=0.022042 p90_ms=0.022333 samples_ms=[0.021917, 0.022208, 0.022, 0.02225, 0.022084, 0.02225, 0.02175, 0.022334, 0.022042, 0.02225, 0.021917, 0.022333, 0.022041, 0.022458, 0.022041, 0.022208, 0.022042, 0.022333, 0.021875, 0.022333, 0.021917, 0.022125, 0.022, 0.022042, 0.021708, 0.022292, 0.021917, 0.02225, 0.021916, 0.022125, 0.021792]
small_F16_Max direct_low host median_ms=0.126500 p90_ms=0.133250 samples_ms=[0.111542, 0.111625, 0.10925, 0.116583, 0.127625, 0.12620900000000002, 0.13262500000000002, 0.133875, 0.132041, 0.128667, 0.125, 0.125833, 0.125583, 0.122292, 0.125, 0.1215, 0.130708, 0.13325, 0.1265, 0.125709, 0.12237500000000001, 0.137208, 0.12466699999999999, 0.127584, 0.127167, 0.12725, 0.256583, 0.12945900000000002, 0.128041, 0.127417, 0.122]
small_F16_Max direct_low gpu median_ms=0.016583 p90_ms=0.017042 samples_ms=[0.017, 0.016458, 0.016541, 0.016667, 0.016708, 0.016333, 0.017125, 0.0165, 0.017042, 0.016375, 0.016583, 0.016459, 0.016709, 0.016375, 0.016667, 0.016583, 0.017, 0.0165, 0.017125, 0.016458, 0.016792, 0.016459, 0.016667, 0.016292, 0.01675, 0.016583, 0.016542, 0.016708, 0.016833, 0.016333, 0.017042]
case=small dtype=Bf16 rows=17 cols=19 indices=67 destinations=19 transpose=false base_numel=323 update_numel=1139 removed_f32_base_bytes=1292 removed_f32_updates_bytes=4556
small_Bf16_Replace cast_f32 host median_ms=0.133458 p90_ms=0.142709 samples_ms=[0.13999999999999999, 0.142209, 0.14341700000000002, 0.142709, 0.138208, 0.139209, 0.131541, 0.12812500000000002, 0.130708, 0.134125, 0.13345800000000002, 0.133, 0.132333, 0.127542, 0.13125, 0.128083, 0.127584, 0.12975, 0.127959, 0.131083, 0.127166, 0.128667, 0.12670800000000002, 0.140208, 0.141291, 0.14308300000000002, 0.149333, 0.140292, 0.139042, 0.140959, 0.140375]
small_Bf16_Replace cast_f32 gpu median_ms=0.025000 p90_ms=0.025333 samples_ms=[0.024875, 0.025167, 0.025042, 0.024875, 0.024916, 0.025291, 0.024917, 0.024917, 0.024833, 0.024833, 0.025, 0.024917, 0.025083, 0.02475, 0.024792, 0.024916, 0.024875, 0.024916, 0.025208, 0.024875, 0.025125, 0.024834, 0.025, 0.025083, 0.025167, 0.025333, 0.025291, 0.025375, 0.025542, 0.025166, 0.02575]
small_Bf16_Replace direct_low host median_ms=0.124875 p90_ms=0.137375 samples_ms=[0.131959, 0.140375, 0.138792, 0.13683299999999998, 0.13487500000000002, 0.13425, 0.1265, 0.12033400000000001, 0.11983300000000001, 0.12012500000000001, 0.126125, 0.121666, 0.12320899999999999, 0.12029100000000001, 0.12270900000000001, 0.120083, 0.122958, 0.12029100000000001, 0.122708, 0.124125, 0.119875, 0.124, 0.121291, 0.12487500000000001, 0.134792, 0.21979200000000002, 0.13549999999999998, 0.13125, 0.133042, 0.13279200000000002, 0.137375]
small_Bf16_Replace direct_low gpu median_ms=0.018750 p90_ms=0.019125 samples_ms=[0.018583, 0.018417, 0.019167, 0.018834, 0.019125, 0.018792, 0.018833, 0.018292, 0.01875, 0.018416, 0.018833, 0.0185, 0.018792, 0.0185, 0.018834, 0.018417, 0.018625, 0.018541, 0.018917, 0.018333, 0.01875, 0.018333, 0.018708, 0.018292, 0.019125, 0.019083, 0.020041, 0.019, 0.019333, 0.01875, 0.019125]
small_Bf16_Add cast_f32 host median_ms=0.137666 p90_ms=0.148416 samples_ms=[0.146583, 0.137958, 0.145375, 0.13908299999999998, 0.150042, 0.145916, 0.14675, 0.145125, 0.146042, 0.134917, 0.13416599999999998, 0.134083, 0.132125, 0.131292, 0.131625, 0.128916, 0.129333, 0.12829200000000002, 0.127083, 0.135083, 0.132166, 0.13433299999999998, 0.131875, 0.14441700000000002, 0.205791, 0.145208, 0.14841600000000002, 0.152333, 0.13766599999999998, 0.14404199999999998, 0.133125]
small_Bf16_Add cast_f32 gpu median_ms=0.022291 p90_ms=0.024375 samples_ms=[0.023417, 0.024375, 0.023292, 0.022291, 0.02325, 0.024042, 0.02125, 0.024125, 0.023291, 0.021958, 0.021667, 0.022167, 0.021166, 0.021709, 0.021416, 0.021916, 0.021333, 0.022042, 0.021333, 0.022208, 0.021625, 0.022333, 0.02175, 0.024166, 0.023792, 0.0245, 0.022917, 0.024667, 0.023833, 0.024958, 0.022]
small_Bf16_Add direct_low host median_ms=0.129750 p90_ms=0.141875 samples_ms=[0.141375, 0.130209, 0.135625, 0.14162499999999997, 0.12625, 0.134666, 0.1415, 0.149125, 0.12787500000000002, 0.12975, 0.1265, 0.126917, 0.12825, 0.12804200000000002, 0.12587500000000001, 0.123375, 0.124167, 0.12408300000000001, 0.124583, 0.12420899999999999, 0.125709, 0.125292, 0.12449999999999999, 0.136375, 0.1375, 0.1315, 0.143042, 0.13224999999999998, 0.130042, 0.141875, 0.144875]
small_Bf16_Add direct_low gpu median_ms=0.018041 p90_ms=0.019500 samples_ms=[0.019375, 0.017583, 0.019333, 0.01925, 0.019458, 0.019166, 0.0195, 0.017875, 0.017875, 0.017875, 0.018041, 0.017709, 0.017709, 0.017667, 0.017917, 0.017708, 0.01775, 0.017666, 0.018083, 0.018, 0.017791, 0.017709, 0.018208, 0.017667, 0.018375, 0.018458, 0.020042, 0.01975, 0.018417, 0.019875, 0.018416]
small_Bf16_Multiply cast_f32 host median_ms=0.141542 p90_ms=0.144625 samples_ms=[0.141542, 0.144958, 0.138208, 0.153291, 0.144125, 0.143375, 0.143041, 0.144208, 0.138291, 0.132333, 0.129167, 0.14308300000000002, 0.141709, 0.144458, 0.136667, 0.14370799999999997, 0.140208, 0.143458, 0.143583, 0.12825, 0.138292, 0.144625, 0.136167, 0.149875, 0.140458, 0.13158399999999998, 0.1285, 0.131125, 0.12812500000000002, 0.14266600000000002, 0.141042]
small_Bf16_Multiply cast_f32 gpu median_ms=0.022084 p90_ms=0.023708 samples_ms=[0.024375, 0.023833, 0.023375, 0.023125, 0.023792, 0.023125, 0.022084, 0.022959, 0.021584, 0.0215, 0.021584, 0.023583, 0.021583, 0.022166, 0.023708, 0.023125, 0.021916, 0.023208, 0.023584, 0.021375, 0.023625, 0.021667, 0.021584, 0.023042, 0.021334, 0.02125, 0.021875, 0.021208, 0.021583, 0.021125, 0.021708]
small_Bf16_Multiply direct_low host median_ms=0.135834 p90_ms=0.141833 samples_ms=[0.14300000000000002, 0.140375, 0.12875, 0.12795800000000002, 0.14091599999999999, 0.140166, 0.140334, 0.14308300000000002, 0.140042, 0.129083, 0.142333, 0.1375, 0.140542, 0.13541599999999998, 0.13825, 0.14183300000000001, 0.129959, 0.133958, 0.126542, 0.129209, 0.137458, 0.11883300000000001, 0.12904100000000002, 0.138583, 0.12191700000000001, 0.12370799999999998, 0.1365, 0.130625, 0.13583399999999998, 0.129959, 0.12425000000000001]
small_Bf16_Multiply direct_low gpu median_ms=0.018875 p90_ms=0.019083 samples_ms=[0.019709, 0.019584, 0.017209, 0.019083, 0.018958, 0.019041, 0.018833, 0.019209, 0.019083, 0.017458, 0.018083, 0.019083, 0.018875, 0.019042, 0.01825, 0.019042, 0.017333, 0.019083, 0.017125, 0.017667, 0.019, 0.019042, 0.01725, 0.019083, 0.017333, 0.017583, 0.018875, 0.017333, 0.017375, 0.017292, 0.017208]
small_Bf16_Min cast_f32 host median_ms=0.147625 p90_ms=0.155000 samples_ms=[0.129834, 0.134625, 0.135375, 0.147458, 0.146708, 0.13566699999999998, 0.132833, 0.14775000000000002, 0.143583, 0.149125, 0.148, 0.151542, 0.146417, 0.146583, 0.144709, 0.147625, 0.14458400000000002, 0.145666, 0.146666, 0.155083, 0.15604099999999999, 0.150042, 0.155, 0.153458, 0.153792, 0.14766700000000002, 0.142541, 0.147792, 0.157167, 0.150709, 0.151709]
small_Bf16_Min cast_f32 gpu median_ms=0.023792 p90_ms=0.024834 samples_ms=[0.02175, 0.021459, 0.022084, 0.023791, 0.024083, 0.021208, 0.021625, 0.021333, 0.023791, 0.023542, 0.021666, 0.024, 0.023792, 0.023959, 0.023834, 0.021209, 0.023875, 0.024083, 0.022125, 0.024042, 0.024916, 0.024875, 0.024708, 0.024333, 0.024916, 0.024834, 0.024708, 0.021917, 0.022417, 0.024375, 0.022542]
small_Bf16_Min direct_low host median_ms=0.139000 p90_ms=0.145292 samples_ms=[0.11925, 0.12787500000000002, 0.143667, 0.141125, 0.143834, 0.138458, 0.138083, 0.13658299999999998, 0.13699999999999998, 0.121709, 0.140833, 0.13899999999999998, 0.13791699999999998, 0.143917, 0.136208, 0.14125, 0.137209, 0.138375, 0.123125, 0.134375, 0.146417, 0.144583, 0.14529199999999998, 0.14375, 0.142708, 0.144333, 0.14533300000000002, 0.145625, 0.12362500000000001, 0.145208, 0.12625]
small_Bf16_Min direct_low gpu median_ms=0.016667 p90_ms=0.017792 samples_ms=[0.015458, 0.015834, 0.0175, 0.015667, 0.017208, 0.015916, 0.017542, 0.016291, 0.017042, 0.016, 0.016208, 0.015708, 0.0155, 0.015584, 0.017417, 0.015875, 0.017083, 0.017458, 0.015667, 0.015667, 0.015666, 0.017833, 0.018208, 0.018667, 0.016083, 0.016792, 0.017792, 0.016667, 0.017042, 0.016792, 0.017042]
small_Bf16_Max cast_f32 host median_ms=0.134083 p90_ms=0.148208 samples_ms=[0.14929099999999998, 0.141375, 0.14166600000000001, 0.146959, 0.14008400000000001, 0.149292, 0.147125, 0.14341700000000002, 0.147209, 0.130958, 0.13449999999999998, 0.134042, 0.129875, 0.13316599999999998, 0.13679100000000002, 0.129708, 0.129917, 0.13070900000000002, 0.128792, 0.132875, 0.131958, 0.132958, 0.13245800000000002, 0.134083, 0.135459, 0.130958, 0.128583, 0.23916700000000002, 0.129709, 0.14820799999999998, 0.14633300000000002]
small_Bf16_Max cast_f32 gpu median_ms=0.022042 p90_ms=0.023958 samples_ms=[0.023958, 0.021958, 0.023917, 0.024334, 0.022208, 0.024166, 0.023167, 0.023208, 0.023917, 0.021792, 0.021791, 0.021792, 0.021708, 0.022042, 0.021583, 0.022083, 0.021541, 0.021875, 0.021625, 0.02225, 0.021708, 0.021792, 0.021833, 0.022208, 0.021917, 0.022125, 0.021792, 0.024041, 0.023667, 0.021709, 0.023833]
small_Bf16_Max direct_low host median_ms=0.125500 p90_ms=0.140334 samples_ms=[0.138375, 0.13983299999999999, 0.125459, 0.13904100000000003, 0.13349999999999998, 0.140334, 0.251917, 0.140334, 0.13954200000000003, 0.127667, 0.12454100000000001, 0.12324999999999998, 0.122333, 0.1255, 0.123958, 0.124709, 0.12275, 0.120833, 0.122166, 0.122125, 0.12362500000000001, 0.130875, 0.12408300000000001, 0.120833, 0.12300000000000001, 0.123041, 0.1315, 0.13708399999999998, 0.136291, 0.13425, 0.1445]
small_Bf16_Max direct_low gpu median_ms=0.016583 p90_ms=0.018042 samples_ms=[0.017792, 0.017709, 0.018042, 0.017333, 0.016292, 0.017542, 0.018334, 0.017666, 0.016667, 0.016084, 0.016292, 0.016084, 0.016667, 0.015667, 0.016416, 0.016083, 0.016542, 0.016333, 0.016875, 0.016417, 0.016625, 0.01625, 0.016208, 0.016416, 0.01675, 0.01625, 0.016583, 0.016083, 0.018125, 0.016833, 0.018417]
case=unique dtype=F16 rows=257 cols=1025 indices=1027 destinations=1025 transpose=false base_numel=263425 update_numel=263939 removed_f32_base_bytes=1053700 removed_f32_updates_bytes=1055756
unique_F16_Replace cast_f32 host median_ms=0.271167 p90_ms=0.282667 samples_ms=[0.27304199999999995, 0.255458, 0.27537500000000004, 0.264292, 0.262208, 0.252042, 0.269959, 0.27479099999999995, 0.268334, 0.25387499999999996, 0.264416, 0.27920799999999996, 0.271333, 0.26629200000000003, 0.259, 0.271167, 0.33849999999999997, 0.282667, 0.272, 0.267875, 0.279417, 0.35100000000000003, 0.285458, 0.258833, 0.27975, 0.273667, 0.27779200000000004, 0.255708, 0.255125, 0.26275000000000004, 0.276959]
unique_F16_Replace cast_f32 gpu median_ms=0.089791 p90_ms=0.094916 samples_ms=[0.09, 0.083291, 0.09475, 0.090125, 0.089583, 0.082459, 0.084917, 0.0875, 0.090833, 0.0875, 0.095, 0.094541, 0.082125, 0.087208, 0.089833, 0.087167, 0.082167, 0.094916, 0.089917, 0.089708, 0.082583, 0.087292, 0.095208, 0.090167, 0.090458, 0.096, 0.081708, 0.081959, 0.09475, 0.089791, 0.09275]
unique_F16_Replace direct_low host median_ms=0.216292 p90_ms=0.220416 samples_ms=[0.218583, 0.217375, 0.220167, 0.217542, 0.205625, 0.210667, 0.226209, 0.217, 0.218333, 0.202, 0.21954200000000001, 0.217917, 0.220416, 0.205583, 0.212708, 0.222167, 0.207083, 0.207417, 0.20983300000000002, 0.205209, 0.216292, 0.20425000000000001, 0.21783300000000003, 0.220667, 0.217166, 0.21945800000000001, 0.205708, 0.206209, 0.2155, 0.210459, 0.215958]
unique_F16_Replace direct_low gpu median_ms=0.039000 p90_ms=0.040458 samples_ms=[0.040208, 0.038833, 0.039625, 0.040542, 0.038625, 0.038584, 0.039541, 0.040333, 0.039166, 0.038583, 0.038541, 0.0405, 0.038042, 0.039042, 0.038292, 0.039375, 0.038791, 0.038542, 0.038292, 0.038125, 0.039625, 0.040458, 0.04, 0.0405, 0.039, 0.040375, 0.038709, 0.038042, 0.038833, 0.038584, 0.039541]
unique_F16_Add cast_f32 host median_ms=0.258208 p90_ms=0.274791 samples_ms=[0.266791, 0.265875, 0.255458, 0.24975000000000003, 0.260167, 0.25033299999999997, 0.263625, 0.259375, 0.25804099999999996, 0.250958, 0.304583, 0.256625, 0.257416, 0.275959, 0.261417, 0.25275, 0.260083, 0.251, 0.277167, 0.256, 0.257875, 0.261334, 0.253167, 0.25225, 0.27479099999999995, 0.24825, 0.27375, 0.258208, 0.25704200000000005, 0.269584, 0.268334]
unique_F16_Add cast_f32 gpu median_ms=0.084625 p90_ms=0.091583 samples_ms=[0.084, 0.092292, 0.078708, 0.083958, 0.084708, 0.0815, 0.086541, 0.091583, 0.084583, 0.0845, 0.084417, 0.088667, 0.088625, 0.084625, 0.078708, 0.0875, 0.078834, 0.088209, 0.0835, 0.087167, 0.078042, 0.091875, 0.078083, 0.092209, 0.089125, 0.0795, 0.084917, 0.086666, 0.07825, 0.087208, 0.083125]
unique_F16_Add direct_low host median_ms=0.231459 p90_ms=0.236708 samples_ms=[0.23125, 0.23358299999999999, 0.215292, 0.216083, 0.221334, 0.21895799999999999, 0.234458, 0.23374999999999999, 0.233875, 0.22204200000000002, 0.233667, 0.229, 0.237292, 0.23299999999999998, 0.2205, 0.226375, 0.234125, 0.225333, 0.231459, 0.236708, 0.221916, 0.248875, 0.232125, 0.239209, 0.235083, 0.229, 0.227292, 0.220167, 0.23166699999999998, 0.22808299999999998, 0.23358299999999999]
unique_F16_Add direct_low gpu median_ms=0.054250 p90_ms=0.058667 samples_ms=[0.052667, 0.05425, 0.055167, 0.055, 0.049125, 0.056583, 0.053084, 0.05825, 0.049875, 0.053, 0.054292, 0.054875, 0.054208, 0.049667, 0.049084, 0.052584, 0.056417, 0.059292, 0.052459, 0.059083, 0.056583, 0.0565, 0.056625, 0.049791, 0.05775, 0.05925, 0.053583, 0.052792, 0.049875, 0.05425, 0.058667]
unique_F16_Multiply cast_f32 host median_ms=0.262167 p90_ms=0.275667 samples_ms=[0.269917, 0.265625, 0.260209, 0.275667, 0.265208, 0.27216700000000005, 0.262125, 0.276708, 0.312458, 0.272541, 0.281875, 0.260708, 0.251958, 0.249166, 0.259, 0.25583300000000003, 0.253167, 0.251084, 0.251542, 0.262167, 0.260708, 0.252667, 0.26120800000000005, 0.27554100000000004, 0.265667, 0.255708, 0.253208, 0.267542, 0.26733300000000004, 0.268166, 0.263625]
unique_F16_Multiply cast_f32 gpu median_ms=0.083958 p90_ms=0.087875 samples_ms=[0.086833, 0.083583, 0.086875, 0.08525, 0.086125, 0.084, 0.090417, 0.081416, 0.078625, 0.078875, 0.083625, 0.082125, 0.080667, 0.082542, 0.083375, 0.081459, 0.088208, 0.081792, 0.083958, 0.084417, 0.084959, 0.081875, 0.091041, 0.087875, 0.08625, 0.085333, 0.082333, 0.0805, 0.086417, 0.081542, 0.086167]
unique_F16_Multiply direct_low host median_ms=0.223042 p90_ms=0.235750 samples_ms=[0.230334, 0.230875, 0.220875, 0.227959, 0.22975, 0.224, 0.232083, 0.22225, 0.237083, 0.237834, 0.22304200000000002, 0.22716699999999998, 0.218917, 0.2165, 0.215541, 0.21875, 0.222416, 0.22262500000000002, 0.219917, 0.22612500000000002, 0.21412499999999998, 0.217333, 0.23616600000000001, 0.234125, 0.218167, 0.23575000000000002, 0.234792, 0.22062500000000002, 0.229875, 0.219875, 0.222125]
unique_F16_Multiply direct_low gpu median_ms=0.051834 p90_ms=0.055250 samples_ms=[0.049708, 0.051834, 0.048916, 0.0495, 0.054875, 0.052167, 0.05525, 0.049125, 0.052125, 0.056583, 0.051625, 0.049417, 0.051791, 0.050833, 0.051625, 0.055291, 0.052333, 0.052083, 0.049833, 0.051834, 0.048833, 0.048833, 0.056125, 0.052083, 0.049166, 0.049125, 0.05275, 0.051792, 0.053916, 0.052042, 0.0535]
unique_F16_Min cast_f32 host median_ms=0.263042 p90_ms=0.271708 samples_ms=[0.269375, 0.253792, 0.273625, 0.270334, 0.26045799999999997, 0.262542, 0.272375, 0.254333, 0.263625, 0.24883400000000003, 0.269041, 0.26129199999999997, 0.26345799999999997, 0.256833, 0.25679199999999996, 0.25462500000000005, 0.254166, 0.271708, 0.257834, 0.27149999999999996, 0.251958, 0.263208, 0.257625, 0.264416, 0.26625, 0.27383399999999997, 0.263042, 0.27149999999999996, 0.254958, 0.271458, 0.252375]
unique_F16_Min cast_f32 gpu median_ms=0.086208 p90_ms=0.091417 samples_ms=[0.083917, 0.085875, 0.087416, 0.086333, 0.091667, 0.085792, 0.087208, 0.080416, 0.0845, 0.078375, 0.086958, 0.086625, 0.091291, 0.080917, 0.084875, 0.078458, 0.083667, 0.078375, 0.088792, 0.079083, 0.081125, 0.086208, 0.091417, 0.083542, 0.09125, 0.078667, 0.087417, 0.091167, 0.091667, 0.087166, 0.091458]
unique_F16_Min direct_low host median_ms=0.207708 p90_ms=0.213833 samples_ms=[0.202542, 0.213666, 0.20075, 0.209459, 0.20741600000000002, 0.21275, 0.204167, 0.212708, 0.197458, 0.200917, 0.213833, 0.203958, 0.210417, 0.201875, 0.328292, 0.20066699999999998, 0.203875, 0.203875, 0.208584, 0.200208, 0.309042, 0.204542, 0.214416, 0.210291, 0.212458, 0.201541, 0.19975, 0.21350000000000002, 0.207708, 0.20966600000000002, 0.212]
unique_F16_Min direct_low gpu median_ms=0.036625 p90_ms=0.037500 samples_ms=[0.03725, 0.035166, 0.035291, 0.035292, 0.035334, 0.038083, 0.034708, 0.037292, 0.034208, 0.036208, 0.036667, 0.037625, 0.037042, 0.035291, 0.034125, 0.036625, 0.034416, 0.034083, 0.036625, 0.036542, 0.034458, 0.03475, 0.03725, 0.037416, 0.037292, 0.037041, 0.0375, 0.037333, 0.037084, 0.037875, 0.037125]
unique_F16_Max cast_f32 host median_ms=0.260042 p90_ms=0.272375 samples_ms=[0.261334, 0.255917, 0.255459, 0.260042, 0.25525, 0.253041, 0.269125, 0.253334, 0.275, 0.272375, 0.27054100000000003, 0.26637500000000003, 0.270583, 0.26920900000000003, 0.266542, 0.272667, 0.26154200000000005, 0.265708, 0.2675, 0.25416700000000003, 0.24820799999999998, 0.24991599999999997, 0.249708, 0.261625, 0.25041599999999997, 0.28379099999999996, 0.247417, 0.250791, 0.254042, 0.256958, 0.24649999999999997]
unique_F16_Max cast_f32 gpu median_ms=0.084084 p90_ms=0.087458 samples_ms=[0.078875, 0.078125, 0.086833, 0.078875, 0.08325, 0.087333, 0.086708, 0.088041, 0.086333, 0.0905, 0.08475, 0.087458, 0.087333, 0.082625, 0.086583, 0.087417, 0.078167, 0.085917, 0.085583, 0.088792, 0.0785, 0.079167, 0.078708, 0.08175, 0.082166, 0.080208, 0.078708, 0.078291, 0.084084, 0.078416, 0.085]
unique_F16_Max direct_low host median_ms=0.205667 p90_ms=0.216000 samples_ms=[0.20158299999999998, 0.20566700000000002, 0.213084, 0.218166, 0.218667, 0.21104199999999998, 0.21504099999999998, 0.207958, 0.213625, 0.213084, 0.2115, 0.206875, 0.2115, 0.201208, 0.348833, 0.212458, 0.216, 0.214416, 0.199583, 0.199458, 0.20016599999999998, 0.20466700000000002, 0.1995, 0.200459, 0.20233299999999999, 0.20158299999999998, 0.198666, 0.200583, 0.19924999999999998, 0.203, 0.200916]
unique_F16_Max direct_low gpu median_ms=0.036000 p90_ms=0.037250 samples_ms=[0.034417, 0.034291, 0.038041, 0.034125, 0.034708, 0.036792, 0.03725, 0.034458, 0.038, 0.034625, 0.034541, 0.033875, 0.03675, 0.036542, 0.036, 0.03625, 0.037292, 0.03725, 0.034625, 0.036083, 0.034333, 0.03475, 0.034542, 0.036333, 0.034875, 0.036125, 0.036541, 0.034292, 0.036625, 0.034167, 0.0365]
case=unique dtype=Bf16 rows=257 cols=1025 indices=1027 destinations=1025 transpose=false base_numel=263425 update_numel=263939 removed_f32_base_bytes=1053700 removed_f32_updates_bytes=1055756
unique_Bf16_Replace cast_f32 host median_ms=0.259750 p90_ms=0.330458 samples_ms=[0.279292, 0.261917, 0.260834, 0.260125, 0.27304199999999995, 0.268916, 0.268959, 0.2695, 0.3715, 0.2565, 0.25791699999999995, 0.259958, 0.255625, 0.384541, 0.257875, 0.25912500000000005, 0.252875, 0.25975, 0.255667, 0.330458, 0.275708, 0.254584, 0.255375, 0.256334, 0.254083, 0.37283299999999997, 0.25791699999999995, 0.256042, 0.25091600000000003, 0.261625, 0.257291]
unique_Bf16_Replace cast_f32 gpu median_ms=0.086125 p90_ms=0.090709 samples_ms=[0.093584, 0.081458, 0.083083, 0.0885, 0.088709, 0.094083, 0.081375, 0.0935, 0.090709, 0.087709, 0.080375, 0.084, 0.086042, 0.084541, 0.086125, 0.081208, 0.087583, 0.086042, 0.085875, 0.086792, 0.086875, 0.086125, 0.086416, 0.080708, 0.086333, 0.081, 0.081041, 0.0845, 0.086125, 0.087083, 0.086625]
unique_Bf16_Replace direct_low host median_ms=0.206000 p90_ms=0.219375 samples_ms=[0.20925, 0.223959, 0.21937500000000001, 0.213416, 0.216958, 0.209083, 0.205792, 0.222125, 0.223667, 0.210333, 0.20566700000000002, 0.202834, 0.202708, 0.21016700000000002, 0.206, 0.214167, 0.20875000000000002, 0.20525, 0.202959, 0.205875, 0.204208, 0.202083, 0.202083, 0.203042, 0.209541, 0.212834, 0.206958, 0.202292, 0.20174999999999998, 0.205709, 0.20375]
unique_Bf16_Replace direct_low gpu median_ms=0.038208 p90_ms=0.039375 samples_ms=[0.037916, 0.039375, 0.03875, 0.037958, 0.03825, 0.038291, 0.038083, 0.039458, 0.039958, 0.039417, 0.038584, 0.038166, 0.037834, 0.038, 0.038625, 0.038625, 0.03875, 0.037875, 0.038, 0.038041, 0.038208, 0.038042, 0.0385, 0.038125, 0.038166, 0.037833, 0.038583, 0.038292, 0.038083, 0.038083, 0.038333]
unique_Bf16_Add cast_f32 host median_ms=0.261666 p90_ms=0.273250 samples_ms=[0.251916, 0.254708, 0.256917, 0.25462500000000005, 0.25033299999999997, 0.27587500000000004, 0.269875, 0.272583, 0.26087499999999997, 0.263042, 0.261666, 0.250167, 0.262625, 0.375834, 0.270959, 0.27325, 0.265334, 0.250583, 0.252458, 0.273708, 0.272833, 0.253459, 0.269458, 0.248584, 0.2495, 0.26275000000000004, 0.26058400000000004, 0.27120900000000003, 0.264, 0.24912499999999999, 0.250584]
unique_Bf16_Add cast_f32 gpu median_ms=0.077958 p90_ms=0.085083 samples_ms=[0.077583, 0.080375, 0.077959, 0.076875, 0.083334, 0.077791, 0.077375, 0.077333, 0.077167, 0.0775, 0.077708, 0.077916, 0.077042, 0.077416, 0.08, 0.07825, 0.085083, 0.077958, 0.088, 0.083709, 0.082083, 0.0775, 0.08175, 0.086833, 0.077167, 0.082166, 0.083, 0.083541, 0.076708, 0.076917, 0.085667]
unique_Bf16_Add direct_low host median_ms=0.228625 p90_ms=0.239500 samples_ms=[0.21454199999999998, 0.218834, 0.2215, 0.216334, 0.21537499999999998, 0.226916, 0.2395, 0.24600000000000002, 0.238125, 0.224375, 0.23879199999999998, 0.25637499999999996, 0.232375, 0.232333, 0.242959, 0.235375, 0.228542, 0.236042, 0.216083, 0.234792, 0.233625, 0.219292, 0.228625, 0.236542, 0.22054200000000002, 0.23900000000000002, 0.229375, 0.22287500000000002, 0.215083, 0.224083, 0.22625]
unique_Bf16_Add direct_low gpu median_ms=0.049542 p90_ms=0.056667 samples_ms=[0.053709, 0.050958, 0.047709, 0.049542, 0.047959, 0.048166, 0.048292, 0.048083, 0.04875, 0.048166, 0.048959, 0.047875, 0.055167, 0.048125, 0.048625, 0.048125, 0.048542, 0.056667, 0.051292, 0.054541, 0.056042, 0.056083, 0.055709, 0.057958, 0.048084, 0.056833, 0.047958, 0.055833, 0.05225, 0.052833, 0.057291]
unique_Bf16_Multiply cast_f32 host median_ms=0.253584 p90_ms=0.270959 samples_ms=[0.253083, 0.248375, 0.25375000000000003, 0.26683399999999996, 0.26941699999999996, 0.265875, 0.24862499999999998, 0.269958, 0.273167, 0.24862499999999998, 0.24820799999999998, 0.2505, 0.270959, 0.25045900000000004, 0.25275, 0.252875, 0.253584, 0.253125, 0.268583, 0.27125, 0.266208, 0.252917, 0.25887499999999997, 0.252541, 0.264417, 0.271584, 0.25804099999999996, 0.243791, 0.25254200000000004, 0.250666, 0.257]
unique_Bf16_Multiply cast_f32 gpu median_ms=0.082959 p90_ms=0.085958 samples_ms=[0.079375, 0.085833, 0.0805, 0.084584, 0.085292, 0.085209, 0.086541, 0.08225, 0.077, 0.080667, 0.085958, 0.077542, 0.079917, 0.083125, 0.083375, 0.077375, 0.076625, 0.077625, 0.07775, 0.085167, 0.086333, 0.077041, 0.080292, 0.084125, 0.077083, 0.083083, 0.085166, 0.082166, 0.088167, 0.082959, 0.084542]
unique_Bf16_Multiply direct_low host median_ms=0.222250 p90_ms=0.234958 samples_ms=[0.22024999999999997, 0.21562499999999998, 0.234958, 0.235375, 0.22225, 0.234542, 0.223542, 0.294541, 0.218375, 0.21575000000000003, 0.213042, 0.226834, 0.217791, 0.215875, 0.221125, 0.219, 0.22841699999999998, 0.22683299999999998, 0.234292, 0.229375, 0.218334, 0.22958399999999998, 0.224792, 0.2145, 0.35070799999999996, 0.217208, 0.234167, 0.23274999999999998, 0.215209, 0.22024999999999997, 0.219417]
unique_Bf16_Multiply direct_low gpu median_ms=0.052458 p90_ms=0.055875 samples_ms=[0.053375, 0.052291, 0.055375, 0.057084, 0.055708, 0.051167, 0.050959, 0.051334, 0.051417, 0.051167, 0.051, 0.048958, 0.053167, 0.053458, 0.054125, 0.051166, 0.056, 0.053542, 0.057042, 0.055375, 0.048208, 0.052458, 0.048083, 0.051, 0.055709, 0.055083, 0.055875, 0.055833, 0.051792, 0.051542, 0.050417]
unique_Bf16_Min cast_f32 host median_ms=0.266708 p90_ms=0.271458 samples_ms=[0.252166, 0.25437499999999996, 0.271458, 0.270042, 0.260417, 0.25791699999999995, 0.269375, 0.250542, 0.26875, 0.2625, 0.265916, 0.272, 0.2705, 0.269625, 0.266833, 0.267083, 0.27120900000000003, 0.259167, 0.253208, 0.276916, 0.269125, 0.253083, 0.251625, 0.263083, 0.285542, 0.25033299999999997, 0.25033299999999997, 0.262708, 0.269084, 0.266708, 0.267625]
unique_Bf16_Min cast_f32 gpu median_ms=0.084833 p90_ms=0.089125 samples_ms=[0.080458, 0.083625, 0.08625, 0.08625, 0.085875, 0.080125, 0.089959, 0.085333, 0.085833, 0.077625, 0.087417, 0.089125, 0.080125, 0.079792, 0.083042, 0.090125, 0.086083, 0.080167, 0.082917, 0.085291, 0.086166, 0.07675, 0.090375, 0.07675, 0.085166, 0.082791, 0.077292, 0.081542, 0.083792, 0.084833, 0.085959]
unique_Bf16_Min direct_low host median_ms=0.203625 p90_ms=0.218917 samples_ms=[0.20191699999999999, 0.20274999999999999, 0.213583, 0.20341700000000001, 0.198416, 0.198708, 0.222375, 0.21562499999999998, 0.20975, 0.205167, 0.20266699999999999, 0.222542, 0.19908299999999998, 0.21637499999999998, 0.21520799999999998, 0.21187499999999998, 0.21279099999999998, 0.217834, 0.321083, 0.198833, 0.213042, 0.218917, 0.196625, 0.203292, 0.203625, 0.200084, 0.203333, 0.197583, 0.19616699999999998, 0.19504200000000002, 0.203875]
unique_Bf16_Min direct_low gpu median_ms=0.034000 p90_ms=0.037125 samples_ms=[0.034, 0.034125, 0.033625, 0.034083, 0.033834, 0.033667, 0.037583, 0.037, 0.033416, 0.034125, 0.033916, 0.034375, 0.033791, 0.033625, 0.03525, 0.036833, 0.03775, 0.033333, 0.035, 0.033583, 0.037125, 0.034208, 0.033667, 0.033292, 0.034833, 0.037292, 0.034083, 0.033333, 0.033542, 0.03325, 0.033792]
unique_Bf16_Max cast_f32 host median_ms=0.267583 p90_ms=0.276875 samples_ms=[0.268333, 0.264708, 0.27099999999999996, 0.253375, 0.254875, 0.249709, 0.270625, 0.266084, 0.276875, 0.26675, 0.267459, 0.26975000000000005, 0.268334, 0.27045800000000003, 0.269666, 0.267583, 0.26691699999999996, 0.26516700000000004, 0.40179099999999995, 0.26416599999999996, 0.273291, 0.278708, 0.276375, 0.37975, 0.257, 0.265708, 0.267709, 0.251375, 0.25220899999999996, 0.251208, 0.27133399999999996]
unique_Bf16_Max cast_f32 gpu median_ms=0.084916 p90_ms=0.089708 samples_ms=[0.087333, 0.089708, 0.08175, 0.08975, 0.084916, 0.083208, 0.08775, 0.077166, 0.082, 0.081041, 0.087958, 0.089542, 0.077541, 0.090875, 0.082959, 0.086083, 0.087, 0.086167, 0.084167, 0.077584, 0.083792, 0.080709, 0.082667, 0.089625, 0.087292, 0.085625, 0.082417, 0.09025, 0.078167, 0.077833, 0.088083]
unique_Bf16_Max direct_low host median_ms=0.213083 p90_ms=0.216750 samples_ms=[0.20670899999999998, 0.21437499999999998, 0.213083, 0.21429199999999998, 0.21350000000000002, 0.207083, 0.343042, 0.216833, 0.21783300000000003, 0.212, 0.21579199999999998, 0.213209, 0.202041, 0.20533300000000002, 0.213167, 0.203708, 0.21437499999999998, 0.20775000000000002, 0.20008299999999998, 0.202292, 0.211125, 0.20375, 0.21675, 0.21475, 0.21245899999999998, 0.21187499999999998, 0.213792, 0.21104199999999998, 0.20641600000000002, 0.21425, 0.21529099999999998]
unique_Bf16_Max direct_low gpu median_ms=0.034375 p90_ms=0.037459 samples_ms=[0.034375, 0.033416, 0.034, 0.034916, 0.03675, 0.036667, 0.036041, 0.037292, 0.034542, 0.033375, 0.037375, 0.03425, 0.033458, 0.033916, 0.034208, 0.034083, 0.033208, 0.03375, 0.035666, 0.033292, 0.037125, 0.037875, 0.032791, 0.033875, 0.036875, 0.037459, 0.034042, 0.034916, 0.037583, 0.03375, 0.038583]
case=spread dtype=F16 rows=129 cols=1025 indices=2053 destinations=1025 transpose=false base_numel=132225 update_numel=264837 removed_f32_base_bytes=528900 removed_f32_updates_bytes=1059348
spread_F16_Replace cast_f32 host median_ms=0.226541 p90_ms=0.235666 samples_ms=[0.23399999999999999, 0.23725, 0.231791, 0.234125, 0.22254100000000002, 0.22375, 0.217, 0.235666, 0.23325, 0.232875, 0.232709, 0.22179200000000002, 0.223459, 0.227833, 0.373625, 0.216916, 0.213833, 0.21975, 0.223084, 0.215584, 0.21404099999999998, 0.227958, 0.23016599999999998, 0.235042, 0.2185, 0.233125, 0.22125, 0.3365, 0.226541, 0.216917, 0.213458]
spread_F16_Replace cast_f32 gpu median_ms=0.070875 p90_ms=0.072625 samples_ms=[0.065875, 0.065291, 0.072625, 0.071542, 0.072958, 0.071584, 0.068834, 0.068833, 0.072084, 0.071667, 0.068625, 0.067833, 0.069375, 0.072, 0.066333, 0.0725, 0.070292, 0.074042, 0.065375, 0.066333, 0.069041, 0.068625, 0.073166, 0.072291, 0.070875, 0.07125, 0.072125, 0.064625, 0.066, 0.071291, 0.07225]
spread_F16_Replace direct_low host median_ms=0.193458 p90_ms=0.197542 samples_ms=[0.32533300000000004, 0.197542, 0.18570899999999999, 0.187833, 0.192583, 0.195334, 0.18429199999999998, 0.336625, 0.193458, 0.197542, 0.180916, 0.178125, 0.189333, 0.208083, 0.195375, 0.19625, 0.180291, 0.1955, 0.19270800000000002, 0.19425, 0.196625, 0.186, 0.194166, 0.193917, 0.18625, 0.177666, 0.180375, 0.181291, 0.183792, 0.194125, 0.196583]
spread_F16_Replace direct_low gpu median_ms=0.037542 p90_ms=0.038917 samples_ms=[0.035584, 0.037875, 0.038458, 0.038167, 0.038667, 0.037792, 0.038666, 0.035792, 0.039, 0.038083, 0.036417, 0.036375, 0.037166, 0.035792, 0.038958, 0.03825, 0.036083, 0.035667, 0.037375, 0.037416, 0.037958, 0.03575, 0.037542, 0.037791, 0.036791, 0.036167, 0.036583, 0.036292, 0.038958, 0.037583, 0.038917]
spread_F16_Add cast_f32 host median_ms=0.223459 p90_ms=0.230167 samples_ms=[0.225083, 0.220708, 0.22737500000000002, 0.230167, 0.223792, 0.210125, 0.208542, 0.22675, 0.223459, 0.20900000000000002, 0.22287500000000002, 0.21475, 0.21375, 0.2155, 0.22725, 0.21679199999999998, 0.22479100000000002, 0.229666, 0.21679199999999998, 0.229041, 0.356292, 0.21637499999999998, 0.230084, 0.234292, 0.2235, 0.210625, 0.215, 0.22808299999999998, 0.235, 0.216333, 0.211208]
spread_F16_Add cast_f32 gpu median_ms=0.063292 p90_ms=0.068084 samples_ms=[0.064959, 0.062916, 0.067917, 0.068125, 0.067875, 0.063209, 0.067833, 0.064792, 0.065667, 0.067084, 0.068084, 0.068042, 0.065791, 0.06525, 0.068167, 0.062834, 0.062667, 0.062625, 0.062959, 0.063292, 0.0625, 0.063208, 0.063125, 0.062417, 0.062958, 0.064459, 0.063042, 0.063125, 0.072709, 0.063041, 0.062708]
spread_F16_Add direct_low host median_ms=0.195417 p90_ms=0.205541 samples_ms=[0.198875, 0.194083, 0.196417, 0.196583, 0.197625, 0.186917, 0.292625, 0.196542, 0.191042, 0.195291, 0.199875, 0.19675, 0.203625, 0.324375, 0.18825, 0.184458, 0.187625, 0.198333, 0.208083, 0.195417, 0.1915, 0.187542, 0.186875, 0.19249999999999998, 0.20041699999999998, 0.185708, 0.205541, 0.202666, 0.191334, 0.187083, 0.193208]
spread_F16_Add direct_low gpu median_ms=0.040625 p90_ms=0.042541 samples_ms=[0.039875, 0.041042, 0.041375, 0.040583, 0.041, 0.039666, 0.041667, 0.041208, 0.042458, 0.039459, 0.043084, 0.040875, 0.041708, 0.041333, 0.040625, 0.0405, 0.0395, 0.039541, 0.04, 0.039583, 0.040042, 0.039959, 0.039541, 0.039708, 0.040917, 0.04325, 0.043875, 0.040792, 0.040167, 0.039542, 0.042541]
spread_F16_Multiply cast_f32 host median_ms=0.214416 p90_ms=0.229083 samples_ms=[0.211459, 0.21212499999999998, 0.212375, 0.208125, 0.204208, 0.207042, 0.30141599999999996, 0.207834, 0.20758300000000002, 0.212583, 0.20983300000000002, 0.225875, 0.223542, 0.22599999999999998, 0.21187499999999998, 0.214416, 0.21575000000000003, 0.210125, 0.207625, 0.375, 0.224833, 0.22945800000000002, 0.22908299999999998, 0.2255, 0.22858399999999998, 0.22612500000000002, 0.216167, 0.2125, 0.22204200000000002, 0.213792, 0.223125]
spread_F16_Multiply cast_f32 gpu median_ms=0.065000 p90_ms=0.067584 samples_ms=[0.062917, 0.06225, 0.062459, 0.064875, 0.06475, 0.065541, 0.065, 0.065083, 0.0625, 0.062666, 0.067584, 0.062625, 0.068125, 0.063125, 0.067542, 0.067875, 0.067542, 0.062166, 0.065, 0.065292, 0.066917, 0.066708, 0.062375, 0.067917, 0.066083, 0.065541, 0.061917, 0.0625, 0.062333, 0.062917, 0.067083]
spread_F16_Multiply direct_low host median_ms=0.188750 p90_ms=0.200542 samples_ms=[0.186167, 0.18325, 0.180458, 0.178209, 0.183, 0.183666, 0.17875000000000002, 0.178791, 0.183833, 0.189958, 0.186708, 0.19837500000000002, 0.18720799999999999, 0.200542, 0.18620799999999998, 0.200125, 0.203625, 0.199833, 0.19162500000000002, 0.195916, 0.19799999999999998, 0.195542, 0.183166, 0.195875, 0.18875, 0.187583, 0.19375, 0.206708, 0.199333, 0.20433300000000001, 0.184167]
spread_F16_Multiply direct_low gpu median_ms=0.039875 p90_ms=0.043083 samples_ms=[0.039834, 0.039334, 0.039875, 0.038959, 0.039791, 0.039875, 0.042333, 0.041375, 0.03925, 0.039167, 0.0405, 0.0405, 0.039208, 0.039583, 0.041042, 0.040625, 0.04375, 0.043667, 0.039667, 0.042666, 0.03975, 0.040375, 0.039583, 0.039208, 0.039709, 0.039667, 0.043, 0.039542, 0.043083, 0.043375, 0.040583]
spread_F16_Min cast_f32 host median_ms=0.220583 p90_ms=0.225917 samples_ms=[0.219167, 0.220583, 0.22325, 0.22408399999999998, 0.223459, 0.208541, 0.213375, 0.22125, 0.230583, 0.225917, 0.222041, 0.207166, 0.227333, 0.225667, 0.221209, 0.22270800000000002, 0.225083, 0.22204200000000002, 0.213208, 0.231292, 0.216125, 0.220583, 0.20925, 0.21425, 0.21070799999999998, 0.2205, 0.21925, 0.214167, 0.20900000000000002, 0.20845799999999998, 0.20620799999999997]
spread_F16_Min cast_f32 gpu median_ms=0.065083 p90_ms=0.069417 samples_ms=[0.063584, 0.068333, 0.062458, 0.062792, 0.063208, 0.065583, 0.065, 0.062875, 0.070292, 0.067667, 0.065, 0.064792, 0.065291, 0.067708, 0.065083, 0.067708, 0.063875, 0.067542, 0.062458, 0.065125, 0.064792, 0.063083, 0.07, 0.066375, 0.06375, 0.068041, 0.062875, 0.067416, 0.06325, 0.069417, 0.069875]
spread_F16_Min direct_low host median_ms=0.186709 p90_ms=0.190708 samples_ms=[0.184584, 0.188166, 0.193375, 0.18829200000000001, 0.188584, 0.275584, 0.187666, 0.179292, 0.188667, 0.186834, 0.182834, 0.171625, 0.19304200000000002, 0.188833, 0.190708, 0.18170799999999998, 0.1775, 0.171125, 0.184458, 0.180958, 0.185458, 0.18645799999999998, 0.188666, 0.182375, 0.178791, 0.190167, 0.186916, 0.18120899999999998, 0.18904100000000001, 0.18670899999999999, 0.18645799999999998]
spread_F16_Min direct_low gpu median_ms=0.032875 p90_ms=0.033583 samples_ms=[0.032, 0.031875, 0.03725, 0.0325, 0.032, 0.032292, 0.033167, 0.033166, 0.033208, 0.032542, 0.031958, 0.031542, 0.033541, 0.032791, 0.033125, 0.033334, 0.034834, 0.032292, 0.033084, 0.033583, 0.033, 0.033375, 0.032875, 0.032958, 0.031708, 0.03275, 0.032875, 0.032875, 0.032708, 0.035, 0.032625]
spread_F16_Max cast_f32 host median_ms=0.210666 p90_ms=0.216250 samples_ms=[0.205708, 0.210375, 0.2105, 0.209042, 0.21775, 0.294917, 0.2075, 0.20895899999999998, 0.209333, 0.21125000000000002, 0.207625, 0.209375, 0.208958, 0.210666, 0.210834, 0.21295799999999998, 0.21258400000000002, 0.21625, 0.20895899999999998, 0.210792, 0.207666, 0.208542, 0.214917, 0.210917, 0.20825, 0.208209, 0.211041, 0.21379099999999998, 0.21316600000000002, 0.21800000000000003, 0.211667]
spread_F16_Max cast_f32 gpu median_ms=0.062917 p90_ms=0.065250 samples_ms=[0.062875, 0.062792, 0.062625, 0.062167, 0.06275, 0.062709, 0.065334, 0.062625, 0.06225, 0.062917, 0.063, 0.06325, 0.065584, 0.062959, 0.06475, 0.062709, 0.06375, 0.06225, 0.065, 0.063125, 0.064375, 0.063541, 0.06525, 0.062083, 0.066958, 0.063, 0.063334, 0.062459, 0.062917, 0.062791, 0.062584]
spread_F16_Max direct_low host median_ms=0.175000 p90_ms=0.181917 samples_ms=[0.17575, 0.17191700000000001, 0.174542, 0.17141699999999999, 0.17475, 0.17200000000000001, 0.175, 0.17266600000000001, 0.182833, 0.176125, 0.172458, 0.17441700000000002, 0.174208, 0.17758300000000002, 0.181917, 0.2115, 0.173292, 0.17375, 0.177875, 0.185958, 0.171792, 0.174334, 0.17666700000000002, 0.178292, 0.175542, 0.175375, 0.1785, 0.178875, 0.17737499999999998, 0.174834, 0.17300000000000001]
spread_F16_Max direct_low gpu median_ms=0.032041 p90_ms=0.032667 samples_ms=[0.032667, 0.031875, 0.03275, 0.031625, 0.032042, 0.032, 0.032333, 0.032709, 0.031458, 0.031917, 0.032166, 0.031917, 0.032167, 0.033167, 0.032, 0.032083, 0.031583, 0.032417, 0.031875, 0.031709, 0.031791, 0.032041, 0.032041, 0.031625, 0.032458, 0.031917, 0.032292, 0.031917, 0.032541, 0.032292, 0.03225]
case=spread dtype=Bf16 rows=129 cols=1025 indices=2053 destinations=1025 transpose=false base_numel=132225 update_numel=264837 removed_f32_base_bytes=528900 removed_f32_updates_bytes=1059348
spread_Bf16_Replace cast_f32 host median_ms=0.215208 p90_ms=0.218708 samples_ms=[0.21670899999999998, 0.215125, 0.21729099999999998, 0.226375, 0.215334, 0.21437499999999998, 0.3105, 0.214666, 0.21520799999999998, 0.216083, 0.21545799999999998, 0.215958, 0.213375, 0.213, 0.2165, 0.213666, 0.213208, 0.21870799999999999, 0.215584, 0.211917, 0.21420799999999998, 0.215417, 0.22037500000000002, 0.213625, 0.216125, 0.211625, 0.214583, 0.211208, 0.21529099999999998, 0.213542, 0.214792]
spread_Bf16_Replace cast_f32 gpu median_ms=0.068541 p90_ms=0.069208 samples_ms=[0.068541, 0.066458, 0.068167, 0.065958, 0.064833, 0.065, 0.069084, 0.069167, 0.069041, 0.069125, 0.0655, 0.068583, 0.065042, 0.066, 0.064833, 0.066, 0.068, 0.069, 0.065041, 0.06875, 0.069292, 0.070792, 0.067541, 0.069, 0.068583, 0.066209, 0.064917, 0.0695, 0.068708, 0.068834, 0.069208]
spread_Bf16_Replace direct_low host median_ms=0.180250 p90_ms=0.184084 samples_ms=[0.185917, 0.182625, 0.184084, 0.179333, 0.18100000000000002, 0.17733300000000002, 0.184083, 0.181833, 0.18220899999999998, 0.17304199999999997, 0.176958, 0.18275, 0.178958, 0.296083, 0.182208, 0.18025, 0.18083300000000002, 0.1785, 0.1805, 0.194458, 0.180333, 0.17891700000000002, 0.179708, 0.1785, 0.177667, 0.18025, 0.18087499999999998, 0.17791700000000002, 0.17962499999999998, 0.176542, 0.180041]
spread_Bf16_Replace direct_low gpu median_ms=0.036416 p90_ms=0.036875 samples_ms=[0.037, 0.036292, 0.036167, 0.036083, 0.036458, 0.036416, 0.036875, 0.036625, 0.036667, 0.036083, 0.036083, 0.036417, 0.036416, 0.036292, 0.036125, 0.036333, 0.036667, 0.035583, 0.036375, 0.036209, 0.03675, 0.036958, 0.037125, 0.036041, 0.036292, 0.035792, 0.03675, 0.035875, 0.03675, 0.036458, 0.036875]
spread_Bf16_Add cast_f32 host median_ms=0.210375 p90_ms=0.214291 samples_ms=[0.207959, 0.209291, 0.213042, 0.209667, 0.209333, 0.21275, 0.209041, 0.21350000000000002, 0.20900000000000002, 0.209667, 0.214291, 0.209583, 0.219583, 0.209917, 0.210375, 0.211541, 0.210833, 0.219209, 0.212916, 0.213167, 0.21437499999999998, 0.208708, 0.209333, 0.21412499999999998, 0.208875, 0.20637499999999998, 0.209083, 0.209375, 0.210917, 0.21345899999999998, 0.211125]
spread_Bf16_Add cast_f32 gpu median_ms=0.065375 p90_ms=0.065875 samples_ms=[0.063333, 0.06575, 0.065, 0.062292, 0.065542, 0.065375, 0.065708, 0.065792, 0.06575, 0.065583, 0.062708, 0.065041, 0.0625, 0.065917, 0.065875, 0.066167, 0.065792, 0.065791, 0.062, 0.0655, 0.065209, 0.062875, 0.065833, 0.065292, 0.064958, 0.0625, 0.064875, 0.0625, 0.066333, 0.065792, 0.065167]
spread_Bf16_Add direct_low host median_ms=0.183000 p90_ms=0.184833 samples_ms=[0.182625, 0.18279099999999998, 0.183667, 0.184, 0.17995899999999998, 0.180917, 0.18450000000000003, 0.183166, 0.181834, 0.184791, 0.184291, 0.182334, 0.181625, 0.18537499999999998, 0.18229199999999998, 0.18554199999999998, 0.184792, 0.183, 0.18312499999999998, 0.187959, 0.181833, 0.181625, 0.184833, 0.18433300000000002, 0.180959, 0.179667, 0.179, 0.182625, 0.1785, 0.18425, 0.18433300000000002]
spread_Bf16_Add direct_low gpu median_ms=0.039958 p90_ms=0.040334 samples_ms=[0.039667, 0.039792, 0.040125, 0.039458, 0.040209, 0.039917, 0.040375, 0.040084, 0.039625, 0.039375, 0.039791, 0.039958, 0.040292, 0.039708, 0.040125, 0.039667, 0.042125, 0.039708, 0.040333, 0.04, 0.040334, 0.039625, 0.04025, 0.039708, 0.040291, 0.044417, 0.039583, 0.039625, 0.040041, 0.039834, 0.040209]
spread_Bf16_Multiply cast_f32 host median_ms=0.219750 p90_ms=0.230958 samples_ms=[0.21070799999999998, 0.206417, 0.230958, 0.230917, 0.234292, 0.227042, 0.221042, 0.21295799999999998, 0.23204200000000003, 0.21975, 0.20891700000000002, 0.20900000000000002, 0.207375, 0.212917, 0.20983300000000002, 0.221667, 0.22479100000000002, 0.217709, 0.21787499999999999, 0.21087499999999998, 0.20658300000000002, 0.343583, 0.22808299999999998, 0.21975, 0.22924999999999998, 0.22245800000000002, 0.219083, 0.22612500000000002, 0.224375, 0.22420900000000002, 0.2195]
spread_Bf16_Multiply cast_f32 gpu median_ms=0.064458 p90_ms=0.067417 samples_ms=[0.064417, 0.066833, 0.063958, 0.068375, 0.064542, 0.067125, 0.061917, 0.067083, 0.063625, 0.064916, 0.064333, 0.064916, 0.06325, 0.064042, 0.062833, 0.06725, 0.06425, 0.067708, 0.064459, 0.062416, 0.061709, 0.064584, 0.064125, 0.066167, 0.063708, 0.067083, 0.064458, 0.072334, 0.064084, 0.067417, 0.063708]
spread_Bf16_Multiply direct_low host median_ms=0.193500 p90_ms=0.199000 samples_ms=[0.199, 0.197084, 0.193583, 0.184417, 0.196542, 0.18975, 0.181667, 0.19370800000000002, 0.188667, 0.19837500000000002, 0.19349999999999998, 0.19262500000000002, 0.200916, 0.1825, 0.18295799999999998, 0.199, 0.192, 0.195375, 0.18170799999999998, 0.212917, 0.18737499999999999, 0.190833, 0.201, 0.181833, 0.190958, 0.186333, 0.198625, 0.186875, 0.19875, 0.19474999999999998, 0.196625]
spread_Bf16_Multiply direct_low gpu median_ms=0.040041 p90_ms=0.041916 samples_ms=[0.045625, 0.040917, 0.040541, 0.04125, 0.040583, 0.039833, 0.039583, 0.038542, 0.041916, 0.040167, 0.040292, 0.0425, 0.038833, 0.039166, 0.039, 0.040542, 0.0405, 0.04, 0.039166, 0.042625, 0.038875, 0.039, 0.040292, 0.039875, 0.039708, 0.03925, 0.039917, 0.0405, 0.039042, 0.040041, 0.040583]
spread_Bf16_Min cast_f32 host median_ms=0.217750 p90_ms=0.227209 samples_ms=[0.20891700000000002, 0.225709, 0.22249999999999998, 0.213792, 0.22287500000000002, 0.20725, 0.209292, 0.226792, 0.210625, 0.22620800000000002, 0.231083, 0.21204199999999998, 0.212625, 0.20625, 0.208333, 0.211125, 0.21775, 0.21329199999999998, 0.21870799999999999, 0.210292, 0.20925, 0.24449999999999997, 0.227209, 0.224459, 0.220791, 0.232959, 0.222583, 0.20925, 0.22325, 0.223459, 0.208875]
spread_Bf16_Min cast_f32 gpu median_ms=0.064750 p90_ms=0.067083 samples_ms=[0.062708, 0.061541, 0.065875, 0.063209, 0.066083, 0.069708, 0.064875, 0.06525, 0.067083, 0.069083, 0.062542, 0.062584, 0.062083, 0.063083, 0.06475, 0.06225, 0.071458, 0.061875, 0.064833, 0.064583, 0.066708, 0.0645, 0.066625, 0.062125, 0.06625, 0.064417, 0.066375, 0.062208, 0.0665, 0.06475, 0.064625]
spread_Bf16_Min direct_low host median_ms=0.182917 p90_ms=0.188208 samples_ms=[0.173416, 0.175084, 0.188, 0.189541, 0.18820800000000001, 0.182917, 0.18212499999999998, 0.17541700000000002, 0.199875, 0.186583, 0.17720799999999998, 0.175875, 0.180083, 0.18016700000000002, 0.179292, 0.173375, 0.177167, 0.17216700000000001, 0.180208, 0.183833, 0.183916, 0.18812500000000001, 0.188667, 0.18670899999999999, 0.1865, 0.185084, 0.187875, 0.1725, 0.18537499999999998, 0.187792, 0.17754199999999998]
spread_Bf16_Min direct_low gpu median_ms=0.032000 p90_ms=0.033500 samples_ms=[0.031667, 0.03125, 0.031584, 0.033875, 0.032375, 0.0335, 0.032125, 0.032625, 0.032334, 0.032583, 0.031375, 0.032375, 0.031042, 0.031792, 0.031834, 0.031375, 0.034292, 0.034458, 0.032083, 0.032958, 0.031625, 0.031375, 0.032291, 0.03275, 0.032, 0.03175, 0.030875, 0.031375, 0.031666, 0.032417, 0.031541]
spread_Bf16_Max cast_f32 host median_ms=0.218375 p90_ms=0.229333 samples_ms=[0.20575, 0.220042, 0.2165, 0.21312499999999998, 0.209083, 0.225041, 0.227291, 0.21204199999999998, 0.244084, 0.222666, 0.224875, 0.211166, 0.21579199999999998, 0.218375, 0.20741600000000002, 0.212583, 0.214042, 0.21962500000000001, 0.21645799999999998, 0.20825, 0.208083, 0.20670899999999998, 0.360875, 0.212084, 0.223833, 0.222916, 0.222584, 0.22933299999999998, 0.23025, 0.226375, 0.225083]
spread_Bf16_Max cast_f32 gpu median_ms=0.066292 p90_ms=0.067708 samples_ms=[0.072291, 0.066209, 0.066959, 0.066917, 0.067334, 0.064167, 0.0655, 0.066292, 0.067708, 0.066875, 0.065708, 0.067208, 0.06225, 0.071667, 0.0625, 0.066291, 0.064833, 0.0665, 0.064917, 0.06225, 0.064959, 0.066542, 0.0725, 0.062917, 0.067458, 0.066875, 0.067583, 0.061916, 0.061833, 0.0665, 0.066]
spread_Bf16_Max direct_low host median_ms=0.185000 p90_ms=0.187875 samples_ms=[0.170375, 0.18729200000000001, 0.185875, 0.184792, 0.186167, 0.17029100000000003, 0.181125, 0.185584, 0.185, 0.185917, 0.18745900000000001, 0.18425, 0.18395799999999998, 0.18495799999999998, 0.189333, 0.18929200000000002, 0.187875, 0.18475, 0.18450000000000003, 0.18529199999999998, 0.18537499999999998, 0.171959, 0.18483400000000003, 0.175416, 0.188417, 0.183625, 0.18625, 0.185958, 0.186875, 0.17266600000000001, 0.18212499999999998]
spread_Bf16_Max direct_low gpu median_ms=0.032709 p90_ms=0.033792 samples_ms=[0.034167, 0.032958, 0.032334, 0.032, 0.033208, 0.032375, 0.031792, 0.033, 0.037292, 0.033208, 0.033208, 0.03375, 0.031666, 0.033792, 0.032083, 0.032584, 0.032917, 0.032667, 0.03525, 0.032459, 0.033209, 0.031666, 0.03275, 0.032709, 0.032125, 0.032709, 0.031917, 0.031416, 0.032041, 0.032167, 0.033]
case=hot dtype=F16 rows=17 cols=19 indices=4101 destinations=1 transpose=false base_numel=323 update_numel=69717 removed_f32_base_bytes=1292 removed_f32_updates_bytes=278868
hot_F16_Replace cast_f32 host median_ms=0.148458 p90_ms=0.156917 samples_ms=[0.137792, 0.141042, 0.140291, 0.1565, 0.153334, 0.147083, 0.156542, 0.154917, 0.154334, 0.153667, 0.15325000000000003, 0.141834, 0.142792, 0.15495799999999998, 0.154541, 0.13941699999999999, 0.146833, 0.156167, 0.156917, 0.14525000000000002, 0.147708, 0.146958, 0.147666, 0.146042, 0.142292, 0.14837499999999998, 0.164125, 0.16491699999999998, 0.162834, 0.154458, 0.148458]
hot_F16_Replace cast_f32 gpu median_ms=0.033792 p90_ms=0.035208 samples_ms=[0.031875, 0.031875, 0.032334, 0.035083, 0.035083, 0.031833, 0.034833, 0.033792, 0.035208, 0.034542, 0.034875, 0.03225, 0.032208, 0.034958, 0.034625, 0.032, 0.032583, 0.034125, 0.033875, 0.03475, 0.032083, 0.032083, 0.032208, 0.032041, 0.032542, 0.032959, 0.035875, 0.034875, 0.03325, 0.035583, 0.035708]
hot_F16_Replace direct_low host median_ms=0.138542 p90_ms=0.147584 samples_ms=[0.12587500000000001, 0.141125, 0.126125, 0.14208400000000002, 0.14550000000000002, 0.136334, 0.138542, 0.128, 0.141375, 0.13020800000000002, 0.134042, 0.128, 0.131792, 0.142583, 0.132125, 0.135166, 0.1315, 0.147125, 0.14750000000000002, 0.147584, 0.144958, 0.1365, 0.131125, 0.13224999999999998, 0.130084, 0.142917, 0.15062499999999998, 0.147417, 0.14612499999999998, 0.150083, 0.148958]
hot_F16_Replace direct_low gpu median_ms=0.022250 p90_ms=0.024541 samples_ms=[0.02375, 0.02225, 0.021792, 0.024083, 0.02425, 0.02225, 0.023875, 0.021834, 0.021375, 0.024542, 0.024083, 0.024042, 0.021875, 0.022583, 0.021791, 0.021875, 0.02425, 0.021583, 0.024541, 0.021917, 0.02175, 0.024291, 0.021666, 0.021958, 0.021834, 0.022042, 0.02225, 0.023458, 0.024417, 0.025209, 0.024584]
hot_F16_Add cast_f32 host median_ms=5.195792 p90_ms=5.271125 samples_ms=[5.263583, 5.204833, 5.137791, 5.149082999999999, 5.129957999999999, 5.321791, 5.131832999999999, 5.199584, 5.075333, 5.073792, 5.240166, 5.123166, 5.293375, 5.164791999999999, 5.229667, 5.271125, 5.250333, 5.206041, 5.195792, 5.147041, 5.187125, 5.148125, 5.154, 5.158458, 5.20225, 5.245375, 5.391166999999999, 5.135917, 5.212416, 5.109416, 5.218333]
hot_F16_Add cast_f32 gpu median_ms=4.976500 p90_ms=5.033917 samples_ms=[4.99825, 5.010542, 5.024542, 4.968625, 5.027042, 4.96325, 4.943167, 5.009958, 4.963542, 5.057208, 4.9765, 5.072959, 4.955083, 5.007875, 5.049958, 4.982292, 5.033917, 4.954, 4.925583, 4.933958, 4.859375, 4.945708, 4.849417, 4.9905, 4.992541, 4.995042, 4.968083, 4.960208, 4.966542, 4.932625, 4.994833]
hot_F16_Add direct_low host median_ms=4.994417 p90_ms=5.093875 samples_ms=[5.052583, 5.017084, 4.915417, 4.954334, 5.0822080000000005, 5.012, 5.09475, 4.9815830000000005, 5.0883329999999996, 5.05275, 5.093875000000001, 5.110792, 4.992375, 5.013083, 4.990375, 4.948333, 5.040792, 5.118417, 4.989541999999999, 5.045791, 5.057042, 4.988625, 4.9490419999999995, 4.961917, 4.944917, 4.985917000000001, 4.908375, 5.050666, 4.994417, 4.98225, 4.966125]
hot_F16_Add direct_low gpu median_ms=4.838916 p90_ms=4.927916 samples_ms=[4.734334, 5.008, 4.786167, 4.927916, 4.789875, 4.952, 4.845959, 4.980292, 4.72625, 4.923541, 4.82475, 4.838916, 4.818292, 4.865083, 4.759209, 4.754291, 4.86625, 4.882625, 4.823459, 4.883209, 4.736375, 4.865333, 4.777166, 4.898625, 4.824, 4.873208, 4.644542, 4.880291, 4.725208, 4.846833, 4.825208]
hot_F16_Multiply cast_f32 host median_ms=0.177459 p90_ms=0.184333 samples_ms=[0.16674999999999998, 0.175917, 0.176, 0.244666, 0.186417, 0.166625, 0.177459, 0.17770899999999998, 0.18433300000000002, 0.178834, 0.178417, 0.182917, 0.18437499999999998, 0.171208, 0.17283300000000001, 0.178375, 0.17566700000000002, 0.166709, 0.167875, 0.175375, 0.169208, 0.168792, 0.16404200000000002, 0.175791, 0.177, 0.180375, 0.18425, 0.179333, 0.182666, 0.18279099999999998, 0.183583]
hot_F16_Multiply cast_f32 gpu median_ms=0.057959 p90_ms=0.060000 samples_ms=[0.058916, 0.060083, 0.057959, 0.06, 0.057416, 0.05575, 0.059042, 0.058667, 0.056791, 0.056459, 0.056834, 0.05825, 0.05875, 0.058209, 0.055083, 0.059625, 0.057792, 0.056542, 0.055625, 0.057333, 0.057083, 0.0575, 0.061583, 0.056584, 0.059458, 0.05825, 0.062292, 0.057458, 0.05675, 0.058, 0.059333]
hot_F16_Multiply direct_low host median_ms=0.173167 p90_ms=0.177250 samples_ms=[0.17633300000000002, 0.154084, 0.173375, 0.16124999999999998, 0.17666700000000002, 0.170375, 0.17316700000000002, 0.173333, 0.182833, 0.173625, 0.170583, 0.173292, 0.176208, 0.169541, 0.168583, 0.176459, 0.17124999999999999, 0.173875, 0.17320899999999997, 0.16241699999999998, 0.16170900000000002, 0.158833, 0.163791, 0.169042, 0.171458, 0.17725, 0.1815, 0.157542, 0.173666, 0.32495799999999997, 0.172958]
hot_F16_Multiply direct_low gpu median_ms=0.051334 p90_ms=0.053709 samples_ms=[0.052458, 0.048041, 0.053084, 0.053916, 0.051208, 0.048125, 0.056291, 0.049708, 0.045958, 0.047709, 0.046292, 0.052792, 0.054041, 0.052208, 0.049875, 0.050167, 0.049958, 0.052208, 0.051334, 0.053709, 0.046292, 0.049375, 0.052708, 0.049208, 0.051042, 0.05125, 0.053459, 0.05325, 0.053542, 0.052708, 0.052667]
hot_F16_Min cast_f32 host median_ms=0.163875 p90_ms=0.169792 samples_ms=[0.163208, 0.165041, 0.175458, 0.16975, 0.166083, 0.15325000000000003, 0.159875, 0.152833, 0.15104199999999998, 0.149333, 0.152667, 0.157709, 0.171583, 0.165125, 0.1585, 0.16387500000000002, 0.1665, 0.164709, 0.164625, 0.158208, 0.170833, 0.157625, 0.149375, 0.165167, 0.16383399999999998, 0.159792, 0.166584, 0.163458, 0.169792, 0.1675, 0.164291]
hot_F16_Min cast_f32 gpu median_ms=0.040833 p90_ms=0.042417 samples_ms=[0.040417, 0.0435, 0.042292, 0.042375, 0.042459, 0.042041, 0.040292, 0.039958, 0.040333, 0.039584, 0.039583, 0.042, 0.0405, 0.040625, 0.040541, 0.040417, 0.040667, 0.042459, 0.04075, 0.041542, 0.041125, 0.041667, 0.039333, 0.042417, 0.042167, 0.042, 0.041958, 0.038625, 0.040833, 0.041917, 0.039833]
hot_F16_Min direct_low host median_ms=0.141583 p90_ms=0.144917 samples_ms=[0.143958, 0.13454100000000002, 0.142667, 0.147833, 0.147167, 0.14775000000000002, 0.14158300000000001, 0.144333, 0.129917, 0.136875, 0.135958, 0.131416, 0.137959, 0.138208, 0.143375, 0.132125, 0.142542, 0.137166, 0.137708, 0.14275, 0.14016699999999999, 0.13808399999999998, 0.12808399999999998, 0.144833, 0.14400000000000002, 0.144833, 0.144917, 0.138542, 0.141041, 0.143583, 0.14275]
hot_F16_Min direct_low gpu median_ms=0.020833 p90_ms=0.021750 samples_ms=[0.02125, 0.021, 0.020833, 0.020584, 0.023, 0.0205, 0.020833, 0.020875, 0.020209, 0.019833, 0.020125, 0.019542, 0.019959, 0.020166, 0.0205, 0.019917, 0.021542, 0.021208, 0.020375, 0.021792, 0.021875, 0.020917, 0.020084, 0.020333, 0.021542, 0.021625, 0.020833, 0.0215, 0.02175, 0.021375, 0.020167]
hot_F16_Max cast_f32 host median_ms=0.172709 p90_ms=0.175792 samples_ms=[0.172709, 0.16474999999999998, 0.175792, 0.16520900000000002, 0.171584, 0.172958, 0.158833, 0.17316700000000002, 0.17333400000000002, 0.23208399999999998, 0.17533300000000002, 0.174875, 0.17550000000000002, 0.171125, 0.17341700000000002, 0.159792, 0.173375, 0.170833, 0.16108299999999998, 0.16487500000000002, 0.1625, 0.173708, 0.17266600000000001, 0.16612500000000002, 0.17466700000000002, 0.156917, 0.158334, 0.17191700000000001, 0.176458, 0.1735, 0.17737499999999998]
hot_F16_Max cast_f32 gpu median_ms=0.048833 p90_ms=0.050042 samples_ms=[0.049375, 0.049042, 0.048833, 0.04975, 0.047917, 0.047834, 0.048041, 0.049542, 0.049833, 0.04875, 0.050041, 0.050375, 0.047375, 0.049625, 0.046209, 0.047375, 0.049916, 0.050208, 0.049833, 0.049625, 0.047792, 0.050375, 0.048042, 0.050042, 0.047125, 0.046709, 0.047459, 0.047625, 0.048166, 0.048084, 0.0495]
hot_F16_Max direct_low host median_ms=0.147166 p90_ms=0.149583 samples_ms=[0.219583, 0.144959, 0.149541, 0.132167, 0.1485, 0.14716600000000002, 0.13012500000000002, 0.149, 0.127333, 0.150375, 0.144458, 0.14958300000000002, 0.155416, 0.136042, 0.14875000000000002, 0.14837499999999998, 0.148459, 0.148, 0.14308300000000002, 0.148875, 0.14116700000000001, 0.149166, 0.148083, 0.146583, 0.148, 0.13924999999999998, 0.143292, 0.144458, 0.146583, 0.143791, 0.135791]
hot_F16_Max direct_low gpu median_ms=0.025542 p90_ms=0.026625 samples_ms=[0.024708, 0.026666, 0.026625, 0.025459, 0.026083, 0.027, 0.025166, 0.0265, 0.024791, 0.024625, 0.026542, 0.024583, 0.0265, 0.024791, 0.026625, 0.026625, 0.026542, 0.026666, 0.024917, 0.026542, 0.026291, 0.026625, 0.025125, 0.025125, 0.025542, 0.024791, 0.024792, 0.024708, 0.025, 0.026583, 0.025291]
case=hot dtype=Bf16 rows=17 cols=19 indices=4101 destinations=1 transpose=false base_numel=323 update_numel=69717 removed_f32_base_bytes=1292 removed_f32_updates_bytes=278868
hot_Bf16_Replace cast_f32 host median_ms=0.155958 p90_ms=0.163500 samples_ms=[0.142125, 0.150208, 0.148833, 0.162375, 0.16075, 0.164792, 0.1525, 0.16349999999999998, 0.164458, 0.152125, 0.149208, 0.1515, 0.155958, 0.159333, 0.238375, 0.15729200000000002, 0.154, 0.156583, 0.156, 0.158667, 0.154083, 0.158458, 0.15612499999999999, 0.146542, 0.153542, 0.144667, 0.144666, 0.1595, 0.157291, 0.146541, 0.143791]
hot_Bf16_Replace cast_f32 gpu median_ms=0.035042 p90_ms=0.035792 samples_ms=[0.032167, 0.032666, 0.032833, 0.035584, 0.032583, 0.035458, 0.035584, 0.035834, 0.035709, 0.03275, 0.032375, 0.033041, 0.035792, 0.036166, 0.035375, 0.035042, 0.035167, 0.035167, 0.035125, 0.034958, 0.035167, 0.032166, 0.03525, 0.031916, 0.032375, 0.032166, 0.032375, 0.034, 0.035375, 0.036542, 0.031916]
hot_Bf16_Replace direct_low host median_ms=0.143875 p90_ms=0.153458 samples_ms=[0.13799999999999998, 0.140042, 0.134792, 0.140375, 0.153458, 0.145875, 0.13883299999999998, 0.154875, 0.149292, 0.14837499999999998, 0.13558299999999998, 0.133708, 0.150958, 0.14666700000000002, 0.14387499999999998, 0.144458, 0.16037500000000002, 0.140291, 0.150166, 0.14425000000000002, 0.1445, 0.138667, 0.14391600000000002, 0.240833, 0.152333, 0.140291, 0.133125, 0.132209, 0.142292, 0.143333, 0.13025]
hot_Bf16_Replace direct_low gpu median_ms=0.022792 p90_ms=0.024458 samples_ms=[0.021417, 0.022291, 0.022167, 0.022209, 0.024458, 0.0245, 0.022625, 0.022708, 0.02425, 0.024417, 0.021834, 0.022167, 0.024583, 0.025083, 0.023083, 0.021666, 0.022792, 0.024333, 0.021708, 0.024208, 0.024083, 0.023666, 0.022709, 0.024417, 0.021458, 0.022208, 0.021958, 0.023667, 0.024167, 0.02425, 0.021667]
hot_Bf16_Add cast_f32 host median_ms=5.183959 p90_ms=5.279625 samples_ms=[5.2148330000000005, 5.261291000000001, 5.280333, 5.07325, 5.13225, 5.270334, 5.219209, 5.144542, 5.168125, 5.122209, 5.1610830000000005, 5.129625, 5.172416, 5.175375000000001, 5.440875, 5.25475, 5.154709, 5.196166000000001, 5.190959, 5.22925, 5.1992080000000005, 5.1693750000000005, 5.1035, 5.137041999999999, 5.2133329999999996, 5.279624999999999, 5.105542, 5.190625, 5.403042, 5.155, 5.183959]
hot_Bf16_Add cast_f32 gpu median_ms=4.962792 p90_ms=5.052208 samples_ms=[5.032292, 4.919125, 5.019208, 5.108792, 4.930041, 4.985667, 4.97675, 4.964792, 4.954083, 4.889042, 4.868417, 5.046625, 4.977083, 4.926625, 4.913458, 5.003, 4.987292, 4.862208, 5.052208, 4.874875, 4.9205, 4.917584, 4.903458, 4.935959, 4.873375, 4.867209, 4.962792, 5.101917, 4.966375, 5.10925, 4.990541]
hot_Bf16_Add direct_low host median_ms=5.033084 p90_ms=5.110583 samples_ms=[4.995667, 4.997083, 4.9080829999999995, 4.998583, 5.037375, 5.097417, 5.0138750000000005, 5.0742080000000005, 5.064417, 5.026584, 5.009708, 4.947916, 5.007709, 5.137667, 5.055042, 5.035792, 5.0712079999999995, 5.087084000000001, 5.033084000000001, 5.13, 5.052625, 5.093834, 4.923875000000001, 4.954667000000001, 4.949834, 4.927083, 5.012959, 5.055375, 5.110583, 5.163917, 4.9425]
hot_Bf16_Add direct_low gpu median_ms=4.848167 p90_ms=4.939708 samples_ms=[4.8585, 4.839792, 4.923125, 4.88775, 4.843167, 4.776584, 4.848167, 4.854125, 4.955209, 4.739208, 4.833333, 4.835916, 4.92675, 4.741584, 4.901625, 4.781417, 4.936, 4.797833, 4.900375, 4.811833, 4.850416, 4.882417, 4.805583, 4.939708, 4.916875, 4.761042, 4.821041, 4.722209, 4.951125, 4.78975, 4.968042]
hot_Bf16_Multiply cast_f32 host median_ms=0.169667 p90_ms=0.181125 samples_ms=[0.181583, 0.169042, 0.166291, 0.164542, 0.17033299999999998, 0.18295799999999998, 0.180041, 0.169708, 0.179334, 0.173292, 0.169667, 0.16679100000000002, 0.16458299999999998, 0.16279200000000002, 0.165166, 0.163084, 0.160042, 0.262791, 0.163375, 0.171208, 0.17616600000000002, 0.162542, 0.162292, 0.165833, 0.168333, 0.173333, 0.168541, 0.173459, 0.180917, 0.181125, 0.18054099999999998]
hot_Bf16_Multiply cast_f32 gpu median_ms=0.057000 p90_ms=0.058917 samples_ms=[0.05625, 0.058167, 0.056041, 0.056, 0.057209, 0.057, 0.05875, 0.056333, 0.060375, 0.058417, 0.053583, 0.055042, 0.055542, 0.058458, 0.058917, 0.055291, 0.056791, 0.055417, 0.059042, 0.057709, 0.056834, 0.056209, 0.056959, 0.055625, 0.0575, 0.0605, 0.054625, 0.057375, 0.057583, 0.058167, 0.058209]
hot_Bf16_Multiply direct_low host median_ms=0.162416 p90_ms=0.176750 samples_ms=[0.15512499999999999, 0.171542, 0.179417, 0.169458, 0.176375, 0.162416, 0.171041, 0.166458, 0.155416, 0.172875, 0.159333, 0.155709, 0.162334, 0.161333, 0.15620799999999999, 0.153167, 0.15375, 0.157458, 0.153833, 0.1555, 0.165292, 0.158167, 0.179875, 0.170167, 0.1805, 0.16491699999999998, 0.157167, 0.16, 0.171666, 0.170541, 0.17675]
hot_Bf16_Multiply direct_low gpu median_ms=0.049083 p90_ms=0.055208 samples_ms=[0.051375, 0.055208, 0.055542, 0.047875, 0.052959, 0.057125, 0.055334, 0.04575, 0.049042, 0.052166, 0.050708, 0.046417, 0.048416, 0.048708, 0.047584, 0.047375, 0.049084, 0.049083, 0.047084, 0.048542, 0.045458, 0.046334, 0.054459, 0.046625, 0.047166, 0.049208, 0.047917, 0.049541, 0.05375, 0.052, 0.05275]
hot_Bf16_Min cast_f32 host median_ms=0.163000 p90_ms=0.167292 samples_ms=[0.164625, 0.161667, 0.167417, 0.15375, 0.16145800000000002, 0.152208, 0.15437499999999998, 0.164792, 0.159166, 0.156417, 0.162166, 0.16262500000000002, 0.165875, 0.16733399999999998, 0.16625, 0.165167, 0.165625, 0.167417, 0.164375, 0.15545899999999999, 0.164, 0.155458, 0.15175, 0.16729200000000002, 0.16699999999999998, 0.16458299999999998, 0.163, 0.147292, 0.165959, 0.150834, 0.162125]
hot_Bf16_Min cast_f32 gpu median_ms=0.041041 p90_ms=0.042250 samples_ms=[0.04225, 0.041041, 0.041458, 0.038792, 0.040334, 0.041709, 0.0395, 0.041667, 0.04125, 0.039542, 0.042417, 0.042416, 0.042208, 0.038916, 0.041333, 0.039709, 0.040459, 0.039875, 0.040542, 0.042042, 0.040708, 0.03925, 0.040125, 0.039959, 0.04175, 0.041459, 0.041333, 0.039541, 0.042459, 0.040875, 0.041209]
hot_Bf16_Min direct_low host median_ms=0.143125 p90_ms=0.147000 samples_ms=[0.134792, 0.150583, 0.144416, 0.148125, 0.143125, 0.143375, 0.132875, 0.139792, 0.129, 0.128625, 0.143125, 0.14404199999999998, 0.14966600000000002, 0.147, 0.143375, 0.131292, 0.14291600000000002, 0.143292, 0.14416700000000002, 0.146584, 0.142625, 0.13475, 0.128875, 0.132834, 0.143583, 0.143542, 0.142125, 0.127292, 0.142917, 0.132791, 0.14333400000000002]
hot_Bf16_Min direct_low gpu median_ms=0.021167 p90_ms=0.021625 samples_ms=[0.020375, 0.020292, 0.0215, 0.021625, 0.020208, 0.02175, 0.019958, 0.02025, 0.019875, 0.020208, 0.020958, 0.021458, 0.019875, 0.019792, 0.021792, 0.022375, 0.020917, 0.021583, 0.02125, 0.021541, 0.021292, 0.0215, 0.02, 0.020125, 0.019542, 0.0215, 0.021167, 0.021417, 0.020125, 0.021541, 0.0215]
hot_Bf16_Max cast_f32 host median_ms=0.170458 p90_ms=0.173541 samples_ms=[0.16699999999999998, 0.171542, 0.173541, 0.16124999999999998, 0.16825, 0.16783299999999998, 0.158708, 0.172792, 0.168125, 0.164625, 0.158542, 0.16908299999999998, 0.171667, 0.173625, 0.173833, 0.171583, 0.17175, 0.17275, 0.17241700000000001, 0.16825, 0.17049999999999998, 0.169875, 0.158834, 0.170458, 0.166875, 0.17200000000000001, 0.172542, 0.176042, 0.168125, 0.170541, 0.17]
hot_Bf16_Max cast_f32 gpu median_ms=0.048583 p90_ms=0.050208 samples_ms=[0.05075, 0.048, 0.04975, 0.050834, 0.050208, 0.047625, 0.048583, 0.049917, 0.049667, 0.04825, 0.046583, 0.049, 0.04625, 0.047584, 0.048542, 0.046917, 0.049709, 0.04825, 0.049917, 0.049291, 0.0475, 0.047708, 0.047334, 0.050167, 0.046708, 0.048167, 0.048916, 0.049208, 0.050166, 0.050209, 0.046541]
hot_Bf16_Max direct_low host median_ms=0.146250 p90_ms=0.149916 samples_ms=[0.152375, 0.144084, 0.145833, 0.14183300000000001, 0.148083, 0.144291, 0.146291, 0.13262500000000002, 0.14750000000000002, 0.14908400000000002, 0.138083, 0.14783400000000002, 0.147167, 0.131917, 0.13674999999999998, 0.140667, 0.146875, 0.14370799999999997, 0.14612499999999998, 0.150791, 0.14720799999999998, 0.146791, 0.135084, 0.140875, 0.149916, 0.14820799999999998, 0.146, 0.14125, 0.150125, 0.146959, 0.14625]
hot_Bf16_Max direct_low gpu median_ms=0.025750 p90_ms=0.026334 samples_ms=[0.025791, 0.025, 0.026084, 0.024459, 0.02575, 0.026291, 0.024083, 0.02625, 0.025959, 0.024708, 0.024667, 0.026375, 0.024458, 0.024375, 0.024708, 0.026333, 0.0265, 0.025667, 0.02425, 0.024083, 0.025666, 0.025958, 0.024167, 0.026375, 0.02625, 0.026334, 0.024333, 0.024708, 0.026208, 0.026291, 0.025875]
case=strided dtype=F16 rows=257 cols=1025 indices=515 destinations=1025 transpose=true base_numel=263425 update_numel=132355 removed_f32_base_bytes=1053700 removed_f32_updates_bytes=529420
strided_F16_Replace cast_f32 host median_ms=0.249542 p90_ms=0.263583 samples_ms=[0.24325, 0.26241600000000004, 0.257584, 0.328209, 0.263583, 0.2605, 0.243083, 0.25425, 0.258208, 0.267375, 0.260167, 0.25416700000000003, 0.24433400000000002, 0.24279099999999998, 0.242959, 0.26095799999999997, 0.24529199999999998, 0.241, 0.240084, 0.261042, 0.265625, 0.24487499999999998, 0.24754099999999998, 0.24454199999999998, 0.242, 0.24533299999999997, 0.243875, 0.249542, 0.256333, 0.245917, 0.2615]
strided_F16_Replace cast_f32 gpu median_ms=0.072833 p90_ms=0.078417 samples_ms=[0.0715, 0.0695, 0.077417, 0.076625, 0.078792, 0.0785, 0.073417, 0.076916, 0.071083, 0.072833, 0.078, 0.076125, 0.073083, 0.069542, 0.071209, 0.069958, 0.072625, 0.070208, 0.075, 0.071125, 0.073625, 0.069792, 0.071333, 0.077041, 0.071042, 0.071792, 0.070584, 0.06975, 0.078417, 0.076541, 0.081458]
strided_F16_Replace direct_low host median_ms=0.205708 p90_ms=0.214333 samples_ms=[0.215708, 0.20875000000000002, 0.214416, 0.214333, 0.216417, 0.20987499999999998, 0.1965, 0.213208, 0.197542, 0.20174999999999998, 0.208584, 0.212709, 0.210292, 0.210208, 0.202, 0.20508300000000002, 0.205708, 0.19875, 0.200875, 0.213042, 0.19775, 0.198416, 0.213334, 0.198833, 0.198291, 0.198667, 0.19875, 0.201541, 0.21229199999999998, 0.19725, 0.213542]
strided_F16_Replace direct_low gpu median_ms=0.031375 p90_ms=0.033250 samples_ms=[0.031125, 0.033, 0.032417, 0.03075, 0.033416, 0.033, 0.033125, 0.033167, 0.031166, 0.033375, 0.032875, 0.033208, 0.03325, 0.032125, 0.030666, 0.030833, 0.03075, 0.031375, 0.033208, 0.032708, 0.031042, 0.030542, 0.031208, 0.030958, 0.030875, 0.030792, 0.030709, 0.031333, 0.033416, 0.032584, 0.031208]
strided_F16_Add cast_f32 host median_ms=0.252666 p90_ms=0.265209 samples_ms=[0.254208, 0.24158400000000002, 0.24779100000000004, 0.254541, 0.25333300000000003, 0.252666, 0.25495900000000005, 0.25158400000000003, 0.25254200000000004, 0.252917, 0.248333, 0.240708, 0.270291, 0.254792, 0.243209, 0.25275, 0.402375, 0.255458, 0.254333, 0.24016700000000002, 0.23875, 0.388333, 0.249708, 0.248541, 0.241459, 0.240667, 0.265209, 0.256042, 0.253041, 0.242584, 0.241583]
strided_F16_Add cast_f32 gpu median_ms=0.071583 p90_ms=0.072792 samples_ms=[0.072958, 0.075708, 0.0715, 0.066292, 0.072792, 0.069792, 0.071583, 0.072708, 0.071583, 0.06975, 0.072542, 0.066666, 0.073167, 0.066292, 0.07225, 0.07225, 0.07175, 0.066542, 0.07125, 0.069583, 0.072459, 0.0725, 0.071709, 0.066583, 0.066916, 0.066833, 0.069792, 0.072708, 0.072125, 0.066042, 0.066459]
strided_F16_Add direct_low host median_ms=0.223875 p90_ms=0.229875 samples_ms=[0.22625, 0.215833, 0.224333, 0.228125, 0.36575, 0.216875, 0.22387500000000002, 0.22958399999999998, 0.214667, 0.21437499999999998, 0.212916, 0.228333, 0.230416, 0.21375, 0.2215, 0.230708, 0.223292, 0.213875, 0.214417, 0.212084, 0.22024999999999997, 0.22933299999999998, 0.224792, 0.226708, 0.22295900000000002, 0.229583, 0.22179200000000002, 0.229875, 0.22675, 0.22791599999999998, 0.216083]
strided_F16_Add direct_low gpu median_ms=0.046708 p90_ms=0.049916 samples_ms=[0.050625, 0.045042, 0.049458, 0.044833, 0.049959, 0.049, 0.046084, 0.048125, 0.049417, 0.043791, 0.044416, 0.043917, 0.04875, 0.044209, 0.051625, 0.044209, 0.046333, 0.04825, 0.049667, 0.046708, 0.044708, 0.047417, 0.049916, 0.046333, 0.046209, 0.047625, 0.049166, 0.045334, 0.04575, 0.048083, 0.044416]
strided_F16_Multiply cast_f32 host median_ms=0.252833 p90_ms=0.257667 samples_ms=[0.25679199999999996, 0.251375, 0.249709, 0.25429199999999996, 0.249417, 0.255, 0.247917, 0.248, 0.256, 0.257667, 0.2515, 0.253458, 0.25325, 0.253792, 0.252833, 0.252833, 0.25425, 0.25212500000000004, 0.240125, 0.23970799999999998, 0.240541, 0.302208, 0.235375, 0.25429100000000004, 0.257958, 0.2495, 0.253041, 0.250542, 0.368708, 0.252417, 0.251]
strided_F16_Multiply cast_f32 gpu median_ms=0.071500 p90_ms=0.072875 samples_ms=[0.072333, 0.072125, 0.071041, 0.071375, 0.073125, 0.071167, 0.07175, 0.0695, 0.072208, 0.069834, 0.072167, 0.071417, 0.075125, 0.072583, 0.071959, 0.071833, 0.066459, 0.07425, 0.072709, 0.066542, 0.066542, 0.066167, 0.067791, 0.0715, 0.071542, 0.071, 0.072416, 0.072875, 0.065666, 0.070959, 0.069417]
strided_F16_Multiply direct_low host median_ms=0.225250 p90_ms=0.229583 samples_ms=[0.22620800000000002, 0.233708, 0.228375, 0.22612500000000002, 0.224041, 0.224459, 0.226166, 0.2175, 0.224625, 0.22704100000000002, 0.37479199999999996, 0.225625, 0.21591700000000003, 0.221834, 0.22287500000000002, 0.22699999999999998, 0.22595800000000002, 0.22525, 0.22733399999999998, 0.21800000000000003, 0.227166, 0.2145, 0.21783300000000003, 0.229583, 0.227583, 0.224375, 0.215125, 0.21212499999999998, 0.21525, 0.234208, 0.214042]
strided_F16_Multiply direct_low gpu median_ms=0.046083 p90_ms=0.049875 samples_ms=[0.046833, 0.044375, 0.049292, 0.047375, 0.044833, 0.044625, 0.046083, 0.046209, 0.044958, 0.04425, 0.048458, 0.045917, 0.049083, 0.0455, 0.050916, 0.044084, 0.049083, 0.049333, 0.050584, 0.0455, 0.050542, 0.044416, 0.044916, 0.048083, 0.049875, 0.04425, 0.04525, 0.044375, 0.047458, 0.04775, 0.044666]
strided_F16_Min cast_f32 host median_ms=0.253208 p90_ms=0.258416 samples_ms=[0.255708, 0.2525, 0.25591600000000003, 0.240708, 0.253917, 0.244709, 0.267917, 0.262375, 0.258416, 0.237458, 0.23441700000000001, 0.251625, 0.253041, 0.246333, 0.252333, 0.254208, 0.246375, 0.255292, 0.260666, 0.23775000000000002, 0.23466700000000001, 0.258, 0.24108300000000002, 0.25575000000000003, 0.253208, 0.25725, 0.247583, 0.257375, 0.24829099999999998, 0.256042, 0.256625]
strided_F16_Min cast_f32 gpu median_ms=0.070500 p90_ms=0.072666 samples_ms=[0.066667, 0.066291, 0.071667, 0.071167, 0.069583, 0.065833, 0.072792, 0.071709, 0.071916, 0.069375, 0.069125, 0.06975, 0.072583, 0.071583, 0.071208, 0.073459, 0.069292, 0.071125, 0.066625, 0.06625, 0.072666, 0.073458, 0.072292, 0.0705, 0.0665, 0.066166, 0.06725, 0.069542, 0.071583, 0.071041, 0.066625]
strided_F16_Min direct_low host median_ms=0.205667 p90_ms=0.210167 samples_ms=[0.20408300000000001, 0.200292, 0.199583, 0.203875, 0.209208, 0.309375, 0.21075, 0.206833, 0.204459, 0.193583, 0.209084, 0.208875, 0.20637499999999998, 0.198291, 0.210625, 0.201125, 0.207167, 0.20829099999999998, 0.20566700000000002, 0.2085, 0.193, 0.207167, 0.19512500000000002, 0.193167, 0.209667, 0.19262500000000002, 0.203458, 0.20133299999999998, 0.198917, 0.21016700000000002, 0.206167]
strided_F16_Min direct_low gpu median_ms=0.027500 p90_ms=0.028417 samples_ms=[0.027584, 0.028208, 0.029042, 0.028166, 0.027083, 0.026667, 0.02675, 0.027292, 0.027125, 0.027209, 0.028083, 0.02775, 0.027167, 0.027167, 0.026833, 0.028209, 0.0275, 0.028417, 0.028333, 0.028708, 0.027041, 0.027, 0.027209, 0.028292, 0.026834, 0.028459, 0.026917, 0.028292, 0.027625, 0.027166, 0.027709]
strided_F16_Max cast_f32 host median_ms=0.241042 p90_ms=0.260291 samples_ms=[0.253042, 0.256875, 0.24275, 0.240667, 0.2405, 0.241834, 0.24000000000000002, 0.260291, 0.24425, 0.235125, 0.24104199999999998, 0.24104199999999998, 0.23675000000000002, 0.234458, 0.23725, 0.237333, 0.233125, 0.24225, 0.235916, 0.23666700000000002, 0.235625, 0.23591700000000002, 0.238291, 0.242709, 0.251125, 0.2535, 0.267208, 0.267083, 0.25075, 0.26379199999999997, 0.25879100000000005]
strided_F16_Max cast_f32 gpu median_ms=0.067042 p90_ms=0.071250 samples_ms=[0.073875, 0.066167, 0.066708, 0.0705, 0.067, 0.066833, 0.072292, 0.066875, 0.07125, 0.069125, 0.072292, 0.066459, 0.067042, 0.066334, 0.069166, 0.067125, 0.06675, 0.069167, 0.071041, 0.066208, 0.070708, 0.069291, 0.068916, 0.070125, 0.066167, 0.065875, 0.066375, 0.065875, 0.067084, 0.065583, 0.066333]
strided_F16_Max direct_low host median_ms=0.195708 p90_ms=0.216416 samples_ms=[0.205459, 0.210375, 0.196375, 0.197959, 0.19625, 0.203583, 0.25175000000000003, 0.194542, 0.195708, 0.19629200000000002, 0.195291, 0.194208, 0.19225, 0.19270800000000002, 0.192583, 0.189084, 0.1955, 0.190833, 0.191833, 0.19287500000000002, 0.195375, 0.19141699999999998, 0.192167, 0.189666, 0.20441700000000002, 0.21804199999999999, 0.211125, 0.22429200000000002, 0.216416, 0.213334, 0.21104199999999998]
strided_F16_Max direct_low gpu median_ms=0.027166 p90_ms=0.027375 samples_ms=[0.027375, 0.027792, 0.027166, 0.02675, 0.02725, 0.027167, 0.027167, 0.027167, 0.026917, 0.026875, 0.026917, 0.027375, 0.027125, 0.026584, 0.027042, 0.027125, 0.027292, 0.027, 0.027291, 0.026833, 0.027042, 0.027625, 0.02725, 0.027458, 0.027125, 0.027, 0.027291, 0.027208, 0.026792, 0.027041, 0.02725]
case=strided dtype=Bf16 rows=257 cols=1025 indices=515 destinations=1025 transpose=true base_numel=263425 update_numel=132355 removed_f32_base_bytes=1053700 removed_f32_updates_bytes=529420
strided_Bf16_Replace cast_f32 host median_ms=0.258750 p90_ms=0.266250 samples_ms=[0.26225, 0.260292, 0.261042, 0.261958, 0.259375, 0.257666, 0.259792, 0.25595799999999996, 0.259708, 0.260417, 0.25875, 0.251542, 0.245917, 0.236, 0.24337499999999998, 0.25783300000000003, 0.259458, 0.257167, 0.37308399999999997, 0.260625, 0.26625, 0.260125, 0.25858400000000004, 0.24212499999999998, 0.37725, 0.239041, 0.245125, 0.242792, 0.243083, 0.253791, 0.407875]
strided_Bf16_Replace cast_f32 gpu median_ms=0.073334 p90_ms=0.077125 samples_ms=[0.076042, 0.074417, 0.075875, 0.077125, 0.070125, 0.07925, 0.077125, 0.076042, 0.075792, 0.074875, 0.069125, 0.070125, 0.070416, 0.070791, 0.07725, 0.072833, 0.076083, 0.076875, 0.073042, 0.078042, 0.075041, 0.070333, 0.07175, 0.073042, 0.072333, 0.073334, 0.069, 0.070958, 0.069458, 0.075292, 0.070666]
strided_Bf16_Replace direct_low host median_ms=0.203709 p90_ms=0.213083 samples_ms=[0.213083, 0.207167, 0.21295799999999998, 0.21350000000000002, 0.20425000000000001, 0.201625, 0.213042, 0.199292, 0.197292, 0.212333, 0.19725, 0.212917, 0.216417, 0.207375, 0.199625, 0.200625, 0.204042, 0.212208, 0.211833, 0.212833, 0.201542, 0.203709, 0.202958, 0.199375, 0.195667, 0.196375, 0.19616699999999998, 0.202041, 0.200167, 0.199042, 0.214875]
strided_Bf16_Replace direct_low gpu median_ms=0.031667 p90_ms=0.033916 samples_ms=[0.034, 0.033291, 0.034167, 0.033291, 0.0315, 0.033417, 0.033375, 0.032833, 0.031667, 0.031208, 0.030958, 0.030458, 0.033916, 0.03325, 0.030958, 0.033333, 0.032834, 0.032125, 0.033958, 0.031375, 0.033833, 0.031209, 0.031291, 0.03075, 0.031584, 0.03125, 0.031541, 0.030625, 0.03125, 0.030792, 0.033833]
strided_Bf16_Add cast_f32 host median_ms=0.239750 p90_ms=0.252250 samples_ms=[0.25225, 0.236, 0.237708, 0.236083, 0.236334, 0.23391699999999999, 0.241167, 0.23158299999999998, 0.237458, 0.24250000000000002, 0.24091600000000002, 0.240833, 0.24420799999999998, 0.237292, 0.23558300000000001, 0.231458, 0.238958, 0.240917, 0.243458, 0.311583, 0.239292, 0.23625, 0.243334, 0.233042, 0.238208, 0.330208, 0.243833, 0.252833, 0.24004199999999998, 0.23975, 0.24075]
strided_Bf16_Add cast_f32 gpu median_ms=0.069000 p90_ms=0.069916 samples_ms=[0.066375, 0.06925, 0.069, 0.069375, 0.069125, 0.065791, 0.068833, 0.06975, 0.066209, 0.069333, 0.065625, 0.068417, 0.070084, 0.069, 0.070375, 0.069333, 0.070542, 0.069333, 0.068166, 0.066959, 0.068958, 0.068792, 0.068875, 0.069209, 0.06625, 0.068875, 0.065125, 0.069209, 0.069916, 0.069292, 0.068333]
strided_Bf16_Add direct_low host median_ms=0.213625 p90_ms=0.219875 samples_ms=[0.214583, 0.213625, 0.209792, 0.212667, 0.211541, 0.219875, 0.227333, 0.209792, 0.210458, 0.22079200000000002, 0.211959, 0.21575000000000003, 0.215167, 0.211208, 0.21420799999999998, 0.211666, 0.211458, 0.213916, 0.209417, 0.212541, 0.21104199999999998, 0.212583, 0.2145, 0.215083, 0.217042, 0.255875, 0.214667, 0.215167, 0.209791, 0.21295799999999998, 0.213875]
strided_Bf16_Add direct_low gpu median_ms=0.044625 p90_ms=0.047583 samples_ms=[0.04475, 0.05, 0.044666, 0.04375, 0.044042, 0.044291, 0.046833, 0.044, 0.044584, 0.043208, 0.044, 0.044, 0.044333, 0.043542, 0.044125, 0.048791, 0.046667, 0.0475, 0.0475, 0.047583, 0.047125, 0.047, 0.04475, 0.047833, 0.0465, 0.044, 0.044625, 0.044041, 0.044292, 0.044458, 0.044833]
strided_Bf16_Multiply cast_f32 host median_ms=0.239667 p90_ms=0.248583 samples_ms=[0.239125, 0.241167, 0.24825, 0.236417, 0.24025000000000002, 0.23783300000000002, 0.2415, 0.234542, 0.24195799999999998, 0.241542, 0.236209, 0.239166, 0.240791, 0.237708, 0.238125, 0.289416, 0.23666700000000002, 0.24858299999999997, 0.238292, 0.232958, 0.239667, 0.378542, 0.24212499999999998, 0.240208, 0.23987499999999998, 0.238209, 0.239041, 0.239667, 0.27516599999999997, 0.234709, 0.23725]
strided_Bf16_Multiply cast_f32 gpu median_ms=0.069042 p90_ms=0.070209 samples_ms=[0.07025, 0.068958, 0.070208, 0.069167, 0.068583, 0.065375, 0.069166, 0.068833, 0.069792, 0.068667, 0.068709, 0.069334, 0.07025, 0.067042, 0.066708, 0.069042, 0.069209, 0.069042, 0.070333, 0.06875, 0.069542, 0.068791, 0.069208, 0.069, 0.068292, 0.065584, 0.070166, 0.069542, 0.070209, 0.06975, 0.069041]
strided_Bf16_Multiply direct_low host median_ms=0.212750 p90_ms=0.215958 samples_ms=[0.211667, 0.21187499999999998, 0.212375, 0.214708, 0.214291, 0.21325, 0.214167, 0.211667, 0.22145800000000002, 0.214625, 0.212583, 0.213, 0.211084, 0.212625, 0.21275, 0.218375, 0.211792, 0.21220899999999998, 0.211, 0.215958, 0.213, 0.211667, 0.214291, 0.212416, 0.210375, 0.21345899999999998, 0.213375, 0.214, 0.223375, 0.21212499999999998, 0.209292]
strided_Bf16_Multiply direct_low gpu median_ms=0.044791 p90_ms=0.046875 samples_ms=[0.046417, 0.046917, 0.043875, 0.044958, 0.046708, 0.046458, 0.046167, 0.044458, 0.04925, 0.0445, 0.045167, 0.044166, 0.043958, 0.046875, 0.047084, 0.044625, 0.044208, 0.044333, 0.044833, 0.044084, 0.04625, 0.04675, 0.046167, 0.0445, 0.0445, 0.044208, 0.044334, 0.0445, 0.046042, 0.044791, 0.043583]
strided_Bf16_Min cast_f32 host median_ms=0.251334 p90_ms=0.294792 samples_ms=[0.251208, 0.251459, 0.24875, 0.241125, 0.23866600000000002, 0.294792, 0.249666, 0.253584, 0.25275, 0.25254200000000004, 0.235666, 0.360667, 0.249542, 0.245083, 0.241458, 0.252834, 0.253, 0.337042, 0.254708, 0.250542, 0.254, 0.250958, 0.25125000000000003, 0.339416, 0.236375, 0.254417, 0.24754099999999998, 0.253625, 0.251334, 0.253708, 0.23762499999999998]
strided_Bf16_Min cast_f32 gpu median_ms=0.070375 p90_ms=0.072042 samples_ms=[0.071916, 0.072042, 0.070875, 0.071041, 0.069083, 0.070333, 0.072042, 0.070584, 0.074833, 0.071833, 0.065916, 0.071333, 0.066084, 0.06525, 0.066208, 0.071583, 0.065208, 0.071708, 0.071542, 0.071417, 0.071917, 0.070333, 0.065834, 0.065833, 0.066166, 0.06625, 0.072042, 0.070375, 0.067958, 0.0685, 0.066708]
strided_Bf16_Min direct_low host median_ms=0.202792 p90_ms=0.212959 samples_ms=[0.204625, 0.199792, 0.207875, 0.19875, 0.194458, 0.204625, 0.21475, 0.200959, 0.194291, 0.198917, 0.202792, 0.217375, 0.2155, 0.21187499999999998, 0.20891700000000002, 0.19612500000000002, 0.197584, 0.205167, 0.206792, 0.195167, 0.2085, 0.204167, 0.20533300000000002, 0.19699999999999998, 0.195041, 0.192917, 0.204583, 0.198458, 0.195542, 0.212959, 0.185917]
strided_Bf16_Min direct_low gpu median_ms=0.026917 p90_ms=0.028541 samples_ms=[0.026667, 0.027375, 0.028583, 0.028541, 0.02675, 0.026583, 0.02675, 0.026917, 0.027416, 0.027125, 0.0265, 0.026792, 0.0265, 0.026959, 0.026625, 0.027042, 0.027542, 0.028, 0.027083, 0.026709, 0.0275, 0.02675, 0.028708, 0.029041, 0.02675, 0.026791, 0.026916, 0.027083, 0.026625, 0.026583, 0.028041]
strided_Bf16_Max cast_f32 host median_ms=0.247208 p90_ms=0.255459 samples_ms=[0.241917, 0.252625, 0.23975, 0.2595, 0.244709, 0.25595799999999996, 0.25216700000000003, 0.241333, 0.24529199999999998, 0.253792, 0.252833, 0.253625, 0.25333300000000003, 0.251375, 0.2525, 0.253, 0.253208, 0.237042, 0.255375, 0.237, 0.243417, 0.24487499999999998, 0.247208, 0.26458299999999996, 0.255459, 0.241875, 0.241, 0.24141700000000002, 0.242708, 0.245166, 0.238667]
strided_Bf16_Max cast_f32 gpu median_ms=0.070417 p90_ms=0.072042 samples_ms=[0.068833, 0.072041, 0.071042, 0.071416, 0.067, 0.071917, 0.0655, 0.072042, 0.068709, 0.072792, 0.069917, 0.070666, 0.0715, 0.066875, 0.07275, 0.071666, 0.071167, 0.071167, 0.065583, 0.070417, 0.0695, 0.066291, 0.068459, 0.072458, 0.069958, 0.070917, 0.070417, 0.066125, 0.065333, 0.070208, 0.068916]
strided_Bf16_Max direct_low host median_ms=0.203250 p90_ms=0.208166 samples_ms=[0.207375, 0.208042, 0.205084, 0.208166, 0.19075, 0.206708, 0.202417, 0.205209, 0.206916, 0.207292, 0.20366599999999999, 0.19875, 0.206875, 0.20637499999999998, 0.20008299999999998, 0.207083, 0.218875, 0.203, 0.19474999999999998, 0.203, 0.193417, 0.19304200000000002, 0.264042, 0.21729099999999998, 0.200125, 0.20325000000000001, 0.195833, 0.19924999999999998, 0.197542, 0.193375, 0.19425]
strided_Bf16_Max direct_low gpu median_ms=0.027291 p90_ms=0.028209 samples_ms=[0.027666, 0.028166, 0.026875, 0.028375, 0.026959, 0.027041, 0.028, 0.027958, 0.028834, 0.027458, 0.028167, 0.027875, 0.028209, 0.026708, 0.027292, 0.028209, 0.027708, 0.027917, 0.02675, 0.026791, 0.027291, 0.026959, 0.026917, 0.027959, 0.026875, 0.026958, 0.027, 0.026584, 0.026708, 0.026791, 0.026833]
