$ crates/target/release/examples/bench_tensor_low_attention
backend=metal;31 rotated samples;200ms warmup;resident low QKV;f32 output;reused programs;separate unprofiled host+readback and GPU shared-pass timings;independent dense f64 reference;every result checked after timing
case=small dtype=F16 Hq=1 Hkv=1 Lq=17 Lk=65 D=17 Dv=33 strided_masked=false removed_f32_input_bytes=14156
small_F16 cast_f32 host median_ms=0.220542 p90_ms=0.262125 samples_ms=[0.215083, 0.35070799999999996, 0.19824999999999998, 0.209916, 0.20650000000000002, 0.241375, 0.232208, 0.218666, 0.262125, 0.295375, 0.21829099999999999, 0.238125, 0.210459, 0.242709, 0.367083, 0.196416, 0.19854200000000002, 0.241541, 0.22616699999999998, 0.20258400000000001, 0.20166699999999999, 0.20441700000000002, 0.207208, 0.24454099999999998, 0.195334, 0.22054200000000002, 0.203958, 0.233459, 0.230125, 0.256917, 0.23883300000000002]
small_F16 cast_f32 gpu median_ms=0.061208 p90_ms=0.061666 samples_ms=[0.061333, 0.065667, 0.061334, 0.061542, 0.060875, 0.061208, 0.061, 0.065791, 0.061083, 0.0615, 0.060916, 0.060792, 0.061625, 0.064792, 0.061125, 0.061666, 0.060958, 0.061208, 0.061333, 0.061125, 0.060791, 0.061125, 0.061417, 0.060875, 0.061209, 0.061291, 0.060792, 0.061542, 0.061125, 0.061125, 0.061084]
small_F16 direct_low host median_ms=0.239000 p90_ms=0.287375 samples_ms=[0.342, 0.256, 0.219417, 0.221166, 0.248375, 0.256917, 0.258125, 0.41350000000000003, 0.24449999999999997, 0.310834, 0.228458, 0.23900000000000002, 0.223417, 0.225584, 0.24383400000000002, 0.23987499999999998, 0.214083, 0.258625, 0.232875, 0.22225, 0.23550000000000001, 0.217292, 0.236167, 0.210583, 0.213416, 0.287375, 0.210166, 0.24854199999999999, 0.280458, 0.226958, 0.245]
small_F16 direct_low gpu median_ms=0.077875 p90_ms=0.078041 samples_ms=[0.078041, 0.077625, 0.077708, 0.077792, 0.077875, 0.077875, 0.077875, 0.077917, 0.078084, 0.077875, 0.077834, 0.07775, 0.077959, 0.082416, 0.077834, 0.077917, 0.077875, 0.077916, 0.077875, 0.077792, 0.077917, 0.077791, 0.07775, 0.07775, 0.077833, 0.077708, 0.077791, 0.077708, 0.077916, 0.077792, 0.078208]
case=small dtype=Bf16 Hq=1 Hkv=1 Lq=17 Lk=65 D=17 Dv=33 strided_masked=false removed_f32_input_bytes=14156
small_Bf16 cast_f32 host median_ms=0.166042 p90_ms=0.172042 samples_ms=[0.16695800000000002, 0.1785, 0.163417, 0.16579100000000002, 0.165666, 0.176417, 0.163542, 0.164083, 0.172042, 0.1665, 0.16145800000000002, 0.170334, 0.168083, 0.165292, 0.165625, 0.166042, 0.167375, 0.164666, 0.16683299999999998, 0.163666, 0.16725, 0.165083, 0.166625, 0.165083, 0.16612500000000002, 0.16483399999999998, 0.282084, 0.165708, 0.170375, 0.16425, 0.16775]
small_Bf16 cast_f32 gpu median_ms=0.060917 p90_ms=0.061084 samples_ms=[0.061042, 0.060958, 0.060625, 0.060917, 0.060584, 0.061167, 0.060916, 0.060875, 0.061125, 0.060792, 0.060917, 0.060375, 0.060834, 0.060833, 0.060875, 0.060958, 0.061084, 0.061083, 0.06075, 0.060958, 0.060958, 0.061084, 0.060458, 0.060916, 0.061042, 0.061, 0.06075, 0.060708, 0.060917, 0.061, 0.060708]
small_Bf16 direct_low host median_ms=0.172791 p90_ms=0.177833 samples_ms=[0.172542, 0.17241700000000001, 0.175334, 0.172708, 0.172291, 0.171292, 0.175375, 0.17033299999999998, 0.173625, 0.17858300000000002, 0.17666700000000002, 0.177833, 0.1735, 0.178209, 0.17275, 0.171959, 0.17216599999999999, 0.17358400000000002, 0.172375, 0.174917, 0.1735, 0.17149999999999999, 0.172791, 0.172542, 0.175792, 0.171208, 0.181292, 0.173375, 0.172709, 0.17304199999999997, 0.172458]
small_Bf16 direct_low gpu median_ms=0.069792 p90_ms=0.069959 samples_ms=[0.06975, 0.070041, 0.069708, 0.069708, 0.069666, 0.069959, 0.069917, 0.069959, 0.069666, 0.06975, 0.069667, 0.069791, 0.06975, 0.069792, 0.069584, 0.070084, 0.06975, 0.069833, 0.069958, 0.069958, 0.069959, 0.069958, 0.06975, 0.069958, 0.069708, 0.069958, 0.069708, 0.07, 0.069917, 0.069959, 0.069791]
case=decode dtype=F16 Hq=4 Hkv=2 Lq=1 Lk=4097 D=64 Dv=64 strided_masked=false removed_f32_input_bytes=4196352
decode_F16 cast_f32 host median_ms=0.394417 p90_ms=0.510833 samples_ms=[0.39441699999999996, 0.393542, 0.389583, 0.405541, 0.403333, 0.404917, 0.389375, 0.40541699999999997, 0.40220799999999995, 0.39116599999999996, 0.393083, 0.400291, 0.398, 0.394167, 0.39075, 0.5844999999999999, 0.566917, 0.510833, 0.511708, 0.396667, 0.39391699999999996, 0.396542, 0.3955, 0.392959, 0.393042, 0.39441699999999996, 0.389666, 0.39345800000000003, 0.38783300000000004, 0.393667, 0.395833]
decode_F16 cast_f32 gpu median_ms=0.276041 p90_ms=0.396041 samples_ms=[0.274875, 0.274958, 0.274917, 0.274875, 0.274708, 0.275625, 0.27475, 0.276125, 0.275291, 0.274917, 0.274958, 0.275375, 0.276041, 0.275, 0.275291, 0.453959, 0.461375, 0.40425, 0.396041, 0.279292, 0.284375, 0.284084, 0.278042, 0.284833, 0.284541, 0.284875, 0.274625, 0.284583, 0.274708, 0.284625, 0.2815]
decode_F16 direct_low host median_ms=0.515083 p90_ms=0.698833 samples_ms=[0.516166, 0.51375, 0.515541, 0.517209, 0.513083, 0.512875, 0.514792, 0.5265829999999999, 0.5320830000000001, 0.518208, 0.515083, 0.523709, 0.52475, 0.524833, 1.893208, 2.030875, 0.795459, 0.698833, 0.518625, 0.527916, 0.513167, 0.510584, 0.508416, 0.512, 0.508166, 0.5087079999999999, 0.511042, 0.506208, 0.506459, 0.5071249999999999, 0.512959]
decode_F16 direct_low gpu median_ms=0.402333 p90_ms=0.589000 samples_ms=[0.400625, 0.400208, 0.400541, 0.400458, 0.400167, 0.400458, 0.400458, 0.4, 0.402041, 0.402166, 0.401, 0.4005, 0.402333, 0.401959, 1.8165, 1.812541, 0.648166, 0.589, 0.402417, 0.405, 0.401667, 0.404292, 0.404583, 0.404334, 0.404166, 0.404334, 0.404375, 0.403208, 0.400708, 0.404125, 0.402375]
case=decode dtype=Bf16 Hq=4 Hkv=2 Lq=1 Lk=4097 D=64 Dv=64 strided_masked=false removed_f32_input_bytes=4196352
decode_Bf16 cast_f32 host median_ms=0.429833 p90_ms=0.452958 samples_ms=[0.429833, 0.432208, 0.431542, 0.428166, 0.42445900000000003, 0.436041, 0.47175, 0.452708, 0.426833, 0.441, 0.420791, 0.42591599999999996, 0.430042, 0.433375, 0.435083, 0.420917, 0.42320800000000003, 0.42125, 0.42612500000000003, 0.42416699999999996, 0.443209, 0.425792, 0.421709, 0.45295799999999997, 0.602209, 0.423417, 0.425, 0.444042, 0.5198750000000001, 0.434042, 0.426041]
decode_Bf16 cast_f32 gpu median_ms=0.279667 p90_ms=0.283542 samples_ms=[0.283209, 0.279791, 0.279667, 0.277333, 0.283167, 0.274917, 0.274, 0.274625, 0.273375, 0.274542, 0.273416, 0.273834, 0.273542, 0.274375, 0.276709, 0.284083, 0.28075, 0.283209, 0.280375, 0.274416, 0.2775, 0.277375, 0.2835, 0.285417, 0.280208, 0.283, 0.277541, 0.280042, 0.283542, 0.280542, 0.283542]
decode_Bf16 direct_low host median_ms=0.478750 p90_ms=0.489334 samples_ms=[0.480041, 0.479041, 0.47825, 0.484375, 0.478209, 0.481375, 0.48525, 0.476583, 0.478084, 0.48225, 0.48045899999999997, 0.4775, 0.610542, 0.49041700000000005, 0.49020800000000003, 0.48075, 0.47875, 0.47475, 0.474583, 0.476666, 0.479792, 0.468958, 0.468625, 0.47300000000000003, 0.47108300000000003, 0.47308300000000003, 0.489083, 0.489334, 0.47825, 0.48479099999999997, 0.471041]
decode_Bf16 direct_low gpu median_ms=0.337042 p90_ms=0.338041 samples_ms=[0.335208, 0.33425, 0.334667, 0.338416, 0.337042, 0.334542, 0.3345, 0.334875, 0.334458, 0.334666, 0.334625, 0.334792, 0.334291, 0.33425, 0.334291, 0.338041, 0.338, 0.338208, 0.3375, 0.334584, 0.337625, 0.337208, 0.338, 0.337791, 0.337916, 0.338083, 0.337542, 0.337834, 0.337709, 0.334666, 0.337708]
case=prefill dtype=F16 Hq=2 Hkv=2 Lq=128 Lk=257 D=64 Dv=64 strided_masked=false removed_f32_input_bytes=328704
prefill_F16 cast_f32 host median_ms=0.409666 p90_ms=0.414042 samples_ms=[0.415541, 0.408667, 0.409666, 0.403208, 0.41404199999999997, 0.399375, 0.41075, 0.39762499999999995, 0.40875, 0.41354199999999997, 0.405792, 0.412125, 0.403583, 0.40549999999999997, 0.41016600000000003, 0.415458, 0.402834, 0.402667, 0.391042, 0.413792, 0.412458, 0.42075, 0.41125, 0.410416, 0.408125, 0.40670799999999996, 0.406541, 0.411458, 0.403375, 0.413458, 0.412167]
prefill_F16 cast_f32 gpu median_ms=0.236167 p90_ms=0.237083 samples_ms=[0.235958, 0.2355, 0.235417, 0.236167, 0.236917, 0.235625, 0.235667, 0.235834, 0.236625, 0.235375, 0.237167, 0.236708, 0.235416, 0.235416, 0.2365, 0.236833, 0.236167, 0.2355, 0.23575, 0.236917, 0.237125, 0.236708, 0.237083, 0.237, 0.235458, 0.235375, 0.235375, 0.236791, 0.2355, 0.236541, 0.23725]
prefill_F16 direct_low host median_ms=0.616917 p90_ms=0.667542 samples_ms=[0.623834, 0.606167, 0.620167, 0.616167, 0.601, 0.6081669999999999, 0.593791, 0.6675420000000001, 0.6139169999999999, 0.6100409999999999, 0.713791, 0.6195, 0.606917, 0.6026659999999999, 0.621125, 0.617625, 0.619667, 0.605916, 0.633667, 0.6149169999999999, 0.610833, 0.667625, 0.612958, 0.621125, 0.618333, 0.613375, 0.611041, 0.668083, 0.620167, 0.616917, 0.61825]
prefill_F16 direct_low gpu median_ms=0.441083 p90_ms=0.444250 samples_ms=[0.440291, 0.444, 0.440583, 0.440417, 0.440292, 0.443917, 0.441042, 0.444708, 0.440292, 0.44425, 0.440125, 0.443667, 0.440833, 0.444042, 0.443792, 0.443833, 0.441458, 0.444084, 0.440875, 0.44325, 0.441, 0.444875, 0.440875, 0.4435, 0.440708, 0.440375, 0.440041, 0.444292, 0.441083, 0.443792, 0.440584]
case=prefill dtype=Bf16 Hq=2 Hkv=2 Lq=128 Lk=257 D=64 Dv=64 strided_masked=false removed_f32_input_bytes=328704
prefill_Bf16 cast_f32 host median_ms=0.410875 p90_ms=0.414666 samples_ms=[0.40575, 0.410417, 0.40425, 0.394041, 0.406792, 0.413375, 0.414625, 0.41316600000000003, 0.4105, 0.403709, 0.411958, 0.409875, 0.410875, 0.414666, 0.41308300000000003, 0.413042, 0.407125, 0.400125, 0.40291699999999997, 0.5339579999999999, 0.408, 0.41108300000000003, 0.420875, 0.410458, 0.413666, 0.415, 0.409708, 0.412583, 0.408541, 0.411166, 0.412458]
prefill_Bf16 cast_f32 gpu median_ms=0.235459 p90_ms=0.236667 samples_ms=[0.235417, 0.237041, 0.236708, 0.235125, 0.2345, 0.237209, 0.236417, 0.235041, 0.235792, 0.236, 0.236084, 0.235917, 0.23575, 0.235042, 0.234542, 0.235416, 0.234292, 0.234583, 0.235459, 0.235334, 0.235167, 0.234541, 0.235666, 0.234666, 0.234375, 0.236291, 0.234292, 0.235625, 0.236667, 0.235708, 0.236458]
prefill_Bf16 direct_low host median_ms=0.542166 p90_ms=0.582917 samples_ms=[0.5311250000000001, 0.524792, 0.5297080000000001, 0.545459, 0.5171250000000001, 0.5485410000000001, 0.5403330000000001, 0.538625, 0.544916, 0.5744170000000001, 0.5377500000000001, 0.5470419999999999, 0.543916, 0.541417, 0.5445829999999999, 0.546583, 0.591458, 0.5829169999999999, 0.530959, 0.534917, 0.5375, 0.5427500000000001, 0.549833, 0.748042, 0.539416, 0.5421659999999999, 0.536708, 0.5420419999999999, 0.532958, 0.588167, 0.5486249999999999]
prefill_Bf16 direct_low gpu median_ms=0.368625 p90_ms=0.372333 samples_ms=[0.367042, 0.368584, 0.367791, 0.370208, 0.368375, 0.368333, 0.36825, 0.368625, 0.370708, 0.372333, 0.367958, 0.368459, 0.371084, 0.367375, 0.3715, 0.372417, 0.368375, 0.371542, 0.367709, 0.371959, 0.37525, 0.368292, 0.368083, 0.368792, 0.368166, 0.37175, 0.368917, 0.3725, 0.368334, 0.36875, 0.37225]
case=wide_value_gqa dtype=F16 Hq=4 Hkv=2 Lq=65 Lk=257 D=32 Dv=129 strided_masked=false removed_f32_input_bytes=364296
wide_value_gqa_F16 cast_f32 host median_ms=0.531167 p90_ms=0.543167 samples_ms=[0.5273329999999999, 0.621459, 0.5325, 0.543167, 0.531792, 0.534083, 0.5393330000000001, 0.531791, 0.528667, 0.529625, 0.534541, 0.527167, 0.535833, 0.5283749999999999, 0.5279170000000001, 0.530125, 0.530583, 0.5320830000000001, 0.533, 0.524625, 0.519416, 0.5075000000000001, 0.507, 0.538917, 0.5311670000000001, 0.604708, 0.514, 0.54325, 0.528125, 0.530417, 0.532958]
wide_value_gqa_F16 cast_f32 gpu median_ms=0.351250 p90_ms=0.353208 samples_ms=[0.351792, 0.350209, 0.351458, 0.35125, 0.351833, 0.351583, 0.35175, 0.34625, 0.348667, 0.350916, 0.348125, 0.353417, 0.34925, 0.35025, 0.353083, 0.353208, 0.351708, 0.350292, 0.350458, 0.351083, 0.3515, 0.351459, 0.35125, 0.352458, 0.349958, 0.349541, 0.348958, 0.354333, 0.34975, 0.351083, 0.353333]
wide_value_gqa_F16 direct_low host median_ms=0.856875 p90_ms=0.876708 samples_ms=[0.862375, 0.811458, 0.876209, 0.757791, 0.8957080000000001, 0.766625, 0.8509169999999999, 0.746459, 0.86575, 0.876, 0.869792, 0.8708750000000001, 0.866042, 0.8671669999999999, 0.819917, 0.813583, 0.868375, 0.876708, 0.864875, 0.808625, 0.902584, 0.785, 0.7445419999999999, 0.757792, 0.861208, 0.811333, 0.877375, 0.7549170000000001, 0.856875, 0.80375, 0.814166]
wide_value_gqa_F16 direct_low gpu median_ms=0.578458 p90_ms=0.582000 samples_ms=[0.578375, 0.577208, 0.5815, 0.577916, 0.579042, 0.583458, 0.578417, 0.578791, 0.582, 0.578458, 0.575958, 0.577375, 0.579, 0.583791, 0.578041, 0.579542, 0.577083, 0.577208, 0.579542, 0.576584, 0.579083, 0.580667, 0.576041, 0.578583, 0.577417, 0.581083, 0.576625, 0.58275, 0.577416, 0.580625, 0.57675]
case=wide_value_gqa dtype=Bf16 Hq=4 Hkv=2 Lq=65 Lk=257 D=32 Dv=129 strided_masked=false removed_f32_input_bytes=364296
wide_value_gqa_Bf16 cast_f32 host median_ms=0.532875 p90_ms=0.544083 samples_ms=[0.520917, 0.5386660000000001, 0.534709, 0.5369170000000001, 0.5355, 0.524291, 0.517709, 0.520833, 0.5275, 0.7827500000000001, 0.544083, 0.535625, 0.5381659999999999, 0.535292, 0.530834, 0.531834, 0.5403749999999999, 0.525625, 0.6709160000000001, 0.5285, 0.521084, 0.5335, 0.526167, 0.5347919999999999, 0.531875, 0.559583, 0.537541, 0.531625, 0.532875, 0.514, 0.517667]
wide_value_gqa_Bf16 cast_f32 gpu median_ms=0.350167 p90_ms=0.352000 samples_ms=[0.350083, 0.350917, 0.351792, 0.348459, 0.348125, 0.349334, 0.349209, 0.349125, 0.3525, 0.350458, 0.349792, 0.349875, 0.353167, 0.349791, 0.351916, 0.350791, 0.349333, 0.35, 0.34875, 0.351, 0.348417, 0.352, 0.350917, 0.351458, 0.3535, 0.350167, 0.35025, 0.3495, 0.350042, 0.351292, 0.35125]
wide_value_gqa_Bf16 direct_low host median_ms=0.763459 p90_ms=0.792666 samples_ms=[0.782833, 0.669708, 0.765333, 0.788917, 0.792666, 0.767166, 0.674125, 0.729542, 0.783625, 0.788417, 0.7463329999999999, 0.749166, 0.794125, 0.772625, 0.7388330000000001, 0.7994169999999999, 0.763459, 0.6735000000000001, 0.752958, 0.686041, 0.787, 0.798417, 0.789125, 0.6819999999999999, 0.75875, 0.686584, 0.7785420000000001, 0.787833, 0.678083, 0.6722090000000001, 0.692917]
wide_value_gqa_Bf16 direct_low gpu median_ms=0.497750 p90_ms=0.501541 samples_ms=[0.494333, 0.497291, 0.501541, 0.496958, 0.495958, 0.496708, 0.494917, 0.501167, 0.499667, 0.496667, 0.501834, 0.496541, 0.498542, 0.498083, 0.495375, 0.496, 0.500333, 0.499, 0.49725, 0.498917, 0.496625, 0.49775, 0.49775, 0.501666, 0.4955, 0.498084, 0.497625, 0.500166, 0.500625, 0.495541, 0.501708]
case=strided_masked dtype=F16 Hq=6 Hkv=2 Lq=7 Lk=65 D=17 Dv=33 strided_masked=true removed_f32_input_bytes=28856
strided_masked_F16 cast_f32 host median_ms=0.167416 p90_ms=0.175000 samples_ms=[0.17075, 0.169375, 0.16941699999999998, 0.171583, 0.16908299999999998, 0.156792, 0.174334, 0.170375, 0.174042, 0.157542, 0.166625, 0.170917, 0.16695800000000002, 0.16458299999999998, 0.164542, 0.16591699999999998, 0.158916, 0.167416, 0.175, 0.176792, 0.17675, 0.164542, 0.16258399999999998, 0.163292, 0.166417, 0.172834, 0.176625, 0.16679100000000002, 0.172958, 0.15875, 0.157041]
strided_masked_F16 cast_f32 gpu median_ms=0.050875 p90_ms=0.051334 samples_ms=[0.05, 0.051458, 0.051083, 0.050959, 0.05025, 0.05025, 0.050917, 0.051333, 0.050875, 0.051334, 0.049833, 0.051167, 0.049834, 0.050167, 0.050917, 0.049917, 0.050875, 0.051166, 0.051083, 0.051958, 0.051709, 0.050709, 0.051333, 0.050209, 0.050542, 0.051125, 0.05, 0.050458, 0.051, 0.050166, 0.049958]
strided_masked_F16 direct_low host median_ms=0.177709 p90_ms=0.187708 samples_ms=[0.185416, 0.315, 0.170792, 0.180459, 0.183417, 0.174208, 0.17770899999999998, 0.17033299999999998, 0.177584, 0.181125, 0.169667, 0.183375, 0.169084, 0.169291, 0.181166, 0.169042, 0.173667, 0.17966600000000002, 0.188916, 0.189958, 0.18770799999999999, 0.178541, 0.173375, 0.173875, 0.175542, 0.173292, 0.178334, 0.178083, 0.16387500000000002, 0.18125, 0.164166]
strided_masked_F16 direct_low gpu median_ms=0.061667 p90_ms=0.062791 samples_ms=[0.061875, 0.061375, 0.061375, 0.061542, 0.061625, 0.061708, 0.061625, 0.064416, 0.061708, 0.06125, 0.061583, 0.064917, 0.061667, 0.061542, 0.062167, 0.061334, 0.061667, 0.061083, 0.0625, 0.062375, 0.062167, 0.061791, 0.06175, 0.062791, 0.063166, 0.062584, 0.061833, 0.061542, 0.0615, 0.061625, 0.061458]
case=strided_masked dtype=Bf16 Hq=6 Hkv=2 Lq=7 Lk=65 D=17 Dv=33 strided_masked=true removed_f32_input_bytes=28856
strided_masked_Bf16 cast_f32 host median_ms=0.159250 p90_ms=0.170542 samples_ms=[0.155083, 0.169125, 0.16695800000000002, 0.1585, 0.16124999999999998, 0.15504099999999998, 0.157291, 0.15345899999999998, 0.15420899999999998, 0.1555, 0.157375, 0.15575, 0.155167, 0.159916, 0.153416, 0.155709, 0.18425, 0.172125, 0.168292, 0.157084, 0.15912500000000002, 0.15925, 0.17033299999999998, 0.171958, 0.158541, 0.168667, 0.16558299999999998, 0.16129100000000002, 0.16070900000000002, 0.17024999999999998, 0.170542]
strided_masked_Bf16 cast_f32 gpu median_ms=0.049958 p90_ms=0.051042 samples_ms=[0.04975, 0.050042, 0.050875, 0.049791, 0.049667, 0.04975, 0.04975, 0.05, 0.049833, 0.049833, 0.04975, 0.049875, 0.04975, 0.049792, 0.049625, 0.05, 0.049875, 0.051084, 0.051208, 0.051041, 0.051042, 0.050875, 0.050917, 0.050833, 0.049791, 0.051, 0.049958, 0.049959, 0.049875, 0.051084, 0.050958]
strided_masked_Bf16 direct_low host median_ms=0.161166 p90_ms=0.173792 samples_ms=[0.159209, 0.158625, 0.164792, 0.288167, 0.160708, 0.161166, 0.160875, 0.163584, 0.15625, 0.156709, 0.156792, 0.159625, 0.233125, 0.154166, 0.156, 0.152166, 0.15812500000000002, 0.167792, 0.170583, 0.169917, 0.165167, 0.171, 0.169792, 0.170458, 0.156459, 0.166458, 0.171583, 0.16025, 0.15754100000000001, 0.173792, 0.17541700000000002]
strided_masked_Bf16 direct_low gpu median_ms=0.054042 p90_ms=0.054292 samples_ms=[0.053667, 0.054167, 0.054042, 0.054209, 0.053708, 0.053917, 0.054292, 0.054208, 0.053958, 0.054, 0.053792, 0.054041, 0.053875, 0.054166, 0.053792, 0.054291, 0.053792, 0.054042, 0.0545, 0.054209, 0.053833, 0.054292, 0.054, 0.054458, 0.053917, 0.054292, 0.053875, 0.054416, 0.053625, 0.054167, 0.054292]
