warning: binary `wgsl_export` should have a kebab-case name
  |
1 | /Users/themoretheless/Documents/Sources/open-scad-viewer/crates/target/.../wgsl_export
  |                                                                            ^^^^^^^^^^^
  |
  = note: `cargo::non_kebab_case_bins` is set to `warn` by default
help: to change the binary name to `wgsl-export`, convert the file stem
  |
1 - src/bin/wgsl_export.rs
1 + src/bin/wgsl-export.rs
  |
warning: `raster-core` (manifest) generated 1 warning
   Compiling compute-core v0.1.0 (/Users/themoretheless/Documents/Sources/open-scad-viewer/crates/compute-core)
    Finished `dev` profile [unoptimized + debuginfo] target(s) in 0.37s
     Running `crates/target/debug/examples/bench_tensor_normalization`
backend=metal;31rotated samples;200msheld warmup;residentinputs;reusedprograms;separate unprofiled host+readback and GPUsharedpass timings;f64reference everyrun
case=small_rows shape=[32, 33] strides=[33, 1] axis=1 values=1056
composition host median_ms=0.412209 p90_ms=0.426792 samples_ms=[0.420375, 0.443042, 0.412, 0.35716699999999996, 0.357833, 0.349875, 0.408542, 0.356375, 0.361334, 0.47562499999999996, 0.49050000000000005, 0.42329100000000003, 0.42054199999999997, 0.41625, 0.41274999999999995, 0.423166, 0.42204200000000003, 0.34487500000000004, 0.335167, 0.34658300000000003, 0.34895899999999996, 0.35100000000000003, 0.356875, 0.349541, 0.35154199999999997, 0.41220900000000005, 0.419833, 0.426792, 0.420333, 0.421583, 0.421334]
composition gpu median_ms=0.021792 p90_ms=0.090500 samples_ms=[0.087416, 0.0855, 0.021542, 0.021708, 0.021292, 0.021708, 0.021375, 0.021667, 0.021625, 0.021584, 0.082042, 0.090291, 0.087334, 0.082584, 0.079667, 0.090291, 0.093875, 0.021375, 0.021584, 0.021542, 0.021292, 0.021417, 0.021792, 0.021667, 0.021209, 0.090625, 0.090375, 0.09075, 0.090208, 0.082625, 0.0905]
row_stats host median_ms=0.378458 p90_ms=0.433416 samples_ms=[0.447333, 0.451708, 0.360917, 0.37845799999999996, 0.37720899999999996, 0.373834, 0.367292, 0.369417, 0.375917, 0.367834, 0.421, 0.4205, 0.42220799999999997, 0.49850000000000005, 0.424875, 0.427167, 0.42370800000000003, 0.361791, 0.361417, 0.367291, 0.364875, 0.371292, 0.367125, 0.365792, 0.363041, 0.429542, 0.426375, 0.4275, 0.419875, 0.42616699999999996, 0.433416]
row_stats gpu median_ms=0.066042 p90_ms=0.081292 samples_ms=[0.075083, 0.075417, 0.021209, 0.021125, 0.021292, 0.021125, 0.021375, 0.021167, 0.021333, 0.021083, 0.076334, 0.075625, 0.078084, 0.078666, 0.078208, 0.075667, 0.078209, 0.021166, 0.021625, 0.021167, 0.021459, 0.021, 0.021834, 0.021208, 0.066042, 0.081959, 0.075166, 0.081292, 0.078333, 0.0815, 0.081584]
case=long_row shape=[1, 1048579] strides=[1048579, 1] axis=1 values=1048579
composition host median_ms=8.611125 p90_ms=8.771292 samples_ms=[8.828292, 8.724041999999999, 8.754458, 8.829, 8.821958, 8.728167000000001, 8.765417, 8.630333, 8.771292, 8.759083, 8.608167, 8.524791, 8.639249999999999, 8.719292, 8.5145, 8.482916999999999, 8.5065, 8.568292, 8.643792000000001, 8.734459, 8.541084, 8.552707999999999, 8.572041, 8.558333, 8.56725, 8.574208, 8.674916, 8.5425, 8.611125000000001, 8.548917, 8.223792000000001]
composition gpu median_ms=0.858917 p90_ms=0.868208 samples_ms=[0.856709, 0.863958, 0.855417, 0.858917, 0.86625, 0.876625, 0.858417, 0.861167, 0.856208, 0.868875, 0.846792, 0.852667, 0.859958, 0.86, 0.853042, 0.870625, 0.859917, 0.856708, 0.865458, 0.852458, 0.854791, 0.868208, 0.858916, 0.854458, 0.853166, 0.862291, 0.867375, 0.851959, 0.86025, 0.856291, 0.859292]
row_stats host median_ms=8.570667 p90_ms=8.622750 samples_ms=[8.421041, 8.591417, 8.623083, 8.666875, 8.584416, 8.593584, 8.442083, 8.570667, 8.583209, 8.542917000000001, 8.431583, 8.298542000000001, 8.419459, 8.391708, 8.610958, 8.586833, 8.841, 8.385792, 8.590292, 8.596875, 8.392, 8.327584, 8.62275, 8.616791000000001, 8.466792000000002, 8.476083000000001, 8.459249999999999, 8.437583, 8.573542, 8.347459, 8.5825]
row_stats gpu median_ms=0.713041 p90_ms=0.719417 samples_ms=[0.719417, 0.710375, 0.714666, 0.708917, 0.715875, 0.710542, 0.71, 0.721208, 0.713041, 0.711042, 0.712333, 0.715833, 0.705958, 0.70875, 0.709916, 0.711333, 0.717375, 0.711375, 0.714125, 0.708625, 0.71475, 0.710125, 0.714875, 0.715125, 0.716833, 0.710958, 0.714667, 0.715583, 0.725167, 0.720583, 0.710833]
case=many_rows shape=[4096, 257] strides=[257, 1] axis=1 values=1052672
composition host median_ms=9.253042 p90_ms=9.402417 samples_ms=[9.23675, 9.070375, 9.235958, 9.425709000000001, 9.319749999999999, 9.116000000000001, 9.258333, 9.14525, 9.661583, 9.139959, 9.079708, 9.402417, 9.439458, 9.072000000000001, 9.253041999999999, 9.25575, 9.310792, 9.243667, 8.984499999999999, 9.115875, 9.121958, 9.310333, 9.356417, 9.110334, 9.291417, 9.133125000000001, 9.127917, 9.254125, 9.350125, 9.270375000000001, 9.288208]
composition gpu median_ms=1.386000 p90_ms=1.396833 samples_ms=[1.381625, 1.380917, 1.414083, 1.378792, 1.382167, 1.385041, 1.376833, 1.386, 1.387166, 1.389208, 1.383542, 1.385334, 1.377917, 1.396833, 1.392333, 1.389875, 1.403916, 1.396042, 1.381542, 1.386625, 1.386792, 1.382417, 1.378459, 1.387417, 1.380833, 1.390625, 1.375625, 1.377667, 1.390291, 1.40125, 1.394375]
row_stats host median_ms=8.751666 p90_ms=8.837583 samples_ms=[8.657875, 8.606375, 8.629584, 9.016, 8.679499999999999, 8.566541, 8.762125000000001, 8.695166, 8.957666, 8.724499999999999, 8.771374999999999, 8.828958, 8.613417, 8.683791999999999, 8.760041, 8.8, 8.61825, 8.75475, 8.643292, 8.616083999999999, 8.619542, 8.690375, 8.778834, 8.779666, 8.564874999999999, 8.786166, 8.819875, 8.837583, 8.751666, 8.843125, 8.804375]
row_stats gpu median_ms=0.913833 p90_ms=0.919250 samples_ms=[0.910917, 0.92275, 0.913583, 0.912667, 0.920625, 0.917, 0.915041, 0.91525, 0.913833, 0.913709, 0.910167, 0.908916, 0.916792, 0.907375, 0.918708, 0.914, 0.911833, 0.916166, 0.908709, 0.91925, 0.91475, 0.910708, 0.91225, 0.90975, 0.909333, 0.908125, 0.911708, 0.9195, 0.914375, 0.91675, 0.917959]
case=strided_rows shape=[1025, 1024] strides=[1, 1025] axis=1 values=1049600
composition host median_ms=8.846083 p90_ms=8.983291 samples_ms=[9.084625, 8.903583, 8.983291, 8.87775, 8.928291, 8.746208, 8.828249999999999, 8.925084, 8.997583, 8.874833, 8.716333, 8.828249999999999, 9.189499999999999, 8.781291, 8.976167, 8.846083, 8.690916999999999, 8.840792, 8.844125, 8.861125, 8.86825, 8.700375, 8.758625, 8.694917, 8.899417, 8.859833, 8.811291, 8.812458000000001, 8.879208, 8.579875000000001, 8.680250000000001]
composition gpu median_ms=0.989084 p90_ms=0.995792 samples_ms=[0.998917, 0.991459, 0.989084, 0.981542, 0.9895, 0.996209, 0.995125, 0.995208, 0.988667, 0.98575, 0.995792, 0.993542, 0.96975, 0.986708, 0.986958, 0.984292, 0.991166, 0.986459, 0.982458, 0.997208, 0.983375, 0.987542, 0.988167, 0.9885, 0.991208, 0.992625, 0.981167, 0.9905, 0.975625, 0.990334, 0.994208]
row_stats host median_ms=8.346750 p90_ms=8.589625 samples_ms=[8.580499999999999, 8.195667, 8.338750000000001, 8.589625, 8.395458, 8.266, 8.504042, 8.393875, 8.367375, 8.70725, 7.9062079999999995, 8.478625, 8.726208, 8.598875000000001, 8.548625000000001, 8.31975, 8.306, 8.34675, 8.30125, 8.4335, 8.301083, 8.317375, 8.370791, 8.265042000000001, 8.25475, 8.252125000000001, 8.509791, 8.521542, 8.279542000000001, 8.218291, 8.323875]
row_stats gpu median_ms=0.577875 p90_ms=0.588625 samples_ms=[0.578209, 0.574166, 0.579542, 0.583, 0.563791, 0.571709, 0.584292, 0.570666, 0.574458, 0.589291, 0.577875, 0.568584, 0.577375, 0.561583, 0.573709, 0.567375, 0.573334, 0.588625, 0.586875, 0.582583, 0.578083, 0.57525, 0.573416, 0.572291, 0.571292, 0.579917, 0.578667, 0.585958, 0.585125, 0.589041, 0.592959]
