$ /Users/themoretheless/Documents/Sources/open-scad-viewer/crates/target/release/examples/bench_tensor_low_attention
backend=metal;31 rotated samples;200ms warmup;resident low QKV;f32 output;reused programs;separate unprofiled host+readback and GPU shared-pass timings;independent dense f64 reference;every result checked after timing
case=small dtype=F16 Hq=1 Hkv=1 Lq=17 Lk=65 D=17 Dv=33 strided_masked=false removed_f32_input_bytes=14156
small_F16 cast_f32 host median_ms=0.183709 p90_ms=0.189958 samples_ms=[0.170208, 0.18116700000000002, 0.183542, 0.183709, 0.177292, 0.185875, 0.186833, 0.187667, 0.180792, 0.188333, 0.18929200000000002, 0.27925, 0.18704099999999999, 0.188417, 0.174917, 0.171625, 0.170709, 0.1815, 0.189958, 0.322917, 0.186125, 0.175375, 0.17775000000000002, 0.184875, 0.18812500000000001, 0.179, 0.17512499999999998, 0.189667, 0.330625, 0.175375, 0.176208]
small_F16 cast_f32 gpu median_ms=0.061541 p90_ms=0.064625 samples_ms=[0.060708, 0.061708, 0.061916, 0.060583, 0.061333, 0.0615, 0.061125, 0.060916, 0.062584, 0.0625, 0.064708, 0.060833, 0.062667, 0.061666, 0.064625, 0.061084, 0.061292, 0.061417, 0.06425, 0.064667, 0.062, 0.061416, 0.061541, 0.061083, 0.062625, 0.062375, 0.061, 0.064666, 0.060917, 0.062625, 0.061]
small_F16 direct_low host median_ms=0.185625 p90_ms=0.192750 samples_ms=[0.17450000000000002, 0.185625, 0.171292, 0.17024999999999998, 0.1875, 0.19275, 0.190166, 0.17925, 0.185042, 0.18720799999999999, 0.191375, 0.17675, 0.19958399999999998, 0.184042, 0.1915, 0.1915, 0.18241700000000002, 0.19275, 0.17775000000000002, 0.18525, 0.188541, 0.1905, 0.186167, 0.179958, 0.180542, 0.18854200000000002, 0.180375, 0.186125, 0.19333299999999998, 0.178208, 0.18325]
small_F16 direct_low gpu median_ms=0.068208 p90_ms=0.068667 samples_ms=[0.067167, 0.067042, 0.067083, 0.067209, 0.067875, 0.068, 0.068125, 0.067917, 0.068291, 0.068375, 0.068375, 0.068417, 0.068333, 0.068042, 0.068792, 0.068416, 0.068, 0.068667, 0.068041, 0.068125, 0.068583, 0.068958, 0.069042, 0.068209, 0.067833, 0.068, 0.068208, 0.068583, 0.06825, 0.068167, 0.068625]
case=small dtype=Bf16 Hq=1 Hkv=1 Lq=17 Lk=65 D=17 Dv=33 strided_masked=false removed_f32_input_bytes=14156
small_Bf16 cast_f32 host median_ms=0.175125 p90_ms=0.183500 samples_ms=[0.160792, 0.185708, 0.178167, 0.1815, 0.17391600000000002, 0.16433299999999998, 0.164458, 0.17108299999999999, 0.1835, 0.168708, 0.178125, 0.18075, 0.178958, 0.180042, 0.172667, 0.173458, 0.183917, 0.166, 0.305334, 0.17512499999999998, 0.182041, 0.18116700000000002, 0.180084, 0.18120899999999998, 0.173333, 0.17441700000000002, 0.17275, 0.17133299999999999, 0.178791, 0.16899999999999998, 0.169125]
small_Bf16 cast_f32 gpu median_ms=0.061417 p90_ms=0.061709 samples_ms=[0.060333, 0.061584, 0.060583, 0.061667, 0.0615, 0.061833, 0.061459, 0.060375, 0.061416, 0.060709, 0.061375, 0.061584, 0.061417, 0.060667, 0.060291, 0.061625, 0.0615, 0.061709, 0.061291, 0.061792, 0.060458, 0.0615, 0.061417, 0.060625, 0.061584, 0.061792, 0.060209, 0.060459, 0.061458, 0.061666, 0.060125]
small_Bf16 direct_low host median_ms=0.177125 p90_ms=0.179958 samples_ms=[0.160667, 0.174708, 0.176291, 0.178875, 0.176375, 0.177125, 0.180083, 0.165834, 0.17716600000000002, 0.167083, 0.178542, 0.166041, 0.178875, 0.177584, 0.164, 0.179334, 0.179958, 0.177584, 0.17891700000000002, 0.16866599999999998, 0.176375, 0.17758300000000002, 0.16837500000000002, 0.171958, 0.178167, 0.180625, 0.2945, 0.16404200000000002, 0.17216700000000001, 0.177792, 0.174792]
small_Bf16 direct_low gpu median_ms=0.060750 p90_ms=0.061000 samples_ms=[0.060333, 0.060792, 0.060791, 0.06375, 0.060708, 0.061125, 0.060875, 0.061, 0.060709, 0.060791, 0.060958, 0.06025, 0.060792, 0.060708, 0.060334, 0.060209, 0.060833, 0.06075, 0.060833, 0.060792, 0.060125, 0.061, 0.060292, 0.060208, 0.060917, 0.06075, 0.060333, 0.060292, 0.060917, 0.060292, 0.060083]
case=decode dtype=F16 Hq=4 Hkv=2 Lq=1 Lk=4097 D=64 Dv=64 strided_masked=false removed_f32_input_bytes=4196352
decode_F16 cast_f32 host median_ms=0.414750 p90_ms=0.419458 samples_ms=[0.41804199999999997, 0.404583, 0.418375, 0.41637500000000005, 0.420167, 0.392292, 0.410042, 0.417541, 0.414792, 0.411041, 0.419458, 0.396875, 0.41795899999999997, 0.46341699999999997, 0.417041, 0.414334, 0.41354199999999997, 0.408542, 0.414958, 0.408375, 0.416417, 0.39795899999999995, 0.40125, 0.41475, 0.417875, 0.396833, 0.395, 0.413125, 0.5762090000000001, 0.416542, 0.402292]
decode_F16 cast_f32 gpu median_ms=0.283250 p90_ms=0.287000 samples_ms=[0.286583, 0.28325, 0.282625, 0.285959, 0.286041, 0.278333, 0.276292, 0.285958, 0.276166, 0.283917, 0.279292, 0.28275, 0.286209, 0.287, 0.278959, 0.286208, 0.287166, 0.284458, 0.282083, 0.278333, 0.287083, 0.281959, 0.285291, 0.285584, 0.287, 0.275917, 0.275917, 0.287834, 0.281625, 0.278167, 0.275541]
decode_F16 direct_low host median_ms=0.432042 p90_ms=0.442667 samples_ms=[0.42575, 0.44708299999999995, 0.432042, 0.438666, 0.43020800000000003, 0.429, 0.435375, 0.432458, 0.44025, 0.431625, 0.442667, 0.439791, 0.427792, 0.44025, 0.427042, 0.434584, 0.440917, 0.434667, 0.444708, 0.436042, 0.443083, 0.42804200000000003, 0.427167, 0.434875, 0.43183400000000005, 0.424, 0.430958, 0.427333, 0.427625, 0.425167, 0.428084]
decode_F16 direct_low gpu median_ms=0.315166 p90_ms=0.318417 samples_ms=[0.314667, 0.314208, 0.314083, 0.317958, 0.315166, 0.317833, 0.31475, 0.314917, 0.317833, 0.318792, 0.318208, 0.318459, 0.318292, 0.318333, 0.31425, 0.317625, 0.314375, 0.314791, 0.314917, 0.318416, 0.318292, 0.318959, 0.3145, 0.318417, 0.314542, 0.314291, 0.314292, 0.314292, 0.317583, 0.317834, 0.314833]
case=decode dtype=Bf16 Hq=4 Hkv=2 Lq=1 Lk=4097 D=64 Dv=64 strided_masked=false removed_f32_input_bytes=4196352
decode_Bf16 cast_f32 host median_ms=0.429584 p90_ms=0.454042 samples_ms=[0.43308399999999997, 0.423709, 0.41783400000000004, 0.424, 0.42483400000000004, 0.419417, 0.415041, 0.446375, 0.425083, 0.425125, 0.43358300000000005, 0.429584, 0.454042, 0.440125, 0.459291, 0.5632919999999999, 0.451709, 0.44975, 0.45233399999999996, 0.438458, 0.441541, 0.442417, 0.45795800000000003, 0.43929100000000004, 0.41812499999999997, 0.423125, 0.420041, 0.42125, 0.42404200000000003, 0.423667, 0.427917]
decode_Bf16 cast_f32 gpu median_ms=0.274208 p90_ms=0.281333 samples_ms=[0.273042, 0.273541, 0.2735, 0.273792, 0.273416, 0.274042, 0.2785, 0.277833, 0.283666, 0.279583, 0.282875, 0.281333, 0.273833, 0.274083, 0.273834, 0.274541, 0.281875, 0.276792, 0.274584, 0.277125, 0.273709, 0.274459, 0.273458, 0.27325, 0.273833, 0.274291, 0.27375, 0.274208, 0.274583, 0.274417, 0.273709]
decode_Bf16 direct_low host median_ms=0.396459 p90_ms=0.424042 samples_ms=[0.39883300000000005, 0.39575, 0.390833, 0.390334, 0.38325000000000004, 0.391083, 0.386041, 0.38575000000000004, 0.386541, 0.388333, 0.479083, 0.392708, 0.41820799999999997, 0.42404200000000003, 0.412125, 0.425958, 0.424375, 0.40808300000000003, 0.399875, 0.414959, 0.396459, 0.41579099999999997, 0.400334, 0.408375, 0.392042, 0.39825, 0.384625, 0.406208, 0.389458, 0.38804099999999997, 0.392]
decode_Bf16 direct_low gpu median_ms=0.249042 p90_ms=0.252458 samples_ms=[0.248792, 0.24925, 0.24875, 0.248792, 0.24875, 0.249042, 0.252333, 0.252333, 0.252458, 0.249125, 0.249291, 0.252709, 0.248833, 0.249125, 0.248958, 0.249042, 0.252417, 0.249083, 0.2495, 0.252458, 0.248875, 0.252459, 0.248791, 0.248709, 0.24875, 0.249, 0.248833, 0.249167, 0.248916, 0.249208, 0.248541]
case=prefill dtype=F16 Hq=2 Hkv=2 Lq=128 Lk=257 D=64 Dv=64 strided_masked=false removed_f32_input_bytes=328704
prefill_F16 cast_f32 host median_ms=0.407958 p90_ms=0.417334 samples_ms=[0.384792, 0.417334, 0.41362499999999996, 0.397667, 0.397209, 0.406292, 0.407541, 0.411458, 0.406208, 0.397125, 0.400333, 0.415125, 0.408208, 0.402708, 0.40004199999999995, 0.41162499999999996, 0.40141699999999997, 0.41350000000000003, 0.409292, 0.41175, 0.406875, 0.4265, 0.42225, 0.420834, 0.41625, 0.407958, 0.41266600000000003, 0.400667, 0.393292, 0.406458, 0.408875]
prefill_F16 cast_f32 gpu median_ms=0.235625 p90_ms=0.238333 samples_ms=[0.23575, 0.236959, 0.235458, 0.235167, 0.235625, 0.235417, 0.235625, 0.237083, 0.236458, 0.235292, 0.235584, 0.235167, 0.235584, 0.238625, 0.236833, 0.237042, 0.235084, 0.238333, 0.235875, 0.235375, 0.235334, 0.239875, 0.235542, 0.235083, 0.238917, 0.235166, 0.235166, 0.235583, 0.236, 0.235834, 0.236458]
prefill_F16 direct_low host median_ms=0.512083 p90_ms=0.522792 samples_ms=[0.493375, 0.522792, 0.5036660000000001, 0.517833, 0.5037079999999999, 0.515875, 0.5079589999999999, 0.512083, 0.5159579999999999, 0.49787500000000007, 0.5111669999999999, 0.509625, 0.507791, 0.514916, 0.513125, 0.49858300000000005, 0.512958, 0.5045, 0.580083, 0.51175, 0.536333, 0.512292, 0.5127079999999999, 0.740125, 0.514041, 0.50325, 0.5134160000000001, 0.512709, 0.509166, 0.502, 0.5035000000000001]
prefill_F16 direct_low gpu median_ms=0.341667 p90_ms=0.346084 samples_ms=[0.34125, 0.342042, 0.340917, 0.341042, 0.341125, 0.341208, 0.340917, 0.341709, 0.340917, 0.346875, 0.345792, 0.341666, 0.340667, 0.341833, 0.341917, 0.345833, 0.341584, 0.346084, 0.341416, 0.341708, 0.346291, 0.34175, 0.341083, 0.341875, 0.340959, 0.341792, 0.341791, 0.341584, 0.341667, 0.346667, 0.341084]
case=prefill dtype=Bf16 Hq=2 Hkv=2 Lq=128 Lk=257 D=64 Dv=64 strided_masked=false removed_f32_input_bytes=328704
prefill_Bf16 cast_f32 host median_ms=0.407625 p90_ms=0.413750 samples_ms=[0.403084, 0.406333, 0.399334, 0.40133399999999997, 0.40808300000000003, 0.403917, 0.424208, 0.410708, 0.406583, 0.406458, 0.41375, 0.411834, 0.407917, 0.521708, 0.410584, 0.41225, 0.410417, 0.5159579999999999, 0.407625, 0.402417, 0.404416, 0.411458, 0.40725, 0.404041, 0.403208, 0.399334, 0.388875, 0.410916, 0.40925, 0.406209, 0.408959]
prefill_Bf16 cast_f32 gpu median_ms=0.235417 p90_ms=0.236292 samples_ms=[0.234375, 0.23475, 0.235417, 0.236375, 0.235583, 0.235417, 0.234958, 0.236292, 0.2355, 0.235333, 0.235875, 0.236625, 0.235208, 0.234708, 0.235541, 0.235, 0.234583, 0.234666, 0.234917, 0.2365, 0.236292, 0.236084, 0.235458, 0.235792, 0.234459, 0.234708, 0.235167, 0.23525, 0.235084, 0.236083, 0.235459]
prefill_Bf16 direct_low host median_ms=0.446208 p90_ms=0.452000 samples_ms=[0.44095799999999996, 0.4395, 0.438583, 0.451208, 0.44425, 0.44837499999999997, 0.439833, 0.44595799999999997, 0.460833, 0.444417, 0.44620800000000005, 0.548959, 0.450125, 0.450083, 0.44916599999999995, 0.441125, 0.436417, 0.44316700000000003, 0.4365, 0.432333, 0.44708299999999995, 0.449542, 0.451291, 0.45199999999999996, 0.44775000000000004, 0.439417, 0.445166, 0.450583, 0.438042, 0.449125, 0.457833]
prefill_Bf16 direct_low gpu median_ms=0.275333 p90_ms=0.278334 samples_ms=[0.275333, 0.275541, 0.275, 0.275209, 0.274917, 0.275333, 0.275084, 0.2755, 0.2745, 0.275792, 0.275708, 0.279041, 0.278917, 0.275417, 0.274625, 0.275292, 0.275417, 0.275292, 0.275917, 0.275167, 0.274875, 0.275667, 0.274625, 0.274708, 0.278334, 0.2755, 0.275042, 0.279792, 0.275, 0.275292, 0.278333]
case=wide_value_gqa dtype=F16 Hq=4 Hkv=2 Lq=65 Lk=257 D=32 Dv=129 strided_masked=false removed_f32_input_bytes=364296
wide_value_gqa_F16 cast_f32 host median_ms=0.509417 p90_ms=0.521667 samples_ms=[0.510042, 0.507667, 0.505792, 0.513, 0.525709, 0.557834, 0.514, 0.503834, 0.504042, 0.509583, 0.520625, 0.50825, 0.510916, 0.508541, 0.51025, 0.5019589999999999, 0.612417, 0.5087499999999999, 0.508792, 0.509417, 0.504833, 0.521667, 0.521125, 0.516583, 0.5017090000000001, 0.505292, 0.508959, 0.509625, 0.501208, 0.514042, 0.507625]
wide_value_gqa_F16 cast_f32 gpu median_ms=0.351083 p90_ms=0.352333 samples_ms=[0.350375, 0.352667, 0.352, 0.351292, 0.351333, 0.351125, 0.351875, 0.350875, 0.351625, 0.350291, 0.350167, 0.352334, 0.351208, 0.352583, 0.350458, 0.350292, 0.350041, 0.351125, 0.350875, 0.350583, 0.350916, 0.350042, 0.352292, 0.351083, 0.349833, 0.351542, 0.352333, 0.349625, 0.352292, 0.351, 0.350292]
wide_value_gqa_F16 direct_low host median_ms=0.678791 p90_ms=0.732833 samples_ms=[0.718334, 0.721042, 0.627083, 0.6220410000000001, 0.625334, 0.6801659999999999, 0.628541, 0.672208, 0.732833, 0.731916, 0.627584, 0.720583, 0.6295, 0.631083, 0.6266660000000001, 0.721042, 0.7334579999999999, 0.717042, 0.625292, 0.622666, 0.723834, 0.740958, 0.635416, 0.732042, 0.6393749999999999, 0.678791, 0.6326660000000001, 0.739833, 0.681292, 0.641958, 0.723959]
wide_value_gqa_F16 direct_low gpu median_ms=0.472125 p90_ms=0.473792 samples_ms=[0.473792, 0.46625, 0.47225, 0.472167, 0.472167, 0.46975, 0.472417, 0.4725, 0.469958, 0.467792, 0.469417, 0.470083, 0.475167, 0.468833, 0.470458, 0.472041, 0.472833, 0.473334, 0.472333, 0.46625, 0.47125, 0.471291, 0.472375, 0.472833, 0.472625, 0.47525, 0.474583, 0.471375, 0.471042, 0.47, 0.472125]
case=wide_value_gqa dtype=Bf16 Hq=4 Hkv=2 Lq=65 Lk=257 D=32 Dv=129 strided_masked=false removed_f32_input_bytes=364296
wide_value_gqa_Bf16 cast_f32 host median_ms=0.509500 p90_ms=0.523959 samples_ms=[0.528417, 0.63475, 0.513334, 0.506209, 0.5095, 0.5095419999999999, 0.523959, 0.505583, 0.510334, 0.508791, 0.512167, 0.506625, 0.512041, 0.511583, 0.506458, 0.5059170000000001, 0.505416, 0.510583, 0.506875, 0.50325, 0.509417, 0.507333, 0.507625, 0.519584, 0.519625, 0.5034590000000001, 0.503791, 0.505416, 0.6268750000000001, 0.521209, 0.512541]
wide_value_gqa_Bf16 cast_f32 gpu median_ms=0.350750 p90_ms=0.351916 samples_ms=[0.349667, 0.350459, 0.352125, 0.3515, 0.351916, 0.350667, 0.351041, 0.35075, 0.349125, 0.34975, 0.351875, 0.351666, 0.348792, 0.351459, 0.350875, 0.351042, 0.348042, 0.3505, 0.350583, 0.349916, 0.3515, 0.350291, 0.348875, 0.350375, 0.348625, 0.351167, 0.351625, 0.350917, 0.352375, 0.352584, 0.348667]
wide_value_gqa_Bf16 direct_low host median_ms=0.551416 p90_ms=0.604500 samples_ms=[0.554875, 0.553125, 0.5491670000000001, 0.542916, 0.554791, 0.616291, 0.5640839999999999, 0.551416, 0.5526249999999999, 0.544458, 0.548167, 0.653416, 0.550791, 0.5485000000000001, 0.5587920000000001, 0.5479999999999999, 0.55375, 0.552291, 0.553667, 0.542333, 0.6045, 0.7258749999999999, 0.5460419999999999, 0.5485410000000001, 0.5624579999999999, 0.5402910000000001, 0.546292, 0.544416, 0.546458, 0.54875, 0.5576249999999999]
wide_value_gqa_Bf16 direct_low gpu median_ms=0.390458 p90_ms=0.392292 samples_ms=[0.389125, 0.392209, 0.389875, 0.395041, 0.388083, 0.389333, 0.388167, 0.3925, 0.390542, 0.390625, 0.38975, 0.390458, 0.388708, 0.390542, 0.389292, 0.390833, 0.389417, 0.392292, 0.390125, 0.389625, 0.390542, 0.3905, 0.392041, 0.389375, 0.39025, 0.392083, 0.3905, 0.396666, 0.390375, 0.390792, 0.389542]
case=strided_masked dtype=F16 Hq=6 Hkv=2 Lq=7 Lk=65 D=17 Dv=33 strided_masked=true removed_f32_input_bytes=28856
strided_masked_F16 cast_f32 host median_ms=0.157083 p90_ms=0.159375 samples_ms=[0.153333, 0.150584, 0.15304199999999998, 0.151125, 0.15420899999999998, 0.1945, 0.154708, 0.151458, 0.15175, 0.155333, 0.155917, 0.156, 0.157083, 0.159792, 0.158333, 0.159, 0.157833, 0.15937500000000002, 0.159833, 0.157334, 0.15920800000000002, 0.157084, 0.15804200000000002, 0.159209, 0.158667, 0.158208, 0.159333, 0.151375, 0.152084, 0.149333, 0.152166]
strided_masked_F16 cast_f32 gpu median_ms=0.050208 p90_ms=0.050750 samples_ms=[0.050083, 0.049792, 0.049958, 0.050042, 0.049958, 0.049833, 0.049834, 0.049917, 0.050083, 0.050208, 0.050375, 0.050334, 0.050542, 0.050125, 0.0505, 0.050375, 0.05075, 0.050167, 0.050666, 0.050542, 0.050625, 0.050667, 0.051042, 0.050792, 0.051084, 0.050167, 0.050542, 0.049708, 0.049958, 0.049834, 0.050209]
strided_masked_F16 direct_low host median_ms=0.162500 p90_ms=0.164250 samples_ms=[0.157625, 0.162083, 0.158, 0.160125, 0.157667, 0.163084, 0.16329100000000002, 0.161, 0.163583, 0.162833, 0.16175, 0.162791, 0.16162500000000002, 0.161833, 0.16354100000000002, 0.16275, 0.1625, 0.16425, 0.16370800000000002, 0.16316599999999998, 0.164417, 0.160667, 0.163792, 0.163459, 0.165417, 0.161917, 0.164625, 0.156833, 0.158916, 0.155042, 0.15495799999999998]
strided_masked_F16 direct_low gpu median_ms=0.057167 p90_ms=0.057959 samples_ms=[0.056375, 0.0565, 0.056292, 0.056375, 0.056458, 0.056583, 0.056583, 0.056375, 0.05725, 0.057125, 0.0575, 0.057708, 0.057417, 0.05725, 0.057542, 0.057333, 0.057125, 0.057208, 0.057125, 0.058292, 0.057167, 0.057833, 0.058, 0.058291, 0.057208, 0.057959, 0.057959, 0.056625, 0.056583, 0.056541, 0.056667]
case=strided_masked dtype=Bf16 Hq=6 Hkv=2 Lq=7 Lk=65 D=17 Dv=33 strided_masked=true removed_f32_input_bytes=28856
strided_masked_Bf16 cast_f32 host median_ms=0.154250 p90_ms=0.157958 samples_ms=[0.14854199999999998, 0.15312499999999998, 0.155541, 0.279166, 0.157416, 0.15520799999999998, 0.15312499999999998, 0.154834, 0.155333, 0.153875, 0.153875, 0.15220899999999998, 0.152375, 0.151625, 0.150459, 0.15795800000000002, 0.152333, 0.155792, 0.156583, 0.15425, 0.15525, 0.153458, 0.14995899999999998, 0.15695800000000001, 0.1525, 0.171209, 0.26045799999999997, 0.155417, 0.157167, 0.15225, 0.15375]
strided_masked_Bf16 cast_f32 gpu median_ms=0.049917 p90_ms=0.050167 samples_ms=[0.049458, 0.049916, 0.050125, 0.049917, 0.049833, 0.050042, 0.050167, 0.049916, 0.050083, 0.049792, 0.050167, 0.050041, 0.049875, 0.050125, 0.049916, 0.049791, 0.049917, 0.049708, 0.049792, 0.050208, 0.049916, 0.049583, 0.050167, 0.049958, 0.049833, 0.049666, 0.05, 0.050417, 0.049709, 0.050125, 0.050125]
strided_masked_Bf16 direct_low host median_ms=0.151208 p90_ms=0.157333 samples_ms=[0.145583, 0.144541, 0.150667, 0.155417, 0.151666, 0.151208, 0.151375, 0.153625, 0.148875, 0.145916, 0.153833, 0.162375, 0.1505, 0.275625, 0.15100000000000002, 0.15554199999999999, 0.15116700000000002, 0.149166, 0.155416, 0.15729200000000002, 0.147958, 0.14908400000000002, 0.157333, 0.14962499999999998, 0.1525, 0.14758300000000002, 0.14391600000000002, 0.157375, 0.14975, 0.152292, 0.15308300000000002]
strided_masked_Bf16 direct_low gpu median_ms=0.047959 p90_ms=0.048208 samples_ms=[0.04725, 0.047625, 0.047959, 0.048208, 0.048084, 0.04775, 0.048334, 0.048083, 0.047917, 0.047959, 0.047667, 0.0485, 0.048166, 0.047834, 0.048041, 0.047791, 0.04775, 0.047833, 0.048083, 0.048208, 0.048083, 0.048083, 0.048042, 0.047667, 0.047875, 0.048041, 0.048125, 0.048291, 0.047791, 0.04775, 0.04775]
