warning: binary `wgsl_export` should have a kebab-case name
  |
1 | /Users/themoretheless/Documents/Sources/open-scad-viewer/crates/target/.../wgsl_export
  |                                                                            ^^^^^^^^^^^
  |
  = note: `cargo::non_kebab_case_bins` is set to `warn` by default
help: to change the binary name to `wgsl-export`, convert the file stem
  |
1 - src/bin/wgsl_export.rs
1 + src/bin/wgsl-export.rs
  |
warning: `raster-core` (manifest) generated 1 warning
    Finished `release` profile [optimized] target(s) in 0.05s
     Running `crates/target/release/examples/bench_tensor_reduction_generic`
backend=metal;31rotated samples;200msheld warmup;separate unprofiled host+finalreadback and GPUsharedpass timing;residentinput;f64checks everyrun
case=small_rows shape=[17, 16] strides=[1, 17] axes=[0] output_values=16 reduction_values=17
one_group host median_ms=0.104041 p90_ms=0.116125 samples_ms=[0.093792, 0.115625, 0.116125, 0.122292, 0.103583, 0.10625, 0.105709, 0.10420900000000001, 0.104958, 0.10320800000000001, 0.106875, 0.16483399999999998, 0.10404100000000001, 0.10270800000000001, 0.105583, 0.10708300000000001, 0.10041599999999999, 0.105708, 0.103167, 0.21845799999999999, 0.099875, 0.100625, 0.100458, 0.099709, 0.104875, 0.100209, 0.10162500000000001, 0.100166, 0.10212500000000001, 0.104, 0.105333]
one_group gpu median_ms=0.005791 p90_ms=0.005917 samples_ms=[0.005917, 0.006166, 0.006, 0.005625, 0.005875, 0.005791, 0.00575, 0.005792, 0.005583, 0.005583, 0.005625, 0.005916, 0.005875, 0.005708, 0.005709, 0.00575, 0.00575, 0.00575, 0.005667, 0.005875, 0.005709, 0.005833, 0.005792, 0.005917, 0.005792, 0.005917, 0.005708, 0.005709, 0.005792, 0.005792, 0.0055]
prior_hierarchical host median_ms=0.103000 p90_ms=0.106625 samples_ms=[0.092333, 0.102667, 0.108875, 0.113584, 0.10337500000000001, 0.104458, 0.10308300000000001, 0.10179200000000001, 0.105208, 0.104084, 0.10225000000000001, 0.101542, 0.106458, 0.104542, 0.103167, 0.10241700000000001, 0.106041, 0.101916, 0.10137499999999999, 0.106625, 0.105041, 0.103333, 0.101417, 0.102833, 0.10104199999999999, 0.10129200000000001, 0.10108299999999999, 0.102667, 0.101875, 0.110334, 0.103]
prior_hierarchical gpu median_ms=0.005833 p90_ms=0.005917 samples_ms=[0.005917, 0.005833, 0.00575, 0.006083, 0.005875, 0.005917, 0.005708, 0.00575, 0.005792, 0.005833, 0.005833, 0.005834, 0.005667, 0.005833, 0.005834, 0.005708, 0.005917, 0.005792, 0.00575, 0.005833, 0.005875, 0.005834, 0.00575, 0.005666, 0.005833, 0.005792, 0.005917, 0.005792, 0.005875, 0.00575, 0.005875]
generic_api host median_ms=0.102333 p90_ms=0.106375 samples_ms=[0.099583, 0.10170799999999999, 0.113833, 0.103459, 0.104, 0.104167, 0.10404200000000001, 0.106375, 0.107209, 0.103667, 0.103333, 0.10229200000000001, 0.102333, 0.104125, 0.101791, 0.104625, 0.101, 0.099708, 0.100666, 0.101584, 0.10162500000000001, 0.10370800000000001, 0.102833, 0.1085, 0.10170799999999999, 0.100833, 0.099083, 0.100167, 0.1005, 0.100042, 0.103]
generic_api gpu median_ms=0.005917 p90_ms=0.006042 samples_ms=[0.00575, 0.005958, 0.006167, 0.005958, 0.006, 0.00575, 0.005792, 0.006, 0.005625, 0.005917, 0.006083, 0.005833, 0.005792, 0.005958, 0.005958, 0.005875, 0.005625, 0.006042, 0.006042, 0.005666, 0.005875, 0.005708, 0.006, 0.00575, 0.005791, 0.005917, 0.005875, 0.006041, 0.005917, 0.005792, 0.006167]
case=transposed_full shape=[1025, 1024] strides=[1, 1025] axes=[0, 1] output_values=1 reduction_values=1049600
one_group host median_ms=2.766625 p90_ms=2.817666 samples_ms=[2.71375, 2.758417, 2.715917, 2.750083, 2.759916, 2.772625, 2.7669159999999997, 2.7781659999999997, 2.779291, 2.7835419999999997, 2.7639169999999997, 2.73075, 2.769, 2.7759159999999996, 2.775375, 2.762583, 2.739542, 2.7283749999999998, 2.764042, 2.9971249999999996, 2.755791, 2.766625, 2.774375, 2.847708, 2.817666, 2.7707919999999997, 2.7799579999999997, 2.7632920000000003, 2.898, 2.75875, 2.764958]
one_group gpu median_ms=2.610166 p90_ms=2.614542 samples_ms=[2.588416, 2.582291, 2.605875, 2.612375, 2.614542, 2.609791, 2.611125, 2.612125, 2.646458, 2.609458, 2.60825, 2.600917, 2.613667, 2.610333, 2.611666, 2.614167, 2.586958, 2.581541, 2.68725, 2.653875, 2.57975, 2.591958, 2.610166, 2.605417, 2.598833, 2.60425, 2.613833, 2.6125, 2.610625, 2.611917, 2.609042]
prior_hierarchical host median_ms=0.187917 p90_ms=0.207041 samples_ms=[0.160792, 0.245416, 0.187917, 0.190541, 0.179042, 0.186791, 0.18325, 0.180667, 0.207041, 0.201, 0.183, 0.20133299999999998, 0.196834, 0.196083, 0.196208, 0.18329199999999998, 0.18720799999999999, 0.188625, 0.343291, 0.217583, 0.189708, 0.192917, 0.194208, 0.194625, 0.170875, 0.18675, 0.186666, 0.1735, 0.184334, 0.174292, 0.182709]
prior_hierarchical gpu median_ms=0.038458 p90_ms=0.041833 samples_ms=[0.03825, 0.038208, 0.038334, 0.03875, 0.038375, 0.038625, 0.038834, 0.038083, 0.038416, 0.038125, 0.038833, 0.038833, 0.039375, 0.038375, 0.038416, 0.038292, 0.038542, 0.038458, 0.042083, 0.038209, 0.03825, 0.038417, 0.038667, 0.038417, 0.041875, 0.041584, 0.038958, 0.041917, 0.041833, 0.038291, 0.038959]
generic_api host median_ms=0.188583 p90_ms=0.209167 samples_ms=[0.154875, 0.1445, 0.195459, 0.181667, 0.180917, 0.181625, 0.188625, 0.25387499999999996, 0.20225, 0.185167, 0.186334, 0.19245800000000002, 0.19304200000000002, 0.200084, 0.197625, 0.188083, 0.18637499999999999, 0.18420799999999998, 0.20916700000000002, 0.192917, 0.2625, 0.209583, 0.189834, 0.198666, 0.188583, 0.18470899999999998, 0.206, 0.172667, 0.17737499999999998, 0.18725, 0.17633300000000002]
generic_api gpu median_ms=0.038750 p90_ms=0.041250 samples_ms=[0.038416, 0.038125, 0.038166, 0.03875, 0.039334, 0.038334, 0.038958, 0.038375, 0.039041, 0.038792, 0.038334, 0.038209, 0.039, 0.038583, 0.038834, 0.03875, 0.03825, 0.038292, 0.04125, 0.038375, 0.038708, 0.038333, 0.038792, 0.038208, 0.039042, 0.041875, 0.039125, 0.038708, 0.042, 0.0415, 0.038958]
case=two_axes shape=[1025, 8, 129] strides=[129, 132225, 1] axes=[0, 2] output_values=8 reduction_values=132225
one_group host median_ms=0.455750 p90_ms=0.471333 samples_ms=[0.45029199999999997, 0.456875, 0.461459, 0.5557500000000001, 0.4515, 0.454958, 0.45975, 0.45025000000000004, 0.44837499999999997, 0.455666, 0.45325, 0.457542, 0.460334, 0.468958, 0.449375, 0.45575, 0.454666, 0.471333, 0.465459, 0.452417, 0.4545, 0.459166, 0.459208, 0.506292, 0.45637500000000003, 0.46475, 0.450208, 0.494042, 0.450334, 0.450708, 0.450916]
one_group gpu median_ms=0.320000 p90_ms=0.320500 samples_ms=[0.319791, 0.320834, 0.320459, 0.319417, 0.319667, 0.320334, 0.320125, 0.319417, 0.320292, 0.32025, 0.320166, 0.319833, 0.319708, 0.3205, 0.3205, 0.3195, 0.319917, 0.320125, 0.320875, 0.319583, 0.320375, 0.320417, 0.320166, 0.319625, 0.319917, 0.319875, 0.32, 0.32, 0.319666, 0.319625, 0.320333]
prior_hierarchical host median_ms=0.173958 p90_ms=0.178125 samples_ms=[0.16975, 0.176833, 0.186083, 0.175542, 0.173958, 0.173166, 0.165333, 0.170084, 0.17291600000000001, 0.178125, 0.177167, 0.172125, 0.17291600000000001, 0.17408300000000002, 0.171834, 0.17545899999999998, 0.17124999999999999, 0.180125, 0.17225000000000001, 0.175875, 0.170459, 0.174334, 0.174459, 0.17316700000000002, 0.179167, 0.17675, 0.17495799999999997, 0.169166, 0.16916699999999998, 0.176541, 0.172542]
prior_hierarchical gpu median_ms=0.041333 p90_ms=0.041542 samples_ms=[0.041166, 0.0385, 0.041209, 0.0415, 0.041375, 0.041834, 0.041458, 0.041416, 0.040833, 0.038542, 0.041209, 0.038708, 0.038459, 0.038542, 0.041334, 0.041541, 0.0415, 0.038709, 0.041583, 0.041709, 0.03825, 0.041542, 0.041375, 0.041458, 0.038166, 0.041458, 0.04125, 0.041333, 0.041083, 0.041542, 0.038458]
generic_api host median_ms=0.173625 p90_ms=0.183667 samples_ms=[0.168333, 0.175209, 0.173875, 0.16883299999999998, 0.16491699999999998, 0.184875, 0.166667, 0.283458, 0.172959, 0.174917, 0.172583, 0.168292, 0.17425000000000002, 0.170708, 0.171791, 0.173625, 0.168875, 0.18033400000000002, 0.17175, 0.260166, 0.173958, 0.177625, 0.16924999999999998, 0.172667, 0.183667, 0.17616600000000002, 0.177125, 0.172333, 0.175208, 0.174875, 0.173292]
generic_api gpu median_ms=0.041333 p90_ms=0.041667 samples_ms=[0.041208, 0.041333, 0.038416, 0.038792, 0.038792, 0.038583, 0.041625, 0.0385, 0.0415, 0.041375, 0.04125, 0.041667, 0.041583, 0.038417, 0.038625, 0.041708, 0.041334, 0.041666, 0.041666, 0.0415, 0.041583, 0.038875, 0.043833, 0.038709, 0.041208, 0.041291, 0.041333, 0.038417, 0.042, 0.041458, 0.041541]
case=sixtyfive_rows shape=[65, 65, 257] strides=[16705, 1, 65] axes=[1, 2] output_values=65 reduction_values=16705
one_group host median_ms=0.146750 p90_ms=0.150584 samples_ms=[0.14675, 0.14725, 0.144709, 0.14508300000000002, 0.151458, 0.241834, 0.146875, 0.146542, 0.147291, 0.146917, 0.14633300000000002, 0.1505, 0.14804099999999998, 0.14354099999999997, 0.150167, 0.14387499999999998, 0.145208, 0.144292, 0.148209, 0.14675, 0.146875, 0.150584, 0.145125, 0.145709, 0.146959, 0.214625, 0.146042, 0.146375, 0.146167, 0.143959, 0.145042]
one_group gpu median_ms=0.046291 p90_ms=0.046375 samples_ms=[0.046208, 0.046041, 0.046333, 0.046292, 0.046334, 0.046125, 0.046125, 0.046208, 0.046625, 0.046208, 0.046375, 0.046291, 0.046292, 0.04625, 0.046166, 0.046125, 0.046292, 0.046166, 0.04625, 0.046375, 0.046375, 0.046333, 0.046292, 0.046584, 0.046333, 0.046292, 0.046333, 0.04625, 0.04625, 0.046166, 0.046041]
prior_hierarchical host median_ms=0.143041 p90_ms=0.146541 samples_ms=[0.14354099999999997, 0.143041, 0.144125, 0.15083300000000002, 0.14408300000000002, 0.145084, 0.142041, 0.144292, 0.147916, 0.144667, 0.146625, 0.139125, 0.142208, 0.140625, 0.140458, 0.138208, 0.144708, 0.14162499999999997, 0.142125, 0.142875, 0.140292, 0.140792, 0.14400000000000002, 0.14550000000000002, 0.142542, 0.141875, 0.142375, 0.144958, 0.146541, 0.141375, 0.14387499999999998]
prior_hierarchical gpu median_ms=0.043584 p90_ms=0.043792 samples_ms=[0.043708, 0.043375, 0.043792, 0.04375, 0.040291, 0.043708, 0.040292, 0.040708, 0.040292, 0.043666, 0.043708, 0.040417, 0.043834, 0.040375, 0.043459, 0.043791, 0.040291, 0.043666, 0.043541, 0.04275, 0.043208, 0.043708, 0.040458, 0.043584, 0.043916, 0.043625, 0.040459, 0.039958, 0.043666, 0.043709, 0.043875]
generic_api host median_ms=0.143583 p90_ms=0.146209 samples_ms=[0.1485, 0.143583, 0.146417, 0.146209, 0.14325000000000002, 0.14383300000000002, 0.145458, 0.146542, 0.14550000000000002, 0.144709, 0.143375, 0.140708, 0.144875, 0.139458, 0.139333, 0.140125, 0.142875, 0.1435, 0.140542, 0.14316700000000002, 0.14533300000000002, 0.145, 0.142917, 0.143958, 0.14525000000000002, 0.142083, 0.143959, 0.14408300000000002, 0.14091599999999999, 0.142416, 0.142583]
generic_api gpu median_ms=0.043333 p90_ms=0.043750 samples_ms=[0.040416, 0.0435, 0.04325, 0.040417, 0.0405, 0.043709, 0.043583, 0.043917, 0.043833, 0.043333, 0.040375, 0.040541, 0.040542, 0.040125, 0.0405, 0.040541, 0.043708, 0.040208, 0.043625, 0.043958, 0.04375, 0.040333, 0.04375, 0.043583, 0.043167, 0.043459, 0.040541, 0.040542, 0.043333, 0.043375, 0.043709]
case=broadcast_cap shape=[2, 2000003] strides=[1, 0] axes=[1] output_values=2 reduction_values=2000003
one_group host median_ms=2.703917 p90_ms=2.736584 samples_ms=[2.652125, 2.701875, 2.710541, 2.675542, 2.714125, 2.693083, 2.705459, 2.8072909999999998, 2.702375, 2.6741249999999996, 2.717334, 2.69875, 2.722666, 2.6619170000000003, 2.696209, 2.716291, 2.7098750000000003, 2.7365839999999997, 2.709083, 2.7903339999999996, 2.676, 2.680625, 2.7045, 2.671292, 2.713583, 2.766542, 2.709375, 2.668958, 2.703917, 2.6891670000000003, 2.697958]
one_group gpu median_ms=2.512166 p90_ms=2.520375 samples_ms=[2.517208, 2.515917, 2.513417, 2.50675, 2.518084, 2.512166, 2.520709, 2.511125, 2.515708, 2.523875, 2.516, 2.506041, 2.519084, 2.507958, 2.506542, 2.511, 2.504917, 2.509375, 2.509667, 2.519041, 2.514542, 2.511125, 2.50725, 2.51125, 2.511625, 2.511083, 2.521041, 2.510834, 2.51475, 2.520375, 2.516042]
prior_hierarchical host median_ms=0.216917 p90_ms=0.241334 samples_ms=[0.22962500000000002, 0.222417, 0.21520799999999998, 0.188458, 0.22933299999999998, 0.220875, 0.214833, 0.21520799999999998, 0.19625, 0.20825, 0.241875, 0.19799999999999998, 0.191083, 0.229042, 0.211291, 0.241334, 0.238333, 0.212916, 0.210959, 0.227958, 0.207542, 0.234708, 0.23879199999999998, 0.243583, 0.205458, 0.2255, 0.207333, 0.19833399999999998, 0.219416, 0.216917, 0.245958]
prior_hierarchical gpu median_ms=0.074958 p90_ms=0.075250 samples_ms=[0.074916, 0.075125, 0.074917, 0.07625, 0.074834, 0.075042, 0.074542, 0.074667, 0.075, 0.074959, 0.074875, 0.075042, 0.074459, 0.072, 0.074875, 0.075291, 0.075166, 0.071583, 0.075125, 0.075292, 0.074958, 0.074959, 0.071417, 0.075208, 0.075042, 0.07525, 0.074167, 0.071667, 0.074208, 0.071792, 0.075042]
generic_api host median_ms=0.231291 p90_ms=0.246459 samples_ms=[0.221583, 0.227291, 0.23783300000000002, 0.22979200000000002, 0.211292, 0.228458, 0.213875, 0.214875, 0.24645899999999998, 0.205042, 0.24108300000000002, 0.210292, 0.223083, 0.226584, 0.3495, 0.238958, 0.231291, 0.25470899999999996, 0.235417, 0.241541, 0.266625, 0.204084, 0.226083, 0.22675, 0.237042, 0.238542, 0.235125, 0.241458, 0.2265, 0.234709, 0.238875]
generic_api gpu median_ms=0.075042 p90_ms=0.075375 samples_ms=[0.075167, 0.07525, 0.074542, 0.075416, 0.071708, 0.072041, 0.074917, 0.0745, 0.074792, 0.075125, 0.075042, 0.0745, 0.075375, 0.075375, 0.075125, 0.075042, 0.075125, 0.075083, 0.075458, 0.074667, 0.075041, 0.071625, 0.071541, 0.074417, 0.075042, 0.076708, 0.072, 0.071542, 0.074875, 0.075208, 0.075125]
