warning: binary `wgsl_export` should have a kebab-case name
  |
1 | /Users/themoretheless/Documents/Sources/open-scad-viewer/crates/target/.../wgsl_export
  |                                                                            ^^^^^^^^^^^
  |
  = note: `cargo::non_kebab_case_bins` is set to `warn` by default
help: to change the binary name to `wgsl-export`, convert the file stem
  |
1 - src/bin/wgsl_export.rs
1 + src/bin/wgsl-export.rs
  |
warning: `raster-core` (manifest) generated 1 warning
   Compiling compute-core v0.1.0 (/Users/themoretheless/Documents/Sources/open-scad-viewer/crates/compute-core)
    Finished `dev` profile [unoptimized + debuginfo] target(s) in 0.36s
     Running `crates/target/debug/examples/bench_tensor_attention`
backend=metal; 31 rotating samples; 200 ms warmup; resident inputs and reused programs; separate host/readback and GPU timings; independent f64 reference
case=small Hq=1 Hkv=1 Lq=17 Lk=65 D=17 Dv=33 composition_score_arrays_bytes=13260 streaming_score_arrays_bytes=0
composition host median_ms=0.365458 p90_ms=0.368917 samples_ms=[0.358709, 0.36575, 0.36841599999999997, 0.36416600000000005, 0.36570899999999995, 0.366541, 0.372042, 0.368917, 0.367834, 0.363917, 0.367583, 0.365458, 0.368209, 0.35125, 0.384959, 0.363083, 0.367584, 0.36000000000000004, 0.36675, 0.365958, 0.365458, 0.364, 0.365459, 0.36450000000000005, 0.363167, 0.361792, 0.36354200000000003, 0.375583, 0.362666, 0.360834, 0.360292]
composition gpu median_ms=0.036250 p90_ms=0.036625 samples_ms=[0.036583, 0.036333, 0.036167, 0.035833, 0.036167, 0.03625, 0.036334, 0.035916, 0.03625, 0.03575, 0.036084, 0.035833, 0.036583, 0.036292, 0.036667, 0.035625, 0.036625, 0.035875, 0.03675, 0.036292, 0.03625, 0.03575, 0.036292, 0.035792, 0.036375, 0.036167, 0.036625, 0.035875, 0.036583, 0.036083, 0.036083]
streaming host median_ms=0.312167 p90_ms=0.316458 samples_ms=[0.31837499999999996, 0.315375, 0.31233299999999997, 0.33504100000000003, 0.315541, 0.315292, 0.314541, 0.307083, 0.312125, 0.31425000000000003, 0.314, 0.31475, 0.312375, 0.311792, 0.31645799999999996, 0.311292, 0.311916, 0.31216700000000003, 0.311375, 0.312334, 0.30987499999999996, 0.308625, 0.309625, 0.42675, 0.311375, 0.311834, 0.309292, 0.31475, 0.309542, 0.308959, 0.30979199999999996]
streaming gpu median_ms=0.058667 p90_ms=0.058833 samples_ms=[0.05875, 0.058667, 0.0585, 0.058708, 0.058625, 0.058708, 0.058458, 0.05875, 0.058667, 0.058667, 0.058416, 0.05875, 0.0585, 0.058833, 0.058667, 0.058958, 0.05875, 0.058625, 0.058708, 0.05875, 0.058792, 0.058958, 0.058667, 0.058667, 0.058583, 0.058667, 0.0585, 0.058834, 0.058625, 0.058625, 0.058708]
case=decode Hq=4 Hkv=2 Lq=1 Lk=4097 D=64 Dv=64 composition_score_arrays_bytes=196656 streaming_score_arrays_bytes=0
composition host median_ms=1.089375 p90_ms=1.118625 samples_ms=[1.176125, 1.115291, 1.109958, 1.0924159999999998, 1.102917, 1.1100420000000002, 1.123, 1.111916, 1.089375, 1.088333, 1.104584, 1.089625, 1.0877919999999999, 1.078292, 1.0722500000000001, 1.078167, 1.088667, 1.092583, 1.118625, 1.0710419999999998, 1.0809170000000001, 1.069834, 1.076833, 1.083791, 1.119334, 1.09875, 1.07725, 1.074209, 1.1102919999999998, 1.077958, 1.074458]
composition gpu median_ms=0.626667 p90_ms=0.628042 samples_ms=[0.623125, 0.62675, 0.62275, 0.63125, 0.62625, 0.629583, 0.626583, 0.628042, 0.626417, 0.627834, 0.626375, 0.626709, 0.626583, 0.627084, 0.626667, 0.626834, 0.626667, 0.626375, 0.626417, 0.626875, 0.626667, 0.626583, 0.626708, 0.626833, 0.626792, 0.627666, 0.626625, 0.626667, 0.626292, 0.628542, 0.626417]
streaming host median_ms=4.108500 p90_ms=4.128208 samples_ms=[4.103708, 4.099292, 4.086792, 4.195125, 4.123417, 4.151292, 4.11925, 4.118208, 4.122084, 4.114625, 4.119041, 4.101291, 4.090958, 4.131209, 4.088125, 4.1049169999999995, 4.12075, 4.109292, 4.096792, 4.099625, 4.102542, 4.099333000000001, 4.1205419999999995, 4.108375, 4.104375, 4.127166, 4.099667, 4.1085, 4.12275, 4.128208000000001, 4.098292]
streaming gpu median_ms=3.823708 p90_ms=3.825125 samples_ms=[3.776042, 3.777292, 3.776083, 3.781375, 3.819917, 3.777375, 3.796084, 3.799292, 3.82425, 3.822917, 3.8235, 3.825, 3.824584, 3.823416, 3.824084, 3.823916, 3.824958, 3.823834, 3.823708, 3.825209, 3.825125, 3.823708, 3.823458, 3.824834, 3.825375, 3.823375, 3.824, 3.823125, 3.825167, 3.823916, 3.823292]
case=prefill Hq=2 Hkv=2 Lq=128 Lk=257 D=64 Dv=64 composition_score_arrays_bytes=789504 streaming_score_arrays_bytes=0
composition host median_ms=0.638250 p90_ms=0.650416 samples_ms=[0.648416, 0.6545420000000001, 0.654833, 0.644334, 0.645625, 0.645125, 0.644917, 0.645625, 0.6482089999999999, 0.636625, 0.6358750000000001, 0.642875, 0.641458, 0.633, 0.630458, 0.638083, 0.635708, 0.642375, 0.6230829999999999, 0.636333, 0.63825, 0.670667, 0.635833, 0.650416, 0.633792, 0.636708, 0.643167, 0.6172909999999999, 0.628667, 0.630708, 0.625541]
composition gpu median_ms=0.109709 p90_ms=0.111417 samples_ms=[0.107417, 0.111125, 0.106125, 0.111167, 0.111417, 0.111666, 0.109709, 0.111041, 0.107, 0.106916, 0.106917, 0.107459, 0.10775, 0.106833, 0.106208, 0.111084, 0.107041, 0.111417, 0.109875, 0.111292, 0.110083, 0.111042, 0.107791, 0.1115, 0.110041, 0.110625, 0.109333, 0.107083, 0.110541, 0.107584, 0.106209]
streaming host median_ms=0.628167 p90_ms=0.647208 samples_ms=[0.647208, 0.645166, 0.6402909999999999, 0.635625, 0.6493329999999999, 0.634708, 0.6355, 0.636583, 0.633042, 0.617208, 0.6302080000000001, 0.624, 0.623583, 0.620459, 0.618417, 0.621792, 0.753875, 0.620375, 0.627333, 0.6255, 0.618, 0.647166, 0.61775, 0.628167, 0.638208, 0.630958, 0.620417, 0.619542, 0.625709, 0.7272500000000001, 0.618]
streaming gpu median_ms=0.268625 p90_ms=0.272125 samples_ms=[0.273375, 0.2685, 0.272041, 0.268459, 0.27225, 0.2685, 0.2685, 0.268459, 0.271625, 0.268792, 0.2685, 0.268625, 0.272084, 0.268625, 0.271917, 0.268791, 0.268458, 0.268125, 0.267875, 0.268875, 0.268084, 0.268292, 0.271875, 0.268875, 0.272125, 0.268666, 0.268625, 0.272417, 0.268125, 0.268542, 0.268208]
case=wide_value_gqa Hq=4 Hkv=2 Lq=65 Lk=257 D=32 Dv=129 composition_score_arrays_bytes=801840 streaming_score_arrays_bytes=0
composition host median_ms=0.779875 p90_ms=0.791458 samples_ms=[0.786292, 0.783167, 0.780333, 0.782666, 0.780125, 0.7705420000000001, 0.781334, 0.7725, 0.772709, 0.7865, 0.791458, 0.779875, 0.768584, 1.244958, 1.2998750000000001, 0.776916, 0.778584, 0.779416, 0.7771250000000001, 0.7740410000000001, 0.786459, 0.7893340000000001, 0.780167, 0.775709, 0.768, 0.773416, 0.77275, 0.79625, 0.780333, 0.749625, 0.7635]
composition gpu median_ms=0.134292 p90_ms=0.136584 samples_ms=[0.135583, 0.135959, 0.136333, 0.136208, 0.132917, 0.131667, 0.129542, 0.13575, 0.132792, 0.133625, 0.133, 0.13575, 0.131541, 0.594334, 0.439708, 0.134083, 0.136541, 0.133, 0.134292, 0.134292, 0.136417, 0.13275, 0.136416, 0.136584, 0.136875, 0.133209, 0.1365, 0.132042, 0.132208, 0.136583, 0.129834]
streaming host median_ms=0.825167 p90_ms=0.850250 samples_ms=[0.842292, 0.825167, 0.823709, 0.818417, 0.8586670000000001, 0.8274159999999999, 0.8125, 0.783709, 0.822042, 0.834833, 0.7282080000000001, 0.8340420000000001, 2.0074170000000002, 2.168125, 0.827125, 0.825917, 0.85025, 0.826333, 0.817541, 0.7322500000000001, 0.842958, 0.834167, 0.829416, 0.8163330000000001, 0.818875, 0.79125, 0.830791, 0.808041, 0.814167, 0.696792, 0.801917]
streaming gpu median_ms=0.339500 p90_ms=0.354458 samples_ms=[0.323667, 0.263792, 0.22925, 0.262458, 0.354791, 0.347667, 0.229709, 0.238292, 0.232375, 0.3495, 0.346458, 0.227, 1.10525, 1.535375, 0.348417, 0.348292, 0.354458, 0.35175, 0.226916, 0.350083, 0.3395, 0.339333, 0.242583, 0.303583, 0.346583, 0.349167, 0.330542, 0.34075, 0.345833, 0.328625, 0.2915]
