warning: binary `wgsl_export` should have a kebab-case name
  |
1 | /Users/themoretheless/Documents/Sources/open-scad-viewer/crates/target/.../wgsl_export
  |                                                                            ^^^^^^^^^^^
  |
  = note: `cargo::non_kebab_case_bins` is set to `warn` by default
help: to change the binary name to `wgsl-export`, convert the file stem
  |
1 - src/bin/wgsl_export.rs
1 + src/bin/wgsl-export.rs
  |
warning: `raster-core` (manifest) generated 1 warning
   Compiling compute-core v0.1.0 (/Users/themoretheless/Documents/Sources/open-scad-viewer/crates/compute-core)
    Finished `dev` profile [unoptimized + debuginfo] target(s) in 0.40s
     Running `crates/target/debug/examples/bench_tensor_normalization`
backend=metal;31rotated samples;200msheld warmup;residentinputs;reusedprograms;separate unprofiled host+readback and GPUsharedpass timings;f64reference everyrun
case=small_rows shape=[32, 33] strides=[33, 1] axis=1 values=1056
composition host median_ms=0.372041 p90_ms=0.381917 samples_ms=[0.377667, 0.369666, 0.37920899999999996, 0.372041, 0.356291, 0.364416, 0.367292, 0.36824999999999997, 0.381917, 0.378583, 0.383125, 0.373834, 0.38025, 0.378375, 0.38337499999999997, 0.3625, 0.370875, 0.377, 0.381834, 0.373166, 0.3655, 0.34420799999999996, 0.36866699999999997, 0.345125, 0.35387500000000005, 0.373375, 0.376958, 0.353667, 0.339542, 0.340708, 0.397334]
composition gpu median_ms=0.023667 p90_ms=0.023958 samples_ms=[0.023459, 0.023667, 0.023708, 0.023958, 0.023667, 0.023792, 0.023875, 0.024, 0.021875, 0.023958, 0.021625, 0.023792, 0.023833, 0.023875, 0.0215, 0.023834, 0.023833, 0.023833, 0.0215, 0.023917, 0.022459, 0.021042, 0.021959, 0.022083, 0.022042, 0.024166, 0.023875, 0.021666, 0.0215, 0.021583, 0.021333]
row_stats host median_ms=0.261750 p90_ms=0.278125 samples_ms=[0.263958, 0.280458, 0.261, 0.272166, 0.271625, 0.26866599999999996, 0.258583, 0.27008400000000005, 0.261584, 0.269583, 0.261666, 0.25091600000000003, 0.269959, 0.271291, 0.26175, 0.27591699999999997, 0.278125, 0.26675, 0.25887499999999997, 0.267541, 0.282667, 0.254583, 0.24120899999999998, 0.246084, 0.254958, 0.237166, 0.257792, 0.24808300000000003, 0.25012500000000004, 0.24545799999999998, 0.30225]
row_stats gpu median_ms=0.009041 p90_ms=0.009125 samples_ms=[0.009041, 0.009083, 0.009083, 0.009042, 0.009042, 0.008542, 0.009084, 0.008833, 0.009041, 0.008792, 0.008958, 0.009041, 0.009041, 0.009041, 0.008959, 0.009125, 0.009042, 0.009125, 0.009042, 0.008958, 0.008916, 0.008875, 0.008792, 0.008917, 0.009125, 0.008917, 0.009208, 0.008667, 0.008792, 0.008709, 0.008583]
case=long_row shape=[1, 1048579] strides=[1048579, 1] axis=1 values=1048579
composition host median_ms=8.827875 p90_ms=9.020333 samples_ms=[8.719667000000001, 8.708167, 8.715625, 8.741416000000001, 8.895874999999998, 8.736667, 8.775792, 8.744958, 8.618834000000001, 8.6315, 8.860042, 9.020333, 9.052709, 8.672667, 8.784542, 8.767083, 8.827875, 9.019542, 8.996, 8.969583, 8.904167, 8.908958, 8.9435, 8.894708, 8.858333, 9.227333000000002, 9.020666, 8.579958, 8.829416, 8.779250000000001, 8.769124999999999]
composition gpu median_ms=0.860958 p90_ms=0.870084 samples_ms=[0.863584, 0.856041, 0.861125, 0.862833, 0.854917, 0.868125, 0.870917, 0.85975, 0.848833, 0.866125, 0.860958, 0.865333, 0.866209, 0.876417, 0.863541, 0.870084, 0.863625, 0.848375, 0.845875, 0.846042, 0.847292, 0.847833, 0.847708, 0.846292, 0.8495, 0.848166, 0.84725, 0.853292, 0.869791, 0.872916, 0.864209]
row_stats host median_ms=8.653792 p90_ms=8.790209 samples_ms=[8.586791999999999, 8.617291, 8.485375, 8.640708, 8.53525, 8.530249999999999, 8.610541, 8.575833, 8.625209, 8.423916, 8.677624999999999, 8.599167, 8.68125, 8.621959, 8.667959, 8.671999999999999, 8.663667, 8.819958, 8.861166, 8.772958000000001, 8.69275, 8.904375000000002, 8.721292, 8.691917, 8.69575, 8.638875, 8.790209, 8.653792000000001, 8.620790999999999, 8.66125, 8.478917000000001]
row_stats gpu median_ms=0.725916 p90_ms=0.751333 samples_ms=[0.761, 0.725916, 0.735833, 0.720833, 0.711583, 0.725541, 0.731958, 0.726583, 0.736167, 0.743667, 0.714584, 0.72225, 0.733625, 0.751333, 0.737584, 0.738167, 0.752125, 0.711208, 0.711333, 0.703792, 0.706709, 0.705292, 0.705916, 0.718375, 0.7065, 0.705083, 0.760334, 0.742292, 0.738083, 0.741959, 0.716334]
case=many_rows shape=[4096, 257] strides=[257, 1] axis=1 values=1052672
composition host median_ms=9.316583 p90_ms=9.439958 samples_ms=[9.439958, 9.417625000000001, 9.426583, 9.573375, 9.450833000000001, 9.392125, 9.416667, 9.435708, 9.504458, 9.197833000000001, 9.329583000000001, 9.164292, 9.230708, 9.316583, 9.228375, 9.292625000000001, 9.214084000000001, 9.194792, 9.412, 9.283584, 9.3615, 9.27425, 9.412958000000001, 9.258959, 9.322459, 9.312375, 9.3545, 9.11425, 9.298625, 9.265959, 9.284875]
composition gpu median_ms=1.384625 p90_ms=1.393459 samples_ms=[1.376959, 1.377, 1.375708, 1.375084, 1.375917, 1.376, 1.3745, 1.377, 1.392625, 1.396791, 1.3895, 1.393459, 1.394875, 1.38125, 1.377708, 1.393042, 1.393292, 1.401709, 1.391459, 1.389333, 1.374625, 1.37525, 1.384625, 1.390917, 1.385833, 1.387625, 1.383083, 1.383, 1.387959, 1.384833, 1.380917]
row_stats host median_ms=8.847375 p90_ms=9.021625 samples_ms=[8.895083999999999, 9.021625, 9.180959000000001, 9.062416, 8.98275, 8.951832999999999, 8.977291, 8.983834, 8.775666999999999, 8.847375, 8.720875, 8.925209, 8.880459, 8.93375, 8.72425, 8.794167, 8.687792, 8.657583, 8.502792, 8.950458999999999, 8.829292, 9.3145, 8.789583, 8.769875, 8.885, 8.790792, 8.732, 8.774291, 8.847375, 8.777125, 8.685541]
row_stats gpu median_ms=0.919167 p90_ms=0.928334 samples_ms=[0.909625, 0.909375, 0.907625, 0.909334, 0.908834, 0.908541, 0.908667, 0.908208, 0.928334, 0.926125, 0.915292, 0.927042, 0.927, 0.930042, 0.919167, 0.919667, 0.916875, 0.928042, 0.92125, 0.9295, 0.907542, 0.916542, 0.927, 0.914083, 0.923917, 0.9255, 0.91725, 0.923416, 0.913667, 0.9215, 0.938125]
case=strided_rows shape=[1025, 1024] strides=[1, 1025] axis=1 values=1049600
composition host median_ms=8.904375 p90_ms=9.042208 samples_ms=[8.887334000000001, 8.700458, 8.908332999999999, 8.885, 8.848416, 8.854792, 8.933834, 9.295958, 9.042207999999999, 8.824542, 8.960749999999999, 8.835625, 9.100416, 8.958, 9.015417, 8.974375, 8.930875, 8.780875, 8.867084, 8.885957999999999, 8.82375, 8.904375000000002, 8.963624999999999, 8.88625, 8.877917, 8.880875, 8.898665999999999, 8.932917, 9.008583, 9.083208, 8.954459]
composition gpu median_ms=0.990917 p90_ms=1.002833 samples_ms=[0.993417, 0.987, 0.987584, 0.988667, 0.989875, 0.997458, 0.990917, 0.98075, 0.986625, 0.9925, 0.988125, 1.003042, 1.00625, 0.9935, 0.99225, 0.989791, 0.985458, 0.994458, 0.992542, 0.991291, 1.006, 0.993209, 0.995167, 0.983541, 0.984792, 0.991583, 0.981375, 1.002833, 0.969167, 0.971459, 0.970417]
row_stats host median_ms=8.463541 p90_ms=8.643667 samples_ms=[8.101459, 8.476167, 8.515333, 8.455458, 8.426082999999998, 8.463541, 8.438667, 8.358709000000001, 8.557625, 8.481417, 8.432708, 8.403959, 8.541084, 8.665291, 8.530332999999999, 8.463458, 8.495000000000001, 8.431625, 8.505333, 8.380333, 8.338667, 8.364459, 8.341833, 8.496875, 8.425625, 8.396041, 8.643667, 8.577625, 8.856167, 8.76825, 8.518334000000001]
row_stats gpu median_ms=0.572250 p90_ms=0.582500 samples_ms=[0.57475, 0.57225, 0.569667, 0.568334, 0.56975, 0.581375, 0.564, 0.571083, 0.57475, 0.57125, 0.567291, 0.565417, 0.569667, 0.576875, 0.595833, 0.586666, 0.575792, 0.578833, 0.579375, 0.5825, 0.571542, 0.579083, 0.572667, 0.5915, 0.576125, 0.579458, 0.557083, 0.566666, 0.559875, 0.562209, 0.561875]
