$ /Users/themoretheless/Documents/Sources/open-scad-viewer/crates/target/release/examples/bench_tensor_low_attention
backend=metal;31 rotated samples;200ms warmup;resident low QKV;f32 output;reused programs;separate unprofiled host+readback and GPU shared-pass timings;independent dense f64 reference;every result checked after timing
case=small dtype=F16 Hq=1 Hkv=1 Lq=17 Lk=65 D=17 Dv=33 strided_masked=false removed_f32_input_bytes=14156
small_F16 cast_f32 host median_ms=0.217000 p90_ms=0.222041 samples_ms=[0.20266699999999999, 0.21979200000000002, 0.21725, 0.20654199999999998, 0.20525, 0.218334, 0.214, 0.220042, 0.210542, 0.200792, 0.195833, 0.205292, 0.217125, 0.21862499999999999, 0.214917, 0.222041, 0.35312499999999997, 0.21416600000000002, 0.21800000000000003, 0.21937500000000001, 0.218125, 0.219292, 0.217, 0.20637499999999998, 0.213417, 0.20666700000000002, 0.21120899999999998, 0.238583, 0.22008299999999997, 0.29441599999999996, 0.172333]
small_F16 cast_f32 gpu median_ms=0.062375 p90_ms=0.062750 samples_ms=[0.065167, 0.065833, 0.066125, 0.061083, 0.062583, 0.062375, 0.061333, 0.061042, 0.062375, 0.062375, 0.061375, 0.062291, 0.062625, 0.062375, 0.062584, 0.06225, 0.06275, 0.062458, 0.062625, 0.062458, 0.062291, 0.061292, 0.062667, 0.061041, 0.062459, 0.062459, 0.061292, 0.060875, 0.062292, 0.061459, 0.061333]
small_F16 direct_low host median_ms=0.220292 p90_ms=0.227583 samples_ms=[0.230208, 0.227583, 0.21762499999999999, 0.212458, 0.207833, 0.226959, 0.22525, 0.208333, 0.213417, 0.227875, 0.22508399999999998, 0.219834, 0.22512500000000002, 0.225167, 0.218917, 0.218166, 0.21779199999999999, 0.22425, 0.212959, 0.224375, 0.220292, 0.223167, 0.22754200000000002, 0.21425, 0.228875, 0.224208, 0.204291, 0.212208, 0.22204200000000002, 0.201167, 0.180834]
small_F16 direct_low gpu median_ms=0.071834 p90_ms=0.072125 samples_ms=[0.076208, 0.075791, 0.071625, 0.071791, 0.072, 0.071583, 0.072084, 0.071625, 0.07175, 0.071791, 0.072166, 0.071583, 0.071666, 0.071875, 0.072083, 0.071833, 0.071875, 0.071834, 0.072125, 0.071625, 0.072084, 0.071875, 0.071875, 0.071542, 0.072042, 0.072042, 0.071667, 0.071792, 0.071834, 0.072125, 0.071833]
case=small dtype=Bf16 Hq=1 Hkv=1 Lq=17 Lk=65 D=17 Dv=33 strided_masked=false removed_f32_input_bytes=14156
small_Bf16 cast_f32 host median_ms=0.178041 p90_ms=0.187458 samples_ms=[0.16625, 0.169042, 0.172542, 0.17650000000000002, 0.179417, 0.175416, 0.173458, 0.181958, 0.172541, 0.18975, 0.1805, 0.17725, 0.179375, 0.181083, 0.17475, 0.18537499999999998, 0.190834, 0.18329199999999998, 0.18412499999999998, 0.180084, 0.178041, 0.172875, 0.171125, 0.165541, 0.163417, 0.166916, 0.171375, 0.214917, 0.18745799999999999, 0.180917, 0.18033400000000002]
small_Bf16 cast_f32 gpu median_ms=0.061292 p90_ms=0.062167 samples_ms=[0.061333, 0.061292, 0.061291, 0.060792, 0.060834, 0.060708, 0.062208, 0.061916, 0.061458, 0.060834, 0.061042, 0.062459, 0.061292, 0.060875, 0.061292, 0.062083, 0.061167, 0.062167, 0.06125, 0.062125, 0.06125, 0.060917, 0.061417, 0.062459, 0.060375, 0.060583, 0.061583, 0.061583, 0.061875, 0.061833, 0.061459]
small_Bf16 direct_low host median_ms=0.179875 p90_ms=0.187583 samples_ms=[0.16891599999999998, 0.172542, 0.171708, 0.174125, 0.169542, 0.180792, 0.178333, 0.180459, 0.186834, 0.181583, 0.184625, 0.185, 0.172042, 0.17675, 0.185584, 0.18437499999999998, 0.18325, 0.184875, 0.188083, 0.187583, 0.173959, 0.17341700000000002, 0.190417, 0.179875, 0.16316599999999998, 0.164542, 0.187917, 0.178, 0.174542, 0.17283300000000001, 0.180375]
small_Bf16 direct_low gpu median_ms=0.063000 p90_ms=0.063584 samples_ms=[0.063125, 0.063167, 0.063, 0.062917, 0.062709, 0.062583, 0.063541, 0.063459, 0.063541, 0.0635, 0.063584, 0.062833, 0.063, 0.0625, 0.063584, 0.063625, 0.063541, 0.066208, 0.063542, 0.063333, 0.062833, 0.06275, 0.063375, 0.062958, 0.062083, 0.061958, 0.0625, 0.062625, 0.062167, 0.061667, 0.062583]
case=decode dtype=F16 Hq=4 Hkv=2 Lq=1 Lk=4097 D=64 Dv=64 strided_masked=false removed_f32_input_bytes=4196352
decode_F16 cast_f32 host median_ms=0.394209 p90_ms=0.399042 samples_ms=[0.39116599999999996, 0.396833, 0.39554100000000003, 0.39420900000000003, 0.39875, 0.400417, 0.39775, 0.387708, 0.38275, 0.394708, 0.395292, 0.393, 0.397791, 0.386917, 0.400708, 0.396542, 0.393959, 0.38795799999999997, 0.391208, 0.40058299999999997, 0.395083, 0.399042, 0.39399999999999996, 0.392208, 0.396625, 0.393416, 0.395333, 0.391584, 0.39275, 0.387292, 0.39008400000000004]
decode_F16 cast_f32 gpu median_ms=0.278625 p90_ms=0.285042 samples_ms=[0.277916, 0.2845, 0.283917, 0.280375, 0.277625, 0.284708, 0.284542, 0.279917, 0.278584, 0.284875, 0.284916, 0.275041, 0.285167, 0.278, 0.286625, 0.278541, 0.278875, 0.284917, 0.281875, 0.275541, 0.278458, 0.285791, 0.285042, 0.278333, 0.275208, 0.278625, 0.27575, 0.275417, 0.275666, 0.276083, 0.274458]
decode_F16 direct_low host median_ms=0.469292 p90_ms=0.475083 samples_ms=[0.46920799999999996, 0.464042, 0.468875, 0.464, 0.470542, 0.466917, 0.46066599999999996, 0.457792, 0.475125, 0.471167, 0.463792, 0.470833, 0.468542, 0.46925, 0.471416, 0.468583, 0.464083, 0.466458, 0.469292, 0.469958, 0.5909580000000001, 0.473375, 0.46900000000000003, 0.474958, 0.484083, 0.472208, 0.475083, 0.469584, 0.470625, 0.47175, 0.4615]
decode_F16 direct_low gpu median_ms=0.360500 p90_ms=0.361916 samples_ms=[0.360916, 0.36075, 0.3605, 0.360541, 0.361708, 0.361709, 0.360208, 0.360833, 0.361917, 0.35825, 0.361042, 0.361708, 0.361916, 0.358541, 0.358417, 0.358833, 0.358959, 0.361833, 0.361458, 0.361917, 0.358833, 0.358708, 0.361542, 0.361958, 0.358416, 0.3585, 0.358375, 0.358583, 0.358334, 0.358417, 0.356458]
case=decode dtype=Bf16 Hq=4 Hkv=2 Lq=1 Lk=4097 D=64 Dv=64 strided_masked=false removed_f32_input_bytes=4196352
decode_Bf16 cast_f32 host median_ms=0.425583 p90_ms=0.455959 samples_ms=[0.41750000000000004, 0.416541, 0.41762499999999997, 0.43716700000000003, 0.546417, 0.42424999999999996, 0.424542, 0.421125, 0.51375, 0.429542, 0.425834, 0.428458, 0.4265, 0.42645900000000003, 0.423666, 0.419833, 0.418167, 0.421292, 0.417125, 0.421, 0.428834, 0.425417, 0.431792, 0.425583, 0.422, 0.509584, 0.455959, 0.426458, 0.42475, 0.43716700000000003, 0.43600000000000005]
decode_Bf16 cast_f32 gpu median_ms=0.280500 p90_ms=0.283541 samples_ms=[0.282667, 0.283667, 0.276375, 0.281084, 0.279666, 0.278208, 0.2805, 0.280167, 0.279583, 0.27375, 0.282584, 0.277125, 0.283292, 0.283375, 0.273167, 0.283541, 0.276666, 0.282208, 0.27625, 0.28, 0.282708, 0.273625, 0.282625, 0.283625, 0.276583, 0.280625, 0.282584, 0.283666, 0.276792, 0.282917, 0.273458]
decode_Bf16 direct_low host median_ms=0.393583 p90_ms=0.404208 samples_ms=[0.396459, 0.39, 0.392041, 0.393167, 0.401833, 0.40508299999999997, 0.39087500000000003, 0.40420799999999996, 0.38991600000000004, 0.385292, 0.39795899999999995, 0.392458, 0.39220900000000003, 0.399875, 0.396916, 0.391958, 0.39787500000000003, 0.392291, 0.392542, 0.394458, 0.40508299999999997, 0.39599999999999996, 0.393417, 0.39325, 0.39629200000000003, 0.388333, 0.391125, 0.39358299999999996, 0.40175, 0.410708, 0.397917]
decode_Bf16 direct_low gpu median_ms=0.257250 p90_ms=0.257708 samples_ms=[0.25725, 0.257083, 0.254291, 0.25725, 0.254167, 0.256625, 0.256959, 0.257292, 0.25725, 0.257083, 0.257417, 0.257417, 0.253833, 0.254375, 0.258208, 0.257083, 0.254042, 0.253583, 0.257708, 0.257292, 0.254042, 0.256625, 0.2575, 0.257708, 0.256625, 0.257417, 0.257583, 0.257333, 0.257292, 0.257, 0.259208]
case=prefill dtype=F16 Hq=2 Hkv=2 Lq=128 Lk=257 D=64 Dv=64 strided_masked=false removed_f32_input_bytes=328704
prefill_F16 cast_f32 host median_ms=0.407459 p90_ms=0.414333 samples_ms=[0.409916, 0.410625, 0.4125, 0.402333, 0.41220900000000005, 0.409958, 0.418333, 0.407791, 0.40454100000000004, 0.432541, 0.413583, 0.41820799999999997, 0.412625, 0.41266600000000003, 0.398667, 0.385583, 0.400084, 0.410292, 0.414333, 0.40729200000000004, 0.404083, 0.410459, 0.40287500000000004, 0.406042, 0.397583, 0.3975, 0.398334, 0.398667, 0.39825, 0.407459, 0.40091699999999997]
prefill_F16 cast_f32 gpu median_ms=0.235833 p90_ms=0.236792 samples_ms=[0.237208, 0.236708, 0.236792, 0.23675, 0.236625, 0.236708, 0.235041, 0.23475, 0.236042, 0.236375, 0.235833, 0.235333, 0.235833, 0.23675, 0.235167, 0.235625, 0.236667, 0.234916, 0.236959, 0.235625, 0.235583, 0.234959, 0.236292, 0.235791, 0.235, 0.235458, 0.235083, 0.235208, 0.235291, 0.238916, 0.23625]
prefill_F16 direct_low host median_ms=0.564375 p90_ms=0.584959 samples_ms=[0.563917, 0.566959, 0.56925, 0.564375, 0.564458, 0.570125, 0.5703750000000001, 0.576666, 0.564584, 0.584959, 0.559584, 0.571542, 0.743291, 0.571542, 0.560292, 0.5405, 0.541875, 0.5768340000000001, 0.564709, 0.562708, 0.610625, 0.656041, 0.550791, 0.559625, 0.551916, 0.552125, 0.556625, 0.5542910000000001, 0.556958, 0.560667, 0.563375]
prefill_F16 direct_low gpu median_ms=0.392167 p90_ms=0.396042 samples_ms=[0.391959, 0.400416, 0.395125, 0.394833, 0.392625, 0.400166, 0.39675, 0.391792, 0.392375, 0.391959, 0.392167, 0.391792, 0.391833, 0.394875, 0.392167, 0.391875, 0.391959, 0.391708, 0.3925, 0.395959, 0.396042, 0.391709, 0.395, 0.391792, 0.391959, 0.391958, 0.392125, 0.395, 0.395084, 0.391875, 0.391917]
case=prefill dtype=Bf16 Hq=2 Hkv=2 Lq=128 Lk=257 D=64 Dv=64 strided_masked=false removed_f32_input_bytes=328704
prefill_Bf16 cast_f32 host median_ms=0.412458 p90_ms=0.415375 samples_ms=[0.415375, 0.40650000000000003, 0.41370799999999996, 0.39025000000000004, 0.385542, 0.414458, 0.411042, 0.407834, 0.415792, 0.40525, 0.408833, 0.413667, 0.41516699999999995, 0.40700000000000003, 0.4125, 0.409833, 0.414667, 0.412458, 0.41383400000000004, 0.406166, 0.412041, 0.40299999999999997, 0.407792, 0.414792, 0.414125, 0.418916, 0.412792, 0.40870799999999996, 0.414167, 0.411708, 0.417875]
prefill_Bf16 cast_f32 gpu median_ms=0.235500 p90_ms=0.236542 samples_ms=[0.235542, 0.235291, 0.2345, 0.235209, 0.235167, 0.235375, 0.234333, 0.2345, 0.2355, 0.235708, 0.234459, 0.234875, 0.236625, 0.235625, 0.234541, 0.236583, 0.236542, 0.235333, 0.2355, 0.23625, 0.2355, 0.235417, 0.236292, 0.236, 0.236542, 0.234583, 0.235459, 0.235375, 0.235916, 0.235625, 0.235708]
prefill_Bf16 direct_low host median_ms=0.455917 p90_ms=0.466125 samples_ms=[0.454042, 0.44783300000000004, 0.454542, 0.4285, 0.433958, 0.461458, 0.458459, 0.45525, 0.45441600000000004, 0.615125, 0.45258400000000004, 0.45925000000000005, 0.464792, 0.5005419999999999, 0.46058299999999996, 0.45645800000000003, 0.453708, 0.455917, 0.457208, 0.45225000000000004, 0.458209, 0.457542, 0.440709, 0.438166, 0.455291, 0.464167, 0.451625, 0.455375, 0.46725, 0.466125, 0.456416]
prefill_Bf16 direct_low gpu median_ms=0.280292 p90_ms=0.283333 samples_ms=[0.28075, 0.280291, 0.280041, 0.280542, 0.280709, 0.281292, 0.2835, 0.280042, 0.280084, 0.28025, 0.283417, 0.279916, 0.28025, 0.280125, 0.283333, 0.280292, 0.279917, 0.280125, 0.283416, 0.280375, 0.279292, 0.280584, 0.279792, 0.280375, 0.279791, 0.280583, 0.282709, 0.280417, 0.280625, 0.280166, 0.279541]
case=wide_value_gqa dtype=F16 Hq=4 Hkv=2 Lq=65 Lk=257 D=32 Dv=129 strided_masked=false removed_f32_input_bytes=364296
wide_value_gqa_F16 cast_f32 host median_ms=0.530375 p90_ms=0.544625 samples_ms=[0.527791, 0.528, 0.522792, 0.525791, 0.535, 0.7345, 0.524208, 0.533333, 0.535875, 0.5361250000000001, 0.525708, 0.5446249999999999, 0.530375, 0.528625, 0.5362089999999999, 0.5323749999999999, 0.534125, 0.5303340000000001, 0.53825, 0.532833, 0.5339999999999999, 0.515917, 0.51625, 0.5095, 0.513291, 0.503959, 0.5092500000000001, 0.617416, 0.524959, 0.637667, 0.5307919999999999]
wide_value_gqa_F16 cast_f32 gpu median_ms=0.349208 p90_ms=0.350250 samples_ms=[0.347959, 0.349208, 0.349292, 0.349333, 0.350042, 0.35025, 0.349167, 0.348959, 0.346041, 0.348416, 0.350041, 0.348792, 0.348708, 0.350417, 0.349459, 0.349, 0.351916, 0.345584, 0.348334, 0.349166, 0.349042, 0.350167, 0.349417, 0.349167, 0.35025, 0.346542, 0.349792, 0.350417, 0.348542, 0.349708, 0.349292]
wide_value_gqa_F16 direct_low host median_ms=0.802000 p90_ms=0.818333 samples_ms=[0.864084, 0.702125, 0.740084, 0.73375, 0.81225, 0.814167, 0.711375, 0.812833, 0.75675, 0.770209, 0.8178340000000001, 0.7607090000000001, 0.81625, 0.707666, 0.8215, 0.816542, 0.819958, 0.8081670000000001, 0.8130000000000001, 0.806125, 0.808709, 0.762041, 0.744, 0.746125, 0.7952499999999999, 0.681875, 0.805917, 0.78825, 0.8019999999999999, 0.818333, 0.758]
wide_value_gqa_F16 direct_low gpu median_ms=0.526000 p90_ms=0.528250 samples_ms=[0.520208, 0.527458, 0.526666, 0.527084, 0.527833, 0.526, 0.52675, 0.521583, 0.527167, 0.525916, 0.52225, 0.532583, 0.51975, 0.52825, 0.519916, 0.52825, 0.520875, 0.526, 0.520875, 0.529041, 0.52075, 0.525583, 0.521291, 0.522375, 0.519417, 0.526541, 0.528958, 0.527917, 0.526584, 0.526709, 0.521291]
case=wide_value_gqa dtype=Bf16 Hq=4 Hkv=2 Lq=65 Lk=257 D=32 Dv=129 strided_masked=false removed_f32_input_bytes=364296
wide_value_gqa_Bf16 cast_f32 host median_ms=0.533500 p90_ms=0.542459 samples_ms=[0.520625, 0.537042, 0.5362910000000001, 0.5323749999999999, 0.5339999999999999, 0.580333, 0.5165000000000001, 0.536666, 0.533791, 0.518583, 0.5295420000000001, 0.5135839999999999, 0.50675, 0.515667, 0.528166, 0.530333, 0.5306249999999999, 0.603708, 0.542459, 0.525041, 0.529625, 0.536709, 0.537542, 0.537333, 0.5337500000000001, 0.5335, 0.6189169999999999, 0.5314169999999999, 0.5402920000000001, 0.53175, 0.540833]
wide_value_gqa_Bf16 cast_f32 gpu median_ms=0.349375 p90_ms=0.350792 samples_ms=[0.349916, 0.348959, 0.349875, 0.349667, 0.350792, 0.349208, 0.347, 0.350542, 0.349334, 0.348958, 0.349375, 0.349666, 0.34825, 0.351208, 0.350041, 0.350208, 0.350625, 0.351375, 0.348208, 0.348875, 0.347875, 0.347917, 0.349375, 0.34975, 0.348375, 0.348208, 0.35, 0.350208, 0.351375, 0.348958, 0.34775]
wide_value_gqa_Bf16 direct_low host median_ms=0.583333 p90_ms=0.600125 samples_ms=[0.575958, 0.780667, 0.581333, 0.584958, 0.584459, 0.600125, 0.579584, 0.5826250000000001, 0.5902080000000001, 0.574875, 0.5706669999999999, 0.5861660000000001, 0.561334, 0.572375, 0.5625, 0.5765, 0.584167, 0.60125, 0.5838749999999999, 0.579166, 0.583333, 0.587417, 0.5842080000000001, 0.595709, 0.616625, 0.5738749999999999, 0.583958, 0.586083, 0.5794170000000001, 0.582667, 0.582125]
wide_value_gqa_Bf16 direct_low gpu median_ms=0.400750 p90_ms=0.406083 samples_ms=[0.397583, 0.406083, 0.4, 0.399792, 0.3985, 0.399708, 0.401208, 0.400292, 0.400334, 0.400792, 0.400125, 0.401542, 0.399375, 0.406042, 0.400542, 0.403041, 0.400958, 0.406083, 0.39825, 0.402584, 0.399541, 0.401333, 0.400292, 0.3995, 0.406167, 0.407958, 0.400417, 0.403667, 0.404167, 0.40075, 0.403292]
case=strided_masked dtype=F16 Hq=6 Hkv=2 Lq=7 Lk=65 D=17 Dv=33 strided_masked=true removed_f32_input_bytes=28856
strided_masked_F16 cast_f32 host median_ms=0.167250 p90_ms=0.177958 samples_ms=[0.151625, 0.160333, 0.16425, 0.179958, 0.163625, 0.156375, 0.162666, 0.171708, 0.166708, 0.173459, 0.307542, 0.161958, 0.163583, 0.16145800000000002, 0.19062500000000002, 0.175542, 0.176958, 0.17200000000000001, 0.175625, 0.16595800000000002, 0.165291, 0.166083, 0.177958, 0.176208, 0.169166, 0.17666700000000002, 0.176208, 0.154625, 0.15454199999999998, 0.16725, 0.17091599999999998]
strided_masked_F16 cast_f32 gpu median_ms=0.051042 p90_ms=0.051834 samples_ms=[0.051167, 0.050083, 0.051416, 0.051042, 0.050125, 0.050916, 0.050125, 0.051042, 0.051458, 0.05175, 0.051875, 0.050208, 0.050541, 0.050167, 0.051834, 0.05175, 0.052042, 0.050167, 0.051833, 0.050292, 0.051833, 0.049959, 0.051917, 0.051333, 0.050916, 0.051458, 0.051166, 0.049792, 0.050334, 0.05, 0.050125]
strided_masked_F16 direct_low host median_ms=0.178375 p90_ms=0.185125 samples_ms=[0.168542, 0.16612500000000002, 0.165166, 0.17508300000000002, 0.17175, 0.17466700000000002, 0.163583, 0.17541700000000002, 0.16825, 0.186583, 0.186209, 0.169959, 0.166709, 0.16595800000000002, 0.179583, 0.181791, 0.183083, 0.182208, 0.306041, 0.172625, 0.180375, 0.183959, 0.182833, 0.184, 0.18512499999999998, 0.183375, 0.184791, 0.166333, 0.178375, 0.164208, 0.181417]
strided_masked_F16 direct_low gpu median_ms=0.059459 p90_ms=0.062084 samples_ms=[0.058875, 0.058958, 0.058709, 0.059042, 0.058666, 0.058875, 0.05875, 0.058541, 0.058666, 0.05875, 0.059625, 0.0595, 0.059833, 0.059459, 0.059708, 0.059625, 0.062792, 0.059375, 0.059792, 0.059416, 0.063125, 0.060458, 0.05975, 0.059666, 0.06275, 0.05975, 0.059834, 0.059, 0.062084, 0.058625, 0.058833]
case=strided_masked dtype=Bf16 Hq=6 Hkv=2 Lq=7 Lk=65 D=17 Dv=33 strided_masked=true removed_f32_input_bytes=28856
strided_masked_Bf16 cast_f32 host median_ms=0.334375 p90_ms=0.339875 samples_ms=[0.3455, 0.336916, 0.34041699999999997, 0.339042, 0.333167, 0.33504100000000003, 0.33095800000000003, 0.335667, 0.331084, 0.32787499999999997, 0.328125, 0.32545799999999997, 0.329958, 0.344166, 0.3365, 0.330375, 0.334375, 0.33775, 0.33475, 0.333125, 0.334375, 0.32895800000000003, 0.33141699999999996, 0.333417, 0.334917, 0.33545899999999995, 0.339875, 0.328333, 0.325042, 0.334417, 0.328292]
strided_masked_Bf16 cast_f32 gpu median_ms=0.215167 p90_ms=0.215625 samples_ms=[0.215708, 0.215625, 0.215458, 0.214667, 0.215167, 0.215084, 0.215459, 0.214875, 0.215042, 0.215583, 0.215125, 0.215167, 0.215333, 0.215291, 0.215125, 0.215041, 0.214625, 0.215458, 0.215584, 0.215667, 0.214792, 0.215125, 0.215125, 0.215375, 0.214208, 0.215708, 0.214958, 0.215292, 0.214875, 0.215583, 0.215417]
strided_masked_Bf16 direct_low host median_ms=0.316541 p90_ms=0.322125 samples_ms=[0.31633300000000003, 0.32079199999999997, 0.314542, 0.314, 0.318917, 0.315792, 0.316541, 0.314583, 0.31591600000000003, 0.31895799999999996, 0.317084, 0.310792, 0.31712500000000005, 0.31275, 0.320125, 0.323542, 0.315875, 0.322583, 0.320334, 0.311, 0.309041, 0.307, 0.317791, 0.319833, 0.322125, 0.315667, 0.319625, 0.316875, 0.324792, 0.312583, 0.310875]
strided_masked_Bf16 direct_low gpu median_ms=0.201083 p90_ms=0.201541 samples_ms=[0.201625, 0.202, 0.200833, 0.200875, 0.201083, 0.200875, 0.200583, 0.201167, 0.200916, 0.201292, 0.200791, 0.200792, 0.201083, 0.200709, 0.200916, 0.201375, 0.201458, 0.200958, 0.200583, 0.200542, 0.201542, 0.201, 0.201208, 0.201459, 0.201541, 0.2005, 0.200875, 0.201416, 0.201084, 0.201125, 0.2015]
