$ crates/target/release/examples/bench_tensor_low_attention
backend=metal;31 rotated samples;200ms warmup;resident low QKV;f32 output;reused programs;separate unprofiled host+readback and GPU shared-pass timings;independent dense f64 reference;every result checked after timing
case=small dtype=F16 Hq=1 Hkv=1 Lq=17 Lk=65 D=17 Dv=33 strided_masked=false removed_f32_input_bytes=14156
small_F16 cast_f32 host median_ms=0.217625 p90_ms=0.235583 samples_ms=[0.23558300000000001, 0.205125, 0.240375, 0.239667, 0.240208, 0.225333, 0.225875, 0.22054200000000002, 0.22645900000000002, 0.21654199999999998, 0.210667, 0.21375, 0.218125, 0.20408300000000001, 0.222083, 0.21645799999999998, 0.217375, 0.21795899999999999, 0.22075, 0.214209, 0.218417, 0.214334, 0.21762499999999999, 0.19783299999999998, 0.209292, 0.218333, 0.2095, 0.199834, 0.212208, 0.21316600000000002, 0.22075]
small_F16 cast_f32 gpu median_ms=0.062667 p90_ms=0.065709 samples_ms=[0.068417, 0.068125, 0.071459, 0.064834, 0.064958, 0.064959, 0.065709, 0.062125, 0.061667, 0.062042, 0.061416, 0.062667, 0.062708, 0.061459, 0.062458, 0.062584, 0.06275, 0.062458, 0.062541, 0.062333, 0.062708, 0.061375, 0.062708, 0.06125, 0.06275, 0.061834, 0.062667, 0.062583, 0.06275, 0.06275, 0.061292]
small_F16 direct_low host median_ms=0.225292 p90_ms=0.236750 samples_ms=[0.23675000000000002, 0.221083, 0.25437499999999996, 0.22029100000000001, 0.20875000000000002, 0.23800000000000002, 0.234709, 0.234125, 0.226667, 0.22529200000000002, 0.221834, 0.229666, 0.229833, 0.22775, 0.22699999999999998, 0.216708, 0.219125, 0.222917, 0.22479100000000002, 0.219583, 0.22175, 0.218917, 0.223667, 0.202041, 0.227875, 0.225333, 0.230125, 0.279125, 0.226209, 0.224625, 0.222709]
small_F16 direct_low gpu median_ms=0.073875 p90_ms=0.077792 samples_ms=[0.077709, 0.081584, 0.081709, 0.081541, 0.077667, 0.077542, 0.07775, 0.077792, 0.073667, 0.073791, 0.073667, 0.073666, 0.073958, 0.074, 0.073792, 0.073833, 0.073625, 0.074042, 0.073959, 0.073959, 0.073458, 0.073875, 0.073459, 0.073625, 0.073834, 0.073833, 0.073875, 0.073334, 0.074041, 0.073667, 0.073792]
case=small dtype=Bf16 Hq=1 Hkv=1 Lq=17 Lk=65 D=17 Dv=33 strided_masked=false removed_f32_input_bytes=14156
small_Bf16 cast_f32 host median_ms=0.170208 p90_ms=0.381083 samples_ms=[0.181083, 0.37854099999999996, 0.385292, 0.38137499999999996, 0.37658400000000003, 0.374333, 0.380292, 0.372375, 0.381083, 0.389375, 0.170208, 0.16645900000000002, 0.163792, 0.17266600000000001, 0.177292, 0.16470800000000002, 0.17891700000000002, 0.16404200000000002, 0.163375, 0.16595800000000002, 0.165167, 0.16458299999999998, 0.171292, 0.16433299999999998, 0.168667, 0.166333, 0.164125, 0.180959, 0.16679100000000002, 0.163083, 0.168459]
small_Bf16 cast_f32 gpu median_ms=0.060666 p90_ms=0.266250 samples_ms=[0.060833, 0.26575, 0.266625, 0.266166, 0.266334, 0.265375, 0.26625, 0.265875, 0.266375, 0.26575, 0.06075, 0.060333, 0.060583, 0.060459, 0.060667, 0.06025, 0.060666, 0.060583, 0.060416, 0.060709, 0.06075, 0.060625, 0.060458, 0.060291, 0.0605, 0.060666, 0.060541, 0.060625, 0.060625, 0.060666, 0.060667]
small_Bf16 direct_low host median_ms=0.171500 p90_ms=0.375416 samples_ms=[0.29916699999999996, 0.37541599999999997, 0.378166, 0.367542, 0.366292, 0.372834, 0.3805, 0.369166, 0.372042, 0.379, 0.16449999999999998, 0.168917, 0.162958, 0.171667, 0.163084, 0.16137500000000002, 0.17241700000000001, 0.17149999999999999, 0.276541, 0.169459, 0.171209, 0.165459, 0.167625, 0.163167, 0.172041, 0.164417, 0.169542, 0.286042, 0.165333, 0.161084, 0.161833]
small_Bf16 direct_low gpu median_ms=0.061458 p90_ms=0.261541 samples_ms=[0.236791, 0.244375, 0.261333, 0.261833, 0.261541, 0.261541, 0.261, 0.261708, 0.2615, 0.261583, 0.061333, 0.061292, 0.061583, 0.061416, 0.06125, 0.061417, 0.061541, 0.061333, 0.061375, 0.0615, 0.0615, 0.061375, 0.061334, 0.061458, 0.061416, 0.061208, 0.061291, 0.061458, 0.061292, 0.0615, 0.061333]
case=decode dtype=F16 Hq=4 Hkv=2 Lq=1 Lk=4097 D=64 Dv=64 strided_masked=false removed_f32_input_bytes=4196352
decode_F16 cast_f32 host median_ms=0.410375 p90_ms=0.420125 samples_ms=[0.3835, 0.388584, 0.38941699999999996, 0.393, 0.39787500000000003, 0.42616699999999996, 0.42012499999999997, 0.423583, 0.41933299999999996, 0.395291, 0.394084, 0.412917, 0.408958, 0.397042, 0.397834, 0.394791, 0.40045800000000004, 0.41475, 0.413583, 0.412417, 0.449209, 0.4045, 0.413125, 0.41075, 0.412875, 0.410375, 0.41300000000000003, 0.40695800000000004, 0.398125, 0.418792, 0.41766600000000004]
decode_F16 cast_f32 gpu median_ms=0.282042 p90_ms=0.286416 samples_ms=[0.275209, 0.275208, 0.275875, 0.274875, 0.274833, 0.286125, 0.286416, 0.278875, 0.285958, 0.279333, 0.281417, 0.2865, 0.285334, 0.2845, 0.284708, 0.281708, 0.284791, 0.281542, 0.285792, 0.275, 0.278584, 0.286708, 0.285083, 0.281583, 0.286125, 0.282417, 0.282042, 0.283125, 0.279208, 0.279583, 0.286459]
decode_F16 direct_low host median_ms=0.478167 p90_ms=0.492375 samples_ms=[0.472625, 0.474333, 0.466208, 0.465791, 0.466333, 0.49445900000000004, 0.474792, 0.5241659999999999, 0.48925, 0.48945900000000003, 0.465209, 0.628417, 0.480416, 0.478167, 0.47150000000000003, 0.46900000000000003, 0.475084, 0.47229200000000005, 0.48491700000000004, 0.481125, 0.485875, 0.475958, 0.487375, 0.49237499999999995, 0.485041, 0.47516600000000003, 0.472083, 0.489292, 0.483375, 0.476209, 0.487666]
decode_F16 direct_low gpu median_ms=0.362875 p90_ms=0.364084 samples_ms=[0.358458, 0.358834, 0.358584, 0.358542, 0.358792, 0.358292, 0.359125, 0.364209, 0.364125, 0.36275, 0.359792, 0.362875, 0.362916, 0.364084, 0.363292, 0.360333, 0.362583, 0.363083, 0.363834, 0.363042, 0.363708, 0.363, 0.36075, 0.366583, 0.363375, 0.363209, 0.359417, 0.363333, 0.360792, 0.364, 0.360917]
case=decode dtype=Bf16 Hq=4 Hkv=2 Lq=1 Lk=4097 D=64 Dv=64 strided_masked=false removed_f32_input_bytes=4196352
decode_Bf16 cast_f32 host median_ms=0.450542 p90_ms=0.461709 samples_ms=[0.444792, 0.444958, 0.443958, 0.443291, 0.452083, 0.4345, 0.449167, 0.43958400000000003, 0.46704199999999996, 0.41637500000000005, 0.46912499999999996, 0.46575, 0.456125, 0.455583, 0.447125, 0.44425, 0.449416, 0.461709, 0.46108299999999997, 0.455792, 0.451708, 0.440458, 0.44345799999999996, 0.415208, 0.432666, 0.46054100000000003, 0.4595, 0.451292, 0.450542, 0.458416, 0.45425]
decode_Bf16 cast_f32 gpu median_ms=0.284208 p90_ms=0.284958 samples_ms=[0.276958, 0.284333, 0.282625, 0.284667, 0.277458, 0.284584, 0.285042, 0.2845, 0.277209, 0.284958, 0.284167, 0.284667, 0.274041, 0.284208, 0.283125, 0.284375, 0.282583, 0.284292, 0.285, 0.285375, 0.284417, 0.28275, 0.277458, 0.277916, 0.274792, 0.276958, 0.284375, 0.284333, 0.284667, 0.277709, 0.281625]
decode_Bf16 direct_low host median_ms=0.418458 p90_ms=0.432333 samples_ms=[0.413458, 0.41591700000000004, 0.418458, 0.41933299999999996, 0.412458, 0.419166, 0.5507500000000001, 0.386334, 0.437917, 0.42104199999999997, 0.432333, 0.425, 0.434625, 0.425166, 0.398167, 0.424083, 0.386708, 0.401167, 0.42320800000000003, 0.429708, 0.392791, 0.424833, 0.396583, 0.395459, 0.397042, 0.42174999999999996, 0.43150000000000005, 0.41370799999999996, 0.412, 0.40937500000000004, 0.411917]
decode_Bf16 direct_low gpu median_ms=0.257083 p90_ms=0.257708 samples_ms=[0.256875, 0.257708, 0.257833, 0.256542, 0.257875, 0.257042, 0.254708, 0.253834, 0.257667, 0.257292, 0.254042, 0.257459, 0.257375, 0.257084, 0.253708, 0.256709, 0.256958, 0.253542, 0.257083, 0.253834, 0.257, 0.257375, 0.257458, 0.256792, 0.253959, 0.257625, 0.257167, 0.25775, 0.257417, 0.257542, 0.253833]
case=prefill dtype=F16 Hq=2 Hkv=2 Lq=128 Lk=257 D=64 Dv=64 strided_masked=false removed_f32_input_bytes=328704
prefill_F16 cast_f32 host median_ms=0.412083 p90_ms=0.418917 samples_ms=[0.410209, 0.412583, 0.404917, 0.40925, 0.413042, 0.401458, 0.407416, 0.420875, 0.412333, 0.401583, 0.414958, 0.417875, 0.41758300000000004, 0.40937500000000004, 0.41354199999999997, 0.413583, 0.402834, 0.41475, 0.410375, 0.408, 0.417416, 0.399792, 0.40308299999999997, 0.410833, 0.40775, 0.41370799999999996, 0.41970799999999997, 0.42183299999999996, 0.418917, 0.412083, 0.411708]
prefill_F16 cast_f32 gpu median_ms=0.236125 p90_ms=0.237084 samples_ms=[0.237125, 0.235291, 0.235417, 0.235666, 0.235458, 0.236375, 0.236333, 0.236125, 0.237125, 0.235417, 0.23675, 0.235334, 0.235292, 0.236792, 0.236542, 0.2365, 0.236, 0.235375, 0.236125, 0.235583, 0.237084, 0.235166, 0.235458, 0.2365, 0.236958, 0.235292, 0.236125, 0.236, 0.236541, 0.23525, 0.237084]
prefill_F16 direct_low host median_ms=0.572125 p90_ms=0.583250 samples_ms=[0.6619590000000001, 0.562667, 0.563334, 0.5732499999999999, 0.567917, 0.5914159999999999, 0.571084, 0.575666, 0.58325, 0.56725, 0.5725, 0.5815, 0.5794170000000001, 0.5682079999999999, 0.568542, 0.56875, 0.802292, 0.5705, 0.564041, 0.56775, 0.564375, 0.563209, 0.572125, 0.5756249999999999, 0.56725, 0.554042, 0.5747089999999999, 0.575333, 0.5784170000000001, 0.578375, 0.574458]
prefill_F16 direct_low gpu median_ms=0.397125 p90_ms=0.401083 samples_ms=[0.397708, 0.396459, 0.396917, 0.401708, 0.39625, 0.401083, 0.396875, 0.397417, 0.398041, 0.400584, 0.39625, 0.396959, 0.397125, 0.401083, 0.396792, 0.39825, 0.397958, 0.400042, 0.396083, 0.397792, 0.39625, 0.399458, 0.397292, 0.396959, 0.396334, 0.396458, 0.396, 0.396792, 0.396375, 0.40125, 0.399583]
case=prefill dtype=Bf16 Hq=2 Hkv=2 Lq=128 Lk=257 D=64 Dv=64 strided_masked=false removed_f32_input_bytes=328704
prefill_Bf16 cast_f32 host median_ms=0.410625 p90_ms=0.423584 samples_ms=[0.401542, 0.409958, 0.5940840000000001, 0.404792, 0.415208, 0.40108299999999997, 0.5042500000000001, 0.41604100000000005, 0.407083, 0.397042, 0.410625, 0.41125, 0.40904199999999996, 0.459708, 0.41395800000000005, 0.40725, 0.41195899999999996, 0.404584, 0.409542, 0.410291, 0.41100000000000003, 0.412667, 0.41091700000000003, 0.404292, 0.41075, 0.401958, 0.415375, 0.423584, 0.4125, 0.400334, 0.39725]
prefill_Bf16 cast_f32 gpu median_ms=0.235542 p90_ms=0.236666 samples_ms=[0.235542, 0.235375, 0.235833, 0.235542, 0.235833, 0.234875, 0.235584, 0.236666, 0.235458, 0.236541, 0.235833, 0.234916, 0.234416, 0.236375, 0.235833, 0.234958, 0.234917, 0.234875, 0.236708, 0.2355, 0.235458, 0.235708, 0.235667, 0.234875, 0.236958, 0.236667, 0.2365, 0.235, 0.235458, 0.235959, 0.2355]
prefill_Bf16 direct_low host median_ms=0.452459 p90_ms=0.465375 samples_ms=[0.45679200000000003, 0.424708, 0.452459, 0.446625, 0.45275, 0.453834, 0.439875, 0.452292, 0.453417, 0.454166, 0.450417, 0.46537500000000004, 0.446833, 0.453708, 0.448875, 0.465791, 0.45975, 0.447167, 0.450959, 0.445625, 0.45070899999999997, 0.449625, 0.449334, 0.47845899999999997, 0.452542, 0.45287499999999997, 0.45199999999999996, 0.453708, 0.4535, 0.644959, 0.44575000000000004]
prefill_Bf16 direct_low gpu median_ms=0.279917 p90_ms=0.282833 samples_ms=[0.278875, 0.279583, 0.279333, 0.279, 0.280334, 0.2825, 0.279291, 0.279458, 0.279917, 0.282917, 0.280208, 0.28275, 0.279458, 0.279125, 0.279416, 0.283041, 0.27925, 0.279208, 0.279458, 0.283, 0.279208, 0.2795, 0.279917, 0.282583, 0.280083, 0.282625, 0.279917, 0.282708, 0.28025, 0.282833, 0.279667]
case=wide_value_gqa dtype=F16 Hq=4 Hkv=2 Lq=65 Lk=257 D=32 Dv=129 strided_masked=false removed_f32_input_bytes=364296
wide_value_gqa_F16 cast_f32 host median_ms=0.523042 p90_ms=0.536042 samples_ms=[0.518916, 0.530833, 0.541625, 0.527875, 0.523042, 0.5354580000000001, 0.532084, 0.536042, 0.533541, 0.526333, 0.529625, 0.519375, 0.626917, 0.531542, 0.5275409999999999, 0.524917, 0.519458, 0.522542, 0.516209, 0.50625, 0.507625, 0.507208, 0.502166, 0.519, 0.5249579999999999, 0.50575, 0.5788329999999999, 0.503667, 0.5100830000000001, 0.5090830000000001, 0.513458]
wide_value_gqa_F16 cast_f32 gpu median_ms=0.350792 p90_ms=0.351667 samples_ms=[0.3495, 0.349916, 0.351125, 0.348625, 0.349958, 0.351833, 0.352083, 0.351375, 0.35, 0.350708, 0.349709, 0.35175, 0.350333, 0.350958, 0.351625, 0.350583, 0.350792, 0.34775, 0.351333, 0.35125, 0.349209, 0.351208, 0.351208, 0.351208, 0.349291, 0.351333, 0.349292, 0.351667, 0.349083, 0.351208, 0.350667]
wide_value_gqa_F16 direct_low host median_ms=0.758375 p90_ms=0.811333 samples_ms=[0.801292, 0.7986249999999999, 0.758375, 0.798584, 0.811333, 0.712292, 0.8517079999999999, 0.7120409999999999, 0.753125, 0.6964589999999999, 0.7815, 0.812708, 0.70125, 0.7771250000000001, 0.814416, 0.753667, 0.76375, 0.801208, 0.797208, 0.753958, 0.688875, 0.741833, 0.6760419999999999, 0.7282080000000001, 0.692083, 0.776375, 0.738708, 0.7731250000000001, 0.784042, 0.687542, 0.753792]
wide_value_gqa_F16 direct_low gpu median_ms=0.527459 p90_ms=0.531625 samples_ms=[0.526625, 0.527542, 0.527041, 0.527333, 0.526584, 0.528958, 0.525375, 0.527625, 0.528583, 0.527084, 0.528833, 0.529625, 0.527208, 0.527459, 0.525875, 0.531625, 0.525833, 0.526041, 0.525417, 0.52775, 0.531666, 0.534417, 0.533042, 0.526, 0.525917, 0.527667, 0.528209, 0.527, 0.53025, 0.528583, 0.527417]
case=wide_value_gqa dtype=Bf16 Hq=4 Hkv=2 Lq=65 Lk=257 D=32 Dv=129 strided_masked=false removed_f32_input_bytes=364296
wide_value_gqa_Bf16 cast_f32 host median_ms=0.510708 p90_ms=0.521375 samples_ms=[0.508958, 0.562041, 0.516375, 0.501458, 0.5095419999999999, 0.507459, 0.6261669999999999, 0.518041, 0.516333, 0.514709, 0.509667, 0.503208, 0.505958, 0.568333, 0.521375, 0.505042, 0.506625, 0.5053329999999999, 0.510375, 0.519792, 0.510708, 0.507, 0.512291, 0.5097079999999999, 0.513208, 0.512459, 0.5117919999999999, 0.505792, 0.505833, 0.5132920000000001, 0.5119579999999999]
wide_value_gqa_Bf16 cast_f32 gpu median_ms=0.350458 p90_ms=0.351583 samples_ms=[0.348958, 0.351334, 0.351, 0.349958, 0.350583, 0.351792, 0.349334, 0.349041, 0.350834, 0.3495, 0.350667, 0.351042, 0.351917, 0.351375, 0.351583, 0.349125, 0.350291, 0.348833, 0.350458, 0.349292, 0.349875, 0.348375, 0.3515, 0.352084, 0.350125, 0.349208, 0.351333, 0.347291, 0.35075, 0.350625, 0.349792]
wide_value_gqa_Bf16 direct_low host median_ms=0.556542 p90_ms=0.566958 samples_ms=[0.558042, 0.5544159999999999, 0.5544159999999999, 0.554084, 0.559, 0.555417, 0.558542, 0.569125, 0.551667, 0.549875, 0.5509160000000001, 0.5517500000000001, 0.5565420000000001, 0.566958, 0.55125, 0.56175, 0.554, 0.555875, 0.5576249999999999, 0.572208, 0.560125, 0.558375, 0.558458, 0.559333, 0.55525, 0.556709, 0.570208, 0.5558339999999999, 0.5563750000000001, 0.556625, 0.553542]
wide_value_gqa_Bf16 direct_low gpu median_ms=0.400459 p90_ms=0.402709 samples_ms=[0.400917, 0.402292, 0.402958, 0.400916, 0.402291, 0.399792, 0.399167, 0.400542, 0.398333, 0.402709, 0.399708, 0.399667, 0.399667, 0.399917, 0.399208, 0.40225, 0.401084, 0.400292, 0.40025, 0.400708, 0.400833, 0.403875, 0.400459, 0.403708, 0.399833, 0.401709, 0.399625, 0.399667, 0.401292, 0.400125, 0.399958]
case=strided_masked dtype=F16 Hq=6 Hkv=2 Lq=7 Lk=65 D=17 Dv=33 strided_masked=true removed_f32_input_bytes=28856
strided_masked_F16 cast_f32 host median_ms=0.153708 p90_ms=0.173500 samples_ms=[0.155, 0.26245799999999997, 0.15504099999999998, 0.15287499999999998, 0.153667, 0.149083, 0.161875, 0.151959, 0.152959, 0.153708, 0.15295799999999998, 0.153375, 0.15341700000000003, 0.152917, 0.15595900000000001, 0.15275, 0.154417, 0.152208, 0.153208, 0.15675, 0.151958, 0.153792, 0.153291, 0.15287499999999998, 0.155334, 0.282167, 0.243959, 0.170917, 0.1735, 0.167708, 0.165]
strided_masked_F16 cast_f32 gpu median_ms=0.050167 p90_ms=0.050542 samples_ms=[0.050125, 0.050542, 0.05, 0.050375, 0.050208, 0.050167, 0.050084, 0.050458, 0.049792, 0.050125, 0.049875, 0.05025, 0.050292, 0.050208, 0.049708, 0.050167, 0.050167, 0.050541, 0.049833, 0.050084, 0.050083, 0.050291, 0.050083, 0.050541, 0.050041, 0.049958, 0.049666, 0.051208, 0.051, 0.050084, 0.050791]
strided_masked_F16 direct_low host median_ms=0.160000 p90_ms=0.185000 samples_ms=[0.159333, 0.16037500000000002, 0.160083, 0.15804200000000002, 0.161791, 0.16124999999999998, 0.160625, 0.15937500000000002, 0.15937500000000002, 0.15875, 0.158667, 0.159083, 0.16158399999999998, 0.15912500000000002, 0.16, 0.16, 0.1585, 0.164083, 0.15929200000000002, 0.16, 0.2585, 0.158833, 0.159042, 0.159792, 0.158375, 0.16275, 0.201334, 0.185, 0.175291, 0.21954200000000001, 0.177042]
strided_masked_F16 direct_low gpu median_ms=0.058000 p90_ms=0.058250 samples_ms=[0.057917, 0.058209, 0.057792, 0.058333, 0.057917, 0.058208, 0.058084, 0.058042, 0.057875, 0.058125, 0.057834, 0.058042, 0.058, 0.058167, 0.057792, 0.058208, 0.057958, 0.05825, 0.057792, 0.058125, 0.057875, 0.058083, 0.057916, 0.057875, 0.057916, 0.057958, 0.057875, 0.057958, 0.058334, 0.058291, 0.058125]
case=strided_masked dtype=Bf16 Hq=6 Hkv=2 Lq=7 Lk=65 D=17 Dv=33 strided_masked=true removed_f32_input_bytes=28856
strided_masked_Bf16 cast_f32 host median_ms=0.152959 p90_ms=0.156208 samples_ms=[0.151667, 0.151416, 0.152833, 0.15275, 0.15620799999999999, 0.150709, 0.216708, 0.156583, 0.15537499999999999, 0.154833, 0.154083, 0.15133400000000002, 0.15204199999999998, 0.15, 0.154208, 0.151416, 0.152959, 0.153833, 0.156, 0.152291, 0.152333, 0.153084, 0.15629099999999999, 0.150834, 0.152917, 0.155625, 0.154417, 0.15595900000000001, 0.15420899999999998, 0.152, 0.15279099999999998]
strided_masked_Bf16 cast_f32 gpu median_ms=0.049750 p90_ms=0.049917 samples_ms=[0.04975, 0.049791, 0.049833, 0.049708, 0.049708, 0.049708, 0.04975, 0.049542, 0.049709, 0.049666, 0.04975, 0.049875, 0.049834, 0.049875, 0.049958, 0.049666, 0.05, 0.049542, 0.049917, 0.04975, 0.049917, 0.04975, 0.049708, 0.049459, 0.049833, 0.049583, 0.04975, 0.049459, 0.049625, 0.049542, 0.050167]
strided_masked_Bf16 direct_low host median_ms=0.149209 p90_ms=0.154875 samples_ms=[0.15170799999999998, 0.148875, 0.147708, 0.149083, 0.153167, 0.14758300000000002, 0.155792, 0.149292, 0.14945799999999998, 0.15375, 0.149209, 0.147917, 0.148125, 0.148792, 0.14775000000000002, 0.14945799999999998, 0.14891700000000002, 0.148333, 0.14854199999999998, 0.149708, 0.148584, 0.180416, 0.15, 0.14979199999999998, 0.148584, 0.265, 0.149375, 0.151916, 0.144875, 0.14625, 0.154875]
strided_masked_Bf16 direct_low gpu median_ms=0.048042 p90_ms=0.048291 samples_ms=[0.048291, 0.048041, 0.048, 0.048083, 0.048, 0.048083, 0.048125, 0.048041, 0.048292, 0.048291, 0.048209, 0.048042, 0.048125, 0.048291, 0.048417, 0.047875, 0.048458, 0.047959, 0.048166, 0.048041, 0.048042, 0.047917, 0.047834, 0.047959, 0.047792, 0.048042, 0.048, 0.048083, 0.047958, 0.048125, 0.048125]
