$ /Users/themoretheless/Documents/Sources/open-scad-viewer/crates/target/release/examples/bench_tensor_low_attention
backend=metal;31 rotated samples;200ms warmup;resident low QKV;f32 output;reused programs;separate unprofiled host+readback and GPU shared-pass timings;independent dense f64 reference;every result checked after timing
case=small dtype=F16 Hq=1 Hkv=1 Lq=17 Lk=65 D=17 Dv=33 strided_masked=false removed_f32_input_bytes=14156
small_F16 cast_f32 host median_ms=0.212833 p90_ms=0.221291 samples_ms=[0.234125, 0.182334, 0.224542, 0.215417, 0.282542, 0.22129100000000002, 0.219958, 0.217083, 0.216417, 0.212833, 0.213334, 0.205625, 0.214834, 0.190166, 0.2095, 0.197417, 0.19725, 0.203875, 0.19612500000000002, 0.215125, 0.2175, 0.209583, 0.205125, 0.214958, 0.21804199999999999, 0.19504200000000002, 0.217167, 0.18829200000000001, 0.191083, 0.196, 0.195584]
small_F16 cast_f32 gpu median_ms=0.061792 p90_ms=0.062667 samples_ms=[0.062667, 0.061084, 0.06125, 0.061833, 0.061583, 0.062625, 0.062833, 0.062625, 0.061541, 0.062417, 0.061542, 0.062542, 0.0625, 0.061083, 0.062666, 0.061208, 0.06125, 0.061792, 0.063084, 0.062333, 0.062542, 0.062167, 0.0615, 0.061375, 0.06275, 0.061417, 0.061291, 0.061416, 0.061958, 0.061334, 0.06125]
small_F16 direct_low host median_ms=0.216750 p90_ms=0.226875 samples_ms=[0.228958, 0.186333, 0.215833, 0.226875, 0.23325, 0.222375, 0.220084, 0.219416, 0.210125, 0.219459, 0.21775, 0.219583, 0.21675, 0.218583, 0.2125, 0.20316700000000001, 0.21108300000000002, 0.217583, 0.216917, 0.21745799999999998, 0.22, 0.207833, 0.209458, 0.215292, 0.33125, 0.205125, 0.194667, 0.192125, 0.20341700000000001, 0.19824999999999998, 0.177]
small_F16 direct_low gpu median_ms=0.067708 p90_ms=0.068375 samples_ms=[0.067416, 0.067541, 0.067708, 0.070833, 0.068, 0.068458, 0.067708, 0.067458, 0.0675, 0.067667, 0.067875, 0.067458, 0.067708, 0.067875, 0.068084, 0.067459, 0.068167, 0.068042, 0.067959, 0.06775, 0.0675, 0.0685, 0.068042, 0.067667, 0.068375, 0.067625, 0.0675, 0.067708, 0.067708, 0.067542, 0.067959]
case=small dtype=Bf16 Hq=1 Hkv=1 Lq=17 Lk=65 D=17 Dv=33 strided_masked=false removed_f32_input_bytes=14156
small_Bf16 cast_f32 host median_ms=0.171417 p90_ms=0.183500 samples_ms=[0.166458, 0.169959, 0.16820800000000002, 0.17375, 0.16612500000000002, 0.178417, 0.287792, 0.171125, 0.17141699999999999, 0.165709, 0.166, 0.168834, 0.164417, 0.17241599999999999, 0.17191700000000001, 0.166875, 0.177291, 0.161, 0.16037500000000002, 0.178, 0.169375, 0.171209, 0.182833, 0.18125, 0.180417, 0.1835, 0.1855, 0.18466700000000003, 0.172667, 0.173208, 0.171167]
small_Bf16 cast_f32 gpu median_ms=0.060750 p90_ms=0.061916 samples_ms=[0.06075, 0.0605, 0.060583, 0.060833, 0.060792, 0.061958, 0.060458, 0.061916, 0.0605, 0.060333, 0.060459, 0.060458, 0.060542, 0.060417, 0.060416, 0.06025, 0.060291, 0.060625, 0.060875, 0.061875, 0.060666, 0.062083, 0.061708, 0.061875, 0.061834, 0.061042, 0.06175, 0.061916, 0.060625, 0.060792, 0.060833]
small_Bf16 direct_low host median_ms=0.173042 p90_ms=0.181375 samples_ms=[0.164334, 0.166792, 0.163208, 0.161833, 0.178208, 0.180667, 0.17770899999999998, 0.18087499999999998, 0.16075, 0.16366699999999998, 0.176292, 0.16175, 0.16574999999999998, 0.165666, 0.166166, 0.164, 0.191083, 0.174041, 0.182542, 0.185916, 0.16625, 0.177125, 0.177458, 0.181375, 0.178709, 0.164375, 0.178333, 0.178042, 0.170917, 0.16799999999999998, 0.17304199999999997]
small_Bf16 direct_low gpu median_ms=0.060166 p90_ms=0.060625 samples_ms=[0.060083, 0.060333, 0.060292, 0.06025, 0.060209, 0.060625, 0.059916, 0.060584, 0.060083, 0.059917, 0.060166, 0.059959, 0.05975, 0.06, 0.060208, 0.059917, 0.060167, 0.060084, 0.060125, 0.0605, 0.060042, 0.06025, 0.06, 0.060666, 0.060542, 0.060875, 0.060333, 0.060625, 0.059958, 0.060084, 0.060083]
case=decode dtype=F16 Hq=4 Hkv=2 Lq=1 Lk=4097 D=64 Dv=64 strided_masked=false removed_f32_input_bytes=4196352
decode_F16 cast_f32 host median_ms=0.402500 p90_ms=0.420208 samples_ms=[0.41558300000000004, 0.40670799999999996, 0.40900000000000003, 0.388875, 0.38795799999999997, 0.39354100000000003, 0.392834, 0.4105, 0.406542, 0.390792, 0.395125, 0.39129200000000003, 0.389125, 0.396458, 0.503916, 0.404167, 0.394709, 0.395209, 0.40004199999999995, 0.4025, 0.420041, 0.396208, 0.417333, 0.38595799999999997, 0.38379199999999997, 0.42020799999999997, 0.4205, 0.407542, 0.41550000000000004, 0.414125, 0.42491700000000004]
decode_F16 cast_f32 gpu median_ms=0.275625 p90_ms=0.283542 samples_ms=[0.285042, 0.27525, 0.275083, 0.274958, 0.274666, 0.276458, 0.275792, 0.2755, 0.275625, 0.274875, 0.27475, 0.274666, 0.274709, 0.274958, 0.274875, 0.274875, 0.274417, 0.283542, 0.278542, 0.281709, 0.277916, 0.282333, 0.282125, 0.275042, 0.274375, 0.275791, 0.283292, 0.278333, 0.28525, 0.275792, 0.289125]
decode_F16 direct_low host median_ms=0.430375 p90_ms=0.443875 samples_ms=[0.44075000000000003, 0.487792, 0.430375, 0.423334, 0.432209, 0.425084, 0.427125, 0.44387499999999996, 0.436708, 0.423417, 0.426209, 0.418333, 0.429667, 0.420166, 0.42833299999999996, 0.426375, 0.42529100000000003, 0.43675, 0.43716700000000003, 0.429334, 0.44137499999999996, 0.42824999999999996, 0.42283400000000004, 0.42866699999999996, 0.435833, 0.45199999999999996, 0.431208, 0.43925000000000003, 0.43475, 0.448417, 0.436833]
decode_F16 direct_low gpu median_ms=0.313625 p90_ms=0.317417 samples_ms=[0.317625, 0.317417, 0.313625, 0.3125, 0.31175, 0.31275, 0.313375, 0.31375, 0.31375, 0.31425, 0.311667, 0.311916, 0.311917, 0.312042, 0.311291, 0.311458, 0.311708, 0.313, 0.316459, 0.316791, 0.316709, 0.317042, 0.31175, 0.314709, 0.313375, 0.316667, 0.313, 0.316167, 0.318208, 0.317666, 0.316667]
case=decode dtype=Bf16 Hq=4 Hkv=2 Lq=1 Lk=4097 D=64 Dv=64 strided_masked=false removed_f32_input_bytes=4196352
decode_Bf16 cast_f32 host median_ms=0.424584 p90_ms=0.430667 samples_ms=[0.42824999999999996, 0.425292, 0.417709, 0.428875, 0.42458399999999996, 0.43066699999999997, 0.49037500000000006, 0.422833, 0.421458, 0.414459, 0.419125, 0.421958, 0.425458, 0.42604200000000003, 0.44158400000000003, 0.428417, 0.417416, 0.423583, 0.416667, 0.426209, 0.423084, 0.42404200000000003, 0.43916700000000003, 0.426833, 0.42570800000000003, 0.418875, 0.429375, 0.4195, 0.42458300000000004, 0.422209, 0.426625]
decode_Bf16 cast_f32 gpu median_ms=0.280209 p90_ms=0.283833 samples_ms=[0.283625, 0.280042, 0.283833, 0.281458, 0.274083, 0.274375, 0.279917, 0.279834, 0.286, 0.279292, 0.282084, 0.280209, 0.283542, 0.274417, 0.279417, 0.2795, 0.283875, 0.280167, 0.274291, 0.276709, 0.284083, 0.283458, 0.2805, 0.283125, 0.280375, 0.280208, 0.282417, 0.283208, 0.280166, 0.274333, 0.281]
decode_Bf16 direct_low host median_ms=0.390625 p90_ms=0.397917 samples_ms=[0.390917, 0.388042, 0.387917, 0.397917, 0.388792, 0.386875, 0.402417, 0.39345800000000003, 0.39525, 0.392083, 0.38525000000000004, 0.38766700000000004, 0.390625, 0.397458, 0.39675000000000005, 0.401167, 0.393542, 0.38908299999999996, 0.384042, 0.39754100000000003, 0.392583, 0.38975000000000004, 0.401959, 0.391084, 0.387625, 0.381125, 0.387916, 0.3885, 0.388875, 0.396917, 0.387959]
decode_Bf16 direct_low gpu median_ms=0.251917 p90_ms=0.252417 samples_ms=[0.251917, 0.248959, 0.24925, 0.248958, 0.251708, 0.249042, 0.249542, 0.248625, 0.252708, 0.252167, 0.252083, 0.250292, 0.252042, 0.24925, 0.252291, 0.252291, 0.252, 0.252125, 0.252417, 0.252041, 0.252584, 0.25225, 0.251875, 0.249333, 0.252292, 0.251625, 0.24875, 0.253333, 0.252041, 0.249083, 0.248958]
case=prefill dtype=F16 Hq=2 Hkv=2 Lq=128 Lk=257 D=64 Dv=64 strided_masked=false removed_f32_input_bytes=328704
prefill_F16 cast_f32 host median_ms=0.408708 p90_ms=0.417042 samples_ms=[0.40225, 0.40870799999999996, 0.410083, 0.40529200000000004, 0.411917, 0.39925, 0.413209, 0.39525, 0.39995800000000004, 0.41120799999999996, 0.394375, 0.52375, 0.3925, 0.409333, 0.393167, 0.41066600000000003, 0.41475, 0.418875, 0.410083, 0.409208, 0.411292, 0.414458, 0.418708, 0.407125, 0.408667, 0.417042, 0.408042, 0.40541699999999997, 0.394125, 0.37962500000000005, 0.399541]
prefill_F16 cast_f32 gpu median_ms=0.235541 p90_ms=0.236750 samples_ms=[0.236583, 0.236375, 0.235292, 0.234667, 0.235125, 0.235542, 0.235334, 0.235791, 0.2355, 0.236834, 0.235208, 0.23675, 0.236625, 0.23675, 0.234875, 0.235666, 0.236458, 0.235125, 0.235541, 0.235666, 0.235459, 0.235625, 0.235083, 0.234959, 0.235209, 0.235208, 0.234834, 0.236917, 0.235208, 0.235625, 0.235625]
prefill_F16 direct_low host median_ms=0.507708 p90_ms=0.521167 samples_ms=[0.513, 0.505, 0.500042, 0.508583, 0.592334, 0.507709, 0.507542, 0.49624999999999997, 0.49324999999999997, 0.49974999999999997, 0.5010410000000001, 0.5012909999999999, 0.504875, 0.513291, 0.506875, 0.624541, 0.510625, 0.507708, 0.513958, 0.5058750000000001, 0.518292, 0.521167, 0.5135839999999999, 0.5103329999999999, 0.511542, 0.533375, 0.4938330000000001, 0.5050410000000001, 0.500042, 0.49708300000000005, 0.515375]
prefill_F16 direct_low gpu median_ms=0.339250 p90_ms=0.343625 samples_ms=[0.338958, 0.344792, 0.339875, 0.338667, 0.338666, 0.33925, 0.342625, 0.342292, 0.339, 0.342792, 0.341042, 0.339, 0.344166, 0.342917, 0.338542, 0.347667, 0.338917, 0.338333, 0.338292, 0.342792, 0.342666, 0.339209, 0.33925, 0.338708, 0.339167, 0.338709, 0.339375, 0.343625, 0.339583, 0.342959, 0.339084]
case=prefill dtype=Bf16 Hq=2 Hkv=2 Lq=128 Lk=257 D=64 Dv=64 strided_masked=false removed_f32_input_bytes=328704
prefill_Bf16 cast_f32 host median_ms=0.409792 p90_ms=0.418625 samples_ms=[0.405333, 0.500417, 0.40891700000000003, 0.40495899999999996, 0.407875, 0.591666, 0.39670900000000003, 0.411667, 0.408459, 0.41100000000000003, 0.407542, 0.402, 0.406375, 0.412791, 0.413375, 0.423042, 0.400333, 0.418625, 0.40979200000000005, 0.411584, 0.41300000000000003, 0.412084, 0.403792, 0.414625, 0.416291, 0.40695800000000004, 0.41112499999999996, 0.416667, 0.408792, 0.401375, 0.399083]
prefill_Bf16 cast_f32 gpu median_ms=0.235250 p90_ms=0.237125 samples_ms=[0.234542, 0.235334, 0.235916, 0.236375, 0.234833, 0.234833, 0.235, 0.234375, 0.234416, 0.236459, 0.236083, 0.236583, 0.234375, 0.236666, 0.235458, 0.23475, 0.23525, 0.237125, 0.234375, 0.235208, 0.237459, 0.237792, 0.235292, 0.235375, 0.235, 0.238625, 0.235333, 0.234458, 0.235042, 0.234291, 0.235042]
prefill_Bf16 direct_low host median_ms=0.447792 p90_ms=0.459167 samples_ms=[0.4475, 0.434958, 0.452125, 0.446166, 0.444875, 0.449666, 0.44425, 0.441958, 0.439042, 0.447792, 0.450833, 0.450708, 0.458416, 0.44825000000000004, 0.468042, 0.424792, 0.448542, 0.449125, 0.444291, 0.459167, 0.44525000000000003, 0.470375, 0.448333, 0.458791, 0.445625, 0.590083, 0.4505, 0.446083, 0.44425, 0.446417, 0.438208]
prefill_Bf16 direct_low gpu median_ms=0.274250 p90_ms=0.278167 samples_ms=[0.278125, 0.279458, 0.278167, 0.27425, 0.2735, 0.274042, 0.273625, 0.27425, 0.273792, 0.274708, 0.273417, 0.273791, 0.278834, 0.274083, 0.278792, 0.27425, 0.273458, 0.274709, 0.277833, 0.27425, 0.274, 0.274375, 0.278042, 0.274083, 0.273875, 0.274333, 0.274041, 0.274084, 0.27325, 0.27425, 0.273209]
case=wide_value_gqa dtype=F16 Hq=4 Hkv=2 Lq=65 Lk=257 D=32 Dv=129 strided_masked=false removed_f32_input_bytes=364296
wide_value_gqa_F16 cast_f32 host median_ms=0.528875 p90_ms=0.537500 samples_ms=[0.535, 0.5248339999999999, 0.52625, 0.6849580000000001, 0.527958, 0.5190410000000001, 0.515292, 0.5339579999999999, 0.533292, 0.533625, 0.547583, 0.5345000000000001, 0.536833, 0.533459, 0.5246660000000001, 0.5139170000000001, 0.521917, 0.532458, 0.5346660000000001, 0.5375, 0.537125, 0.528541, 0.534291, 0.6308750000000001, 0.521083, 0.5288750000000001, 0.525625, 0.523458, 0.526208, 0.528666, 0.5241669999999999]
wide_value_gqa_F16 cast_f32 gpu median_ms=0.350125 p90_ms=0.351250 samples_ms=[0.35025, 0.349791, 0.352291, 0.35, 0.350834, 0.350791, 0.345584, 0.350209, 0.350208, 0.35, 0.351417, 0.351166, 0.352167, 0.349459, 0.349667, 0.350792, 0.350166, 0.349792, 0.349792, 0.34925, 0.348875, 0.35125, 0.350125, 0.349375, 0.349791, 0.35125, 0.348833, 0.349292, 0.350417, 0.348958, 0.350583]
wide_value_gqa_F16 direct_low host median_ms=0.744416 p90_ms=0.769000 samples_ms=[0.7489169999999999, 0.7502500000000001, 0.660125, 0.639458, 0.657542, 0.70125, 0.793458, 0.6547499999999999, 0.7690830000000001, 0.648, 0.758666, 0.765625, 0.761542, 0.743833, 0.744125, 0.686875, 0.7444160000000001, 0.765042, 0.74225, 0.775208, 0.7479579999999999, 0.756417, 0.741292, 0.755458, 0.6422920000000001, 0.703834, 0.7521249999999999, 0.641833, 0.769, 0.744417, 0.646292]
wide_value_gqa_F16 direct_low gpu median_ms=0.472875 p90_ms=0.475500 samples_ms=[0.468917, 0.47325, 0.469333, 0.472583, 0.473334, 0.473625, 0.472542, 0.476542, 0.4735, 0.472917, 0.468583, 0.473792, 0.473125, 0.472375, 0.4685, 0.472917, 0.472125, 0.472875, 0.4755, 0.478375, 0.474042, 0.471916, 0.476791, 0.467042, 0.473542, 0.474875, 0.472708, 0.47025, 0.47225, 0.471333, 0.469667]
case=wide_value_gqa dtype=Bf16 Hq=4 Hkv=2 Lq=65 Lk=257 D=32 Dv=129 strided_masked=false removed_f32_input_bytes=364296
wide_value_gqa_Bf16 cast_f32 host median_ms=0.535167 p90_ms=0.554917 samples_ms=[0.5346660000000001, 0.5395000000000001, 0.5396249999999999, 0.5351670000000001, 0.533959, 0.528292, 0.554917, 0.535, 0.590125, 0.5365, 0.528667, 0.535709, 0.540667, 0.522208, 0.540083, 0.532875, 0.531833, 0.626834, 0.522667, 0.529833, 0.5393330000000001, 0.530666, 0.546125, 0.5354589999999999, 0.520291, 0.5355, 0.53, 0.622459, 0.5337500000000001, 0.5327500000000001, 0.5401670000000001]
wide_value_gqa_Bf16 cast_f32 gpu median_ms=0.349375 p90_ms=0.352167 samples_ms=[0.348791, 0.349625, 0.3495, 0.351166, 0.348875, 0.349, 0.348542, 0.352167, 0.353209, 0.349958, 0.349166, 0.349791, 0.349125, 0.3505, 0.350833, 0.350291, 0.349375, 0.349083, 0.348542, 0.351875, 0.348792, 0.352542, 0.348417, 0.352833, 0.348083, 0.350959, 0.351125, 0.348167, 0.349209, 0.348167, 0.347917]
wide_value_gqa_Bf16 direct_low host median_ms=0.572000 p90_ms=0.586167 samples_ms=[0.581584, 0.582667, 0.576375, 0.572042, 0.586167, 0.562875, 0.572208, 0.572833, 0.57425, 0.5664999999999999, 0.558041, 0.57125, 0.571833, 0.5587920000000001, 0.614, 0.62675, 0.565292, 0.5695, 0.574708, 0.571959, 0.581542, 0.566042, 0.5720000000000001, 0.5672919999999999, 0.561125, 0.5638340000000001, 0.563375, 0.676958, 0.567791, 0.5815, 0.5735]
wide_value_gqa_Bf16 direct_low gpu median_ms=0.388166 p90_ms=0.392167 samples_ms=[0.389417, 0.386291, 0.387625, 0.388166, 0.3885, 0.3875, 0.387459, 0.393, 0.386417, 0.385917, 0.390583, 0.388708, 0.391625, 0.391708, 0.386792, 0.389625, 0.389458, 0.393, 0.387667, 0.395667, 0.387875, 0.386584, 0.38575, 0.391042, 0.390666, 0.387792, 0.386791, 0.392167, 0.387708, 0.391292, 0.387458]
case=strided_masked dtype=F16 Hq=6 Hkv=2 Lq=7 Lk=65 D=17 Dv=33 strided_masked=true removed_f32_input_bytes=28856
strided_masked_F16 cast_f32 host median_ms=0.164792 p90_ms=0.177333 samples_ms=[0.162583, 0.17508300000000002, 0.173541, 0.164208, 0.180416, 0.16933399999999998, 0.173333, 0.17925, 0.169375, 0.175209, 0.164792, 0.160667, 0.16075, 0.174458, 0.177125, 0.169666, 0.181791, 0.161333, 0.159291, 0.163417, 0.164625, 0.15620799999999999, 0.162041, 0.16137500000000002, 0.160083, 0.172834, 0.163417, 0.17533300000000002, 0.17733300000000002, 0.163208, 0.164291]
strided_masked_F16 cast_f32 gpu median_ms=0.050709 p90_ms=0.053792 samples_ms=[0.050333, 0.051166, 0.050417, 0.05175, 0.050042, 0.053833, 0.051959, 0.050584, 0.050292, 0.053792, 0.051875, 0.051833, 0.050709, 0.050917, 0.051792, 0.050416, 0.053833, 0.050417, 0.0505, 0.050458, 0.050417, 0.050333, 0.050459, 0.050417, 0.050208, 0.054292, 0.05225, 0.051625, 0.053667, 0.05025, 0.051209]
strided_masked_F16 direct_low host median_ms=0.172208 p90_ms=0.181792 samples_ms=[0.17450000000000002, 0.17983300000000002, 0.17825, 0.175167, 0.168083, 0.181791, 0.180916, 0.169875, 0.169792, 0.185958, 0.181334, 0.18175, 0.169709, 0.181792, 0.181125, 0.166167, 0.170542, 0.170042, 0.165875, 0.162833, 0.172208, 0.165708, 0.166708, 0.170167, 0.17704099999999998, 0.18083300000000002, 0.18204199999999998, 0.181958, 0.17200000000000001, 0.169791, 0.16783299999999998]
strided_masked_F16 direct_low gpu median_ms=0.057750 p90_ms=0.058000 samples_ms=[0.057917, 0.05775, 0.057583, 0.057917, 0.057708, 0.057791, 0.057584, 0.057667, 0.05775, 0.057834, 0.057625, 0.057833, 0.057292, 0.0575, 0.058083, 0.057416, 0.057667, 0.057625, 0.057959, 0.057333, 0.0575, 0.05775, 0.057625, 0.057334, 0.057875, 0.058417, 0.057916, 0.057875, 0.058, 0.0575, 0.058292]
case=strided_masked dtype=Bf16 Hq=6 Hkv=2 Lq=7 Lk=65 D=17 Dv=33 strided_masked=true removed_f32_input_bytes=28856
strided_masked_Bf16 cast_f32 host median_ms=0.164458 p90_ms=0.176416 samples_ms=[0.152542, 0.154583, 0.168625, 0.176208, 0.170208, 0.173459, 0.165375, 0.156292, 0.161125, 0.181625, 0.175583, 0.16033399999999998, 0.162875, 0.160667, 0.15912500000000002, 0.164458, 0.180375, 0.174292, 0.17641600000000002, 0.161917, 0.16279200000000002, 0.173792, 0.164, 0.17325000000000002, 0.163209, 0.15933399999999998, 0.15341700000000003, 0.180916, 0.169042, 0.16224999999999998, 0.173125]
strided_masked_Bf16 cast_f32 gpu median_ms=0.050875 p90_ms=0.051708 samples_ms=[0.049625, 0.05125, 0.050875, 0.051125, 0.050875, 0.050917, 0.049875, 0.0495, 0.049541, 0.049583, 0.051708, 0.050375, 0.050333, 0.051875, 0.05025, 0.050375, 0.051708, 0.052042, 0.051583, 0.051208, 0.049583, 0.050167, 0.050833, 0.051042, 0.051, 0.051208, 0.051042, 0.050167, 0.050875, 0.051042, 0.05]
strided_masked_Bf16 direct_low host median_ms=0.163125 p90_ms=0.171459 samples_ms=[0.14770899999999998, 0.162375, 0.15425, 0.152666, 0.165292, 0.165375, 0.165, 0.151792, 0.149, 0.147959, 0.169625, 0.16141699999999998, 0.168583, 0.169583, 0.157667, 0.160583, 0.176084, 0.17216700000000001, 0.162042, 0.156417, 0.15929200000000002, 0.179542, 0.162334, 0.165125, 0.16574999999999998, 0.16, 0.163916, 0.171459, 0.16487500000000002, 0.163125, 0.167291]
strided_masked_Bf16 direct_low gpu median_ms=0.047542 p90_ms=0.050125 samples_ms=[0.046917, 0.047291, 0.047, 0.04725, 0.047792, 0.050208, 0.047667, 0.047583, 0.046708, 0.046958, 0.048792, 0.048583, 0.048416, 0.051458, 0.0485, 0.048291, 0.048458, 0.047417, 0.047708, 0.048875, 0.046625, 0.047292, 0.046834, 0.0475, 0.047458, 0.047, 0.050125, 0.047, 0.047542, 0.047542, 0.051]
