backend=metal;31rotated samples;200msheld warmup;separate unprofiled host+finalreadback and GPUsharedpass timing;residentinput;f64checks everyrun
case=small_rows shape=[17, 16] strides=[1, 17] axes=[0] output_values=16 reduction_values=17
baseline host median_ms=0.104000 p90_ms=0.120000 samples_ms=[0.11425, 0.10437500000000001, 0.099875, 0.102334, 0.102875, 0.10104099999999999, 0.102, 0.12000000000000001, 0.115209, 0.19491699999999998, 0.11916700000000001, 0.106542, 0.1015, 0.101, 0.1035, 0.104083, 0.10691700000000001, 0.132333, 0.15479099999999998, 0.095042, 0.09833299999999999, 0.104, 0.10475, 0.105417, 0.101917, 0.098208, 0.1075, 0.106709, 0.10254100000000001, 0.095125, 0.098625]
baseline gpu median_ms=0.005750 p90_ms=0.006000 samples_ms=[0.006084, 0.005709, 0.00575, 0.005666, 0.005625, 0.005667, 0.005667, 0.006042, 0.005875, 0.006, 0.006083, 0.005833, 0.005625, 0.005709, 0.00575, 0.00575, 0.005708, 0.005542, 0.005667, 0.005958, 0.005625, 0.00575, 0.005709, 0.00575, 0.005792, 0.005875, 0.005625, 0.00575, 0.005792, 0.005875, 0.005709]
production host median_ms=0.105916 p90_ms=0.132458 samples_ms=[0.109208, 0.114417, 0.115042, 0.133208, 0.10358400000000001, 0.103042, 0.11254199999999999, 0.11158399999999999, 0.110083, 0.111458, 0.111625, 0.110375, 0.101209, 0.10083400000000001, 0.105042, 0.110875, 0.10087499999999999, 0.104417, 0.105708, 0.09624999999999999, 0.185625, 0.105125, 0.10516700000000001, 0.10629200000000001, 0.105916, 0.10208300000000001, 0.160292, 0.13245800000000002, 0.102, 0.098, 0.097583]
production gpu median_ms=0.005667 p90_ms=0.005875 samples_ms=[0.005959, 0.005833, 0.005792, 0.00575, 0.0055, 0.005667, 0.005666, 0.005875, 0.005542, 0.005875, 0.005875, 0.006125, 0.005458, 0.005709, 0.0055, 0.00575, 0.005583, 0.005667, 0.005667, 0.005667, 0.005542, 0.005667, 0.005625, 0.005541, 0.005709, 0.005833, 0.005625, 0.005708, 0.005542, 0.005625, 0.00575]
case=transposed_full shape=[1025, 1024] strides=[1, 1025] axes=[0, 1] output_values=1 reduction_values=1049600
baseline host median_ms=2.788000 p90_ms=2.949000 samples_ms=[2.690458, 2.724458, 2.949, 2.7355840000000002, 2.7412080000000003, 2.726417, 2.936291, 2.7555829999999997, 2.718708, 2.733417, 2.724208, 3.0335829999999997, 2.795334, 2.727, 2.7577499999999997, 2.902166, 2.762209, 2.75575, 2.745208, 2.951708, 2.7880000000000003, 2.725625, 2.927083, 2.8125, 2.816541, 2.795625, 2.982958, 2.948458, 2.858583, 2.8669160000000002, 2.792625]
baseline gpu median_ms=2.608958 p90_ms=2.698000 samples_ms=[2.62525, 2.583625, 2.698, 2.606, 2.60875, 2.608958, 2.750209, 2.617333, 2.631584, 2.616417, 2.590958, 2.611708, 2.620542, 2.582583, 2.587542, 2.578167, 2.59675, 2.586167, 2.609458, 2.581292, 2.625416, 2.605959, 2.72, 2.584708, 2.592583, 2.599916, 2.667042, 2.670625, 2.785541, 2.6255, 2.577667]
production host median_ms=0.171917 p90_ms=0.192458 samples_ms=[0.15920800000000002, 0.143375, 0.18720799999999999, 0.155917, 0.170791, 0.15175, 0.161666, 0.151667, 0.158834, 0.151792, 0.1535, 0.146416, 0.17191700000000001, 0.173833, 0.184458, 0.171792, 0.19245800000000002, 0.173791, 0.18454199999999998, 0.170458, 0.179916, 0.170958, 0.198833, 0.188083, 0.18529199999999998, 0.174583, 0.19304200000000002, 0.168542, 0.181834, 0.183458, 0.200958]
production gpu median_ms=0.038250 p90_ms=0.038750 samples_ms=[0.038584, 0.038083, 0.038792, 0.038125, 0.0385, 0.038042, 0.038917, 0.038166, 0.038708, 0.037958, 0.038791, 0.038292, 0.038667, 0.038125, 0.038291, 0.038459, 0.038208, 0.037875, 0.038292, 0.03825, 0.038125, 0.03825, 0.0385, 0.038, 0.038458, 0.038167, 0.03875, 0.037917, 0.038208, 0.037875, 0.038291]
case=two_axes shape=[1025, 8, 129] strides=[129, 132225, 1] axes=[0, 2] output_values=8 reduction_values=132225
baseline host median_ms=0.462625 p90_ms=0.475666 samples_ms=[0.491542, 0.46308299999999997, 0.462625, 0.45858299999999996, 0.45804199999999995, 0.464666, 0.46045800000000003, 0.448625, 0.466209, 0.462167, 0.467584, 0.468291, 0.47612499999999996, 0.47225, 0.471458, 0.466292, 0.459542, 0.471125, 0.462667, 0.458208, 0.505375, 0.447667, 0.454042, 0.447292, 0.45441699999999996, 0.437042, 0.439, 0.466042, 0.451584, 0.461416, 0.47566600000000003]
baseline gpu median_ms=0.317417 p90_ms=0.320500 samples_ms=[0.332417, 0.316375, 0.316958, 0.317417, 0.31975, 0.3195, 0.319833, 0.317791, 0.317333, 0.316916, 0.316833, 0.318167, 0.320542, 0.319458, 0.3175, 0.316833, 0.317, 0.317042, 0.31725, 0.3175, 0.347583, 0.317167, 0.317208, 0.31675, 0.3175, 0.316625, 0.316916, 0.316958, 0.319792, 0.32, 0.3205]
production host median_ms=0.177208 p90_ms=0.188375 samples_ms=[0.184167, 0.17966600000000002, 0.167791, 0.18066600000000002, 0.16841699999999998, 0.1685, 0.186417, 0.17720799999999998, 0.18570899999999999, 0.177, 0.186, 0.190167, 0.177625, 0.18416600000000002, 0.19283399999999998, 0.17945799999999998, 0.180667, 0.165834, 0.184416, 0.173917, 0.18837500000000001, 0.163083, 0.167875, 0.165208, 0.172708, 0.19470800000000002, 0.165708, 0.161667, 0.167917, 0.167333, 0.169917]
production gpu median_ms=0.038000 p90_ms=0.038333 samples_ms=[0.037792, 0.038042, 0.038333, 0.03825, 0.038, 0.038, 0.038, 0.038333, 0.037833, 0.03775, 0.037833, 0.037875, 0.037958, 0.038, 0.038, 0.038083, 0.037833, 0.037916, 0.038041, 0.037958, 0.038042, 0.038084, 0.038, 0.057875, 0.038, 0.03775, 0.037916, 0.037875, 0.038084, 0.038459, 0.038]
case=sixtyfive_rows shape=[65, 65, 257] strides=[16705, 1, 65] axes=[1, 2] output_values=65 reduction_values=16705
baseline host median_ms=0.152792 p90_ms=0.157708 samples_ms=[0.235083, 0.152, 0.149125, 0.150209, 0.149333, 0.151917, 0.154458, 0.1545, 0.15220899999999998, 0.150042, 0.15187499999999998, 0.152667, 0.157458, 0.15429199999999998, 0.150667, 0.15770800000000001, 0.153375, 0.149208, 0.144792, 0.153916, 0.15675, 0.158666, 0.149708, 0.16224999999999998, 0.15279099999999998, 0.149, 0.15612499999999999, 0.154875, 0.155083, 0.154, 0.152792]
baseline gpu median_ms=0.046250 p90_ms=0.046500 samples_ms=[0.04625, 0.046334, 0.046292, 0.046291, 0.04625, 0.046625, 0.046125, 0.046584, 0.046292, 0.046375, 0.046083, 0.046166, 0.046, 0.046209, 0.046083, 0.046167, 0.046083, 0.046334, 0.046209, 0.046292, 0.046083, 0.0465, 0.04625, 0.046917, 0.046084, 0.046208, 0.046208, 0.046334, 0.046292, 0.046375, 0.04625]
production host median_ms=0.147833 p90_ms=0.157125 samples_ms=[0.140833, 0.151834, 0.148291, 0.14612499999999998, 0.142458, 0.146334, 0.151459, 0.147833, 0.148292, 0.15712500000000001, 0.146542, 0.153917, 0.14975, 0.1515, 0.143667, 0.150167, 0.150042, 0.14425000000000002, 0.143166, 0.139541, 0.146, 0.235208, 0.14666700000000002, 0.200541, 0.148125, 0.145041, 0.14404199999999998, 0.187667, 0.147625, 0.151833, 0.147625]
production gpu median_ms=0.040083 p90_ms=0.040333 samples_ms=[0.040042, 0.039916, 0.040208, 0.040333, 0.039958, 0.040041, 0.040208, 0.040125, 0.040333, 0.039958, 0.040125, 0.039834, 0.040042, 0.040083, 0.040042, 0.040125, 0.040209, 0.040042, 0.040375, 0.039792, 0.040625, 0.040083, 0.040208, 0.040042, 0.040291, 0.03975, 0.039875, 0.040125, 0.040416, 0.040208, 0.039917]
case=broadcast_cap shape=[2, 2000003] strides=[1, 0] axes=[1] output_values=2 reduction_values=2000003
baseline host median_ms=2.679125 p90_ms=2.737209 samples_ms=[2.6609160000000003, 2.671458, 2.6909590000000003, 2.660416, 3.049292, 3.881208, 2.730792, 2.6580000000000004, 2.7214169999999998, 2.6966669999999997, 2.6695, 2.737209, 2.668625, 2.6610840000000002, 2.667208, 2.667833, 2.673416, 2.668166, 2.671333, 2.690666, 2.737875, 2.679125, 2.680083, 2.677708, 2.6830410000000002, 2.6781669999999997, 2.6854169999999997, 2.6887909999999997, 2.692667, 2.646166, 2.689959]
baseline gpu median_ms=2.511750 p90_ms=2.518791 samples_ms=[2.520708, 2.507292, 2.518791, 2.516167, 2.51175, 2.511542, 2.506959, 2.511583, 2.516458, 2.520625, 2.51575, 2.506458, 2.514, 2.513375, 2.513125, 2.516042, 2.520666, 2.510959, 2.507709, 2.517958, 2.50825, 2.510417, 2.511, 2.50625, 2.508292, 2.511291, 2.504583, 2.515917, 2.515875, 2.515209, 2.510792]
production host median_ms=0.216208 p90_ms=0.237416 samples_ms=[0.29516600000000004, 0.2, 0.24545799999999998, 0.187959, 0.289625, 0.189791, 0.216584, 0.181625, 0.21470899999999998, 0.21775, 0.215209, 0.20775000000000002, 0.205792, 0.210125, 0.21620799999999998, 0.20829099999999998, 0.212833, 0.21783300000000003, 0.221375, 0.22962500000000002, 0.215958, 0.224208, 0.220791, 0.230875, 0.204, 0.23741600000000002, 0.22529200000000002, 0.21762499999999999, 0.20450000000000002, 0.216042, 0.234208]
production gpu median_ms=0.071250 p90_ms=0.071459 samples_ms=[0.07125, 0.071166, 0.071292, 0.07125, 0.07125, 0.071459, 0.071209, 0.07125, 0.071084, 0.071167, 0.07125, 0.071459, 0.071292, 0.071208, 0.071209, 0.07125, 0.071334, 0.071375, 0.071625, 0.071291, 0.071167, 0.071292, 0.071209, 0.071292, 0.071375, 0.07125, 0.070875, 0.07125, 0.071333, 0.0715, 0.071375]
