$ crates/target/release/examples/bench_tensor_low_attention
backend=metal;31 rotated samples;200ms warmup;resident low QKV;f32 output;reused programs;separate unprofiled host+readback and GPU shared-pass timings;independent dense f64 reference;every result checked after timing
case=small dtype=F16 Hq=1 Hkv=1 Lq=17 Lk=65 D=17 Dv=33 strided_masked=false removed_f32_input_bytes=14156
small_F16 cast_f32 host median_ms=0.413000 p90_ms=0.422083 samples_ms=[0.41604199999999997, 0.414875, 0.41554199999999997, 0.42208300000000004, 0.420875, 0.42062499999999997, 0.42225, 0.419375, 0.417042, 0.40975, 0.414459, 0.425875, 0.420834, 0.41300000000000003, 0.411958, 0.414083, 0.418458, 0.412833, 0.405792, 0.411375, 0.435833, 0.41108300000000003, 0.407167, 0.404209, 0.40908300000000003, 0.40825, 0.406125, 0.401667, 0.41025, 0.40508299999999997, 0.399334]
small_F16 cast_f32 gpu median_ms=0.266791 p90_ms=0.267417 samples_ms=[0.267166, 0.266792, 0.267, 0.266417, 0.267042, 0.2665, 0.267417, 0.26675, 0.267208, 0.266791, 0.267209, 0.266667, 0.267583, 0.266292, 0.266875, 0.26675, 0.267458, 0.266583, 0.266625, 0.266459, 0.266791, 0.26625, 0.266917, 0.266333, 0.267542, 0.266209, 0.266791, 0.267083, 0.267, 0.266291, 0.266625]
small_F16 direct_low host median_ms=0.434250 p90_ms=0.488958 samples_ms=[0.440084, 0.435708, 0.440917, 0.44170800000000005, 0.443042, 0.45408299999999996, 0.434208, 0.580291, 0.434959, 0.432667, 0.433833, 0.48895799999999995, 0.433292, 0.442041, 0.432125, 0.432917, 0.43150000000000005, 0.43074999999999997, 0.432458, 0.4946249999999999, 0.433833, 0.43425, 0.435291, 0.481542, 0.426875, 0.42458300000000004, 0.42583299999999996, 0.574917, 0.440333, 0.414375, 0.421958]
small_F16 direct_low gpu median_ms=0.290292 p90_ms=0.290417 samples_ms=[0.290333, 0.290041, 0.290167, 0.290416, 0.290375, 0.290208, 0.290292, 0.290375, 0.290416, 0.29025, 0.29025, 0.290542, 0.290291, 0.290417, 0.291042, 0.290584, 0.290292, 0.290292, 0.290292, 0.290083, 0.290208, 0.29025, 0.290042, 0.290291, 0.290291, 0.290292, 0.29025, 0.290375, 0.290042, 0.290125, 0.290333]
case=small dtype=Bf16 Hq=1 Hkv=1 Lq=17 Lk=65 D=17 Dv=33 strided_masked=false removed_f32_input_bytes=14156
small_Bf16 cast_f32 host median_ms=0.428416 p90_ms=0.443166 samples_ms=[0.422458, 0.40108299999999997, 0.431875, 0.46, 0.4375, 0.438083, 0.450917, 0.43054200000000004, 0.433959, 0.428958, 0.435083, 0.423083, 0.429334, 0.42250000000000004, 0.43391700000000005, 0.443166, 0.48050000000000004, 0.404375, 0.427292, 0.43237499999999995, 0.42841599999999996, 0.426709, 0.41341700000000003, 0.403583, 0.40533399999999997, 0.408042, 0.42833299999999996, 0.43025, 0.42012499999999997, 0.413792, 0.42833299999999996]
small_Bf16 cast_f32 gpu median_ms=0.266333 p90_ms=0.267000 samples_ms=[0.26575, 0.266791, 0.266709, 0.266209, 0.26725, 0.266416, 0.266667, 0.266542, 0.266334, 0.265875, 0.26725, 0.265791, 0.266875, 0.26625, 0.266125, 0.267, 0.266917, 0.267, 0.265292, 0.265542, 0.266333, 0.265417, 0.265959, 0.265792, 0.265791, 0.266208, 0.266625, 0.266583, 0.266125, 0.265958, 0.266666]
small_Bf16 direct_low host median_ms=0.432292 p90_ms=0.446958 samples_ms=[0.399666, 0.42062499999999997, 0.443459, 0.444167, 0.43333299999999997, 0.43229199999999995, 0.446625, 0.428917, 0.435334, 0.429833, 0.42841599999999996, 0.42812500000000003, 0.43324999999999997, 0.432875, 0.424209, 0.438583, 0.446958, 0.43841699999999995, 0.406667, 0.49204200000000003, 0.409417, 0.429, 0.418167, 0.5197090000000001, 0.40737500000000004, 0.408542, 0.419792, 0.485583, 0.434084, 0.427083, 0.441834]
small_Bf16 direct_low gpu median_ms=0.270791 p90_ms=0.271000 samples_ms=[0.270959, 0.27075, 0.271, 0.270916, 0.271167, 0.270583, 0.270875, 0.270875, 0.270708, 0.270917, 0.270334, 0.270917, 0.271, 0.270791, 0.270833, 0.271125, 0.270792, 0.270708, 0.27, 0.270292, 0.270125, 0.270333, 0.270291, 0.269833, 0.27, 0.270292, 0.270833, 0.270833, 0.270833, 0.270666, 0.270375]
case=decode dtype=F16 Hq=4 Hkv=2 Lq=1 Lk=4097 D=64 Dv=64 strided_masked=false removed_f32_input_bytes=4196352
decode_F16 cast_f32 host median_ms=0.562042 p90_ms=0.608667 samples_ms=[0.6751250000000001, 0.62425, 0.628, 0.556875, 0.562292, 0.572417, 0.563708, 0.602083, 0.6086670000000001, 0.5495829999999999, 0.551125, 0.556334, 0.5625, 0.553792, 0.561334, 0.551375, 0.555, 0.560583, 0.569959, 0.5486249999999999, 0.5535829999999999, 0.566208, 0.56625, 0.564375, 0.5722499999999999, 0.5652079999999999, 0.562042, 0.556583, 0.539875, 0.54575, 0.543584]
decode_F16 cast_f32 gpu median_ms=0.396292 p90_ms=0.441541 samples_ms=[0.452042, 0.395042, 0.451083, 0.396292, 0.395333, 0.454541, 0.395292, 0.441541, 0.439084, 0.396167, 0.395416, 0.396166, 0.3965, 0.439333, 0.397042, 0.396417, 0.397, 0.397166, 0.396292, 0.396, 0.395458, 0.397458, 0.394208, 0.396833, 0.395292, 0.358, 0.398125, 0.395916, 0.353834, 0.397, 0.395917]
decode_F16 direct_low host median_ms=0.597083 p90_ms=0.672958 samples_ms=[0.655541, 0.5975, 0.6585, 0.597083, 0.612958, 0.672958, 0.62275, 0.5916250000000001, 0.604416, 0.5853339999999999, 0.765208, 0.596125, 0.593917, 0.721584, 0.589417, 0.5925, 0.710375, 0.5955, 0.593167, 0.585666, 0.605042, 0.594708, 0.5866250000000001, 0.6096670000000001, 0.613625, 0.551417, 0.665875, 0.58875, 0.642542, 0.5795, 0.588334]
decode_F16 direct_low gpu median_ms=0.437583 p90_ms=0.493792 samples_ms=[0.459375, 0.437375, 0.499458, 0.4435, 0.493792, 0.49625, 0.437167, 0.4375, 0.437625, 0.4375, 0.49575, 0.443417, 0.4395, 0.43975, 0.438875, 0.439791, 0.43925, 0.44, 0.437292, 0.437542, 0.437083, 0.4375, 0.433167, 0.433, 0.437417, 0.410292, 0.4375, 0.437625, 0.433292, 0.433666, 0.437583]
case=decode dtype=Bf16 Hq=4 Hkv=2 Lq=1 Lk=4097 D=64 Dv=64 strided_masked=false removed_f32_input_bytes=4196352
decode_Bf16 cast_f32 host median_ms=0.603125 p90_ms=0.678333 samples_ms=[0.5650409999999999, 0.558625, 0.700083, 0.574459, 0.582958, 0.602208, 0.588333, 0.544958, 0.550042, 0.558375, 0.5370830000000001, 0.59275, 0.583208, 0.550541, 0.535084, 0.606916, 0.606042, 0.7373329999999999, 0.603125, 0.616167, 0.62725, 0.601042, 0.619916, 0.683041, 0.6783330000000001, 0.610792, 0.607875, 0.6091249999999999, 0.606625, 0.6547919999999999, 0.670416]
decode_Bf16 cast_f32 gpu median_ms=0.447917 p90_ms=0.455125 samples_ms=[0.392666, 0.393292, 0.440917, 0.39375, 0.392291, 0.440667, 0.418834, 0.392834, 0.41775, 0.449042, 0.39325, 0.441083, 0.449417, 0.430083, 0.393083, 0.44925, 0.4495, 0.392791, 0.441666, 0.447917, 0.449875, 0.448125, 0.449, 0.455125, 0.448042, 0.44925, 0.448709, 0.505959, 0.449542, 0.482583, 0.522292]
decode_Bf16 direct_low host median_ms=0.573542 p90_ms=0.595916 samples_ms=[0.554083, 0.528041, 0.5583330000000001, 0.528709, 0.572708, 0.5689160000000001, 0.519541, 0.504916, 0.573333, 0.578375, 0.549292, 0.5410830000000001, 0.573542, 0.584, 0.5297919999999999, 0.582167, 0.568041, 0.5207080000000001, 0.5955, 0.595916, 0.5415, 0.581417, 0.593625, 0.589167, 0.595375, 0.575584, 0.6008330000000001, 0.65225, 0.583666, 0.577125, 0.64975]
decode_Bf16 direct_low gpu median_ms=0.435709 p90_ms=0.491667 samples_ms=[0.381416, 0.38125, 0.435709, 0.382, 0.382917, 0.398541, 0.382833, 0.383625, 0.431542, 0.437208, 0.383125, 0.383625, 0.436959, 0.437042, 0.431458, 0.432042, 0.437416, 0.417167, 0.43725, 0.436958, 0.493833, 0.431125, 0.437083, 0.437167, 0.437417, 0.437416, 0.499083, 0.499166, 0.437042, 0.435416, 0.491667]
case=prefill dtype=F16 Hq=2 Hkv=2 Lq=128 Lk=257 D=64 Dv=64 strided_masked=false removed_f32_input_bytes=328704
prefill_F16 cast_f32 host median_ms=0.753917 p90_ms=0.771833 samples_ms=[0.749792, 0.771833, 0.760292, 0.747333, 0.748958, 0.7463329999999999, 0.7508750000000001, 0.766708, 0.794875, 0.748583, 0.7526670000000001, 0.742, 0.745833, 0.7540830000000001, 0.757583, 0.752, 0.751917, 0.751667, 0.7472909999999999, 0.741125, 0.771333, 0.76475, 0.7577079999999999, 0.753917, 0.762917, 0.7569579999999999, 0.7692089999999999, 0.75525, 0.752917, 0.8099580000000001, 1.256]
prefill_F16 cast_f32 gpu median_ms=0.590000 p90_ms=0.592084 samples_ms=[0.589417, 0.59, 0.589083, 0.589666, 0.58975, 0.590083, 0.589084, 0.590917, 0.589292, 0.590708, 0.58925, 0.590875, 0.589333, 0.591167, 0.589792, 0.589709, 0.588833, 0.589667, 0.589083, 0.590292, 0.589541, 0.590708, 0.589125, 0.590459, 0.59, 0.5905, 0.751625, 0.591125, 1.062875, 0.592084, 1.075333]
prefill_F16 direct_low host median_ms=0.976625 p90_ms=1.237458 samples_ms=[0.965542, 0.9803749999999999, 0.9915410000000001, 0.961583, 0.979417, 0.955417, 0.97075, 0.9690420000000001, 0.9740000000000001, 0.956208, 0.955542, 0.9626250000000001, 0.953, 0.961833, 1.032584, 0.9710409999999999, 0.9922500000000001, 0.969, 1.001833, 0.9690420000000001, 1.087833, 0.9766250000000001, 1.2374580000000002, 0.956334, 1.726958, 0.9902089999999999, 1.6307500000000001, 0.9941660000000001, 1.626334, 1.002, 1.078667]
prefill_F16 direct_low gpu median_ms=0.802750 p90_ms=1.445625 samples_ms=[1.434166, 0.802458, 1.385667, 0.802334, 1.393708, 0.79975, 1.435834, 0.800042, 1.379958, 0.800083, 1.445625, 0.801875, 1.437958, 0.802166, 1.440958, 0.8, 1.449, 0.799958, 1.449625, 0.873708, 1.450625, 0.802292, 1.4445, 0.80275, 1.220208, 0.801875, 0.874, 0.802208, 0.801167, 0.801917, 0.801292]
case=prefill dtype=Bf16 Hq=2 Hkv=2 Lq=128 Lk=257 D=64 Dv=64 strided_masked=false removed_f32_input_bytes=328704
prefill_Bf16 cast_f32 host median_ms=0.744375 p90_ms=0.761625 samples_ms=[0.739042, 0.73025, 0.749583, 0.6710419999999999, 0.7395, 0.611959, 0.626208, 0.760375, 0.6539999999999999, 0.761625, 0.769792, 0.767875, 0.767917, 0.755791, 0.757542, 0.675042, 0.7608330000000001, 0.6305, 0.628125, 0.727, 0.624709, 0.758, 0.7535419999999999, 0.752625, 0.75475, 0.752042, 0.7503749999999999, 0.618292, 0.744375, 0.624, 0.6245419999999999]
prefill_Bf16 cast_f32 gpu median_ms=0.584583 p90_ms=0.589125 samples_ms=[0.589125, 0.580792, 0.5885, 0.459125, 0.583834, 0.588917, 0.507917, 0.588666, 0.458291, 0.588875, 0.58825, 0.5845, 0.588792, 0.584583, 0.588458, 0.458125, 0.579875, 0.458166, 0.5295, 0.589125, 0.45825, 0.58975, 0.564208, 0.585833, 0.589209, 0.585209, 0.588666, 0.45825, 0.580709, 0.588833, 0.502542]
prefill_Bf16 direct_low host median_ms=0.852875 p90_ms=0.871792 samples_ms=[0.8604160000000001, 0.712958, 0.8684580000000001, 0.764541, 0.865083, 0.852875, 0.836584, 0.857833, 0.705541, 0.866667, 0.719, 0.871792, 0.868417, 0.728584, 0.876584, 0.7326659999999999, 0.877542, 0.876458, 0.850125, 0.8506250000000001, 0.701125, 0.865917, 0.713209, 0.837917, 0.863292, 0.7050420000000001, 0.869958, 0.7160829999999999, 0.860916, 0.868583, 0.8522080000000001]
prefill_Bf16 direct_low gpu median_ms=0.689166 p90_ms=0.701375 samples_ms=[0.666917, 0.550042, 0.700375, 0.701125, 0.700292, 0.70125, 0.695625, 0.701625, 0.642625, 0.68775, 0.54925, 0.562417, 0.612167, 0.550459, 0.700542, 0.649375, 0.701542, 0.700958, 0.699458, 0.701375, 0.686958, 0.689166, 0.549, 0.5995, 0.592167, 0.549833, 0.700083, 0.665417, 0.700208, 0.701375, 0.69725]
case=wide_value_gqa dtype=F16 Hq=4 Hkv=2 Lq=65 Lk=257 D=32 Dv=129 strided_masked=false removed_f32_input_bytes=364296
wide_value_gqa_F16 cast_f32 host median_ms=0.759792 p90_ms=0.775083 samples_ms=[0.802417, 0.7677499999999999, 0.766042, 0.762459, 0.758375, 0.7730830000000001, 0.7729170000000001, 0.765292, 0.775083, 0.767, 0.759625, 0.758792, 0.759792, 0.765208, 0.752542, 0.756917, 0.764541, 0.757833, 0.759625, 0.68625, 0.747416, 0.7175, 0.773458, 0.686875, 0.676334, 0.7789579999999999, 0.754916, 0.756417, 0.7523340000000001, 0.779583, 0.7682500000000001]
wide_value_gqa_F16 cast_f32 gpu median_ms=0.585791 p90_ms=0.588542 samples_ms=[0.654417, 0.588542, 0.588167, 0.5875, 0.584625, 0.587583, 0.587, 0.586167, 0.585875, 0.585417, 0.587875, 0.583667, 0.586292, 0.582625, 0.58625, 0.582375, 0.585791, 0.527334, 0.586167, 0.5125, 0.583, 0.509708, 0.581458, 0.579542, 0.514375, 0.587458, 0.514209, 0.589, 0.513458, 0.589666, 0.514917]
wide_value_gqa_F16 direct_low host median_ms=0.932333 p90_ms=0.944958 samples_ms=[0.9432079999999999, 0.93775, 0.9379580000000001, 0.9334589999999999, 0.934042, 0.949959, 0.944958, 0.9534170000000001, 0.865875, 0.938833, 0.937709, 0.92775, 0.93225, 0.929542, 0.934083, 0.8545, 0.9323330000000001, 0.840708, 0.931708, 0.886375, 0.92225, 0.9125, 0.916709, 0.933667, 0.9123749999999999, 0.918667, 0.871917, 0.935292, 0.9430839999999999, 0.9868329999999998, 0.8499169999999999]
wide_value_gqa_F16 direct_low gpu median_ms=0.755875 p90_ms=0.760458 samples_ms=[0.757833, 0.759583, 0.758708, 0.760041, 0.762834, 0.756417, 0.754625, 0.760458, 0.726666, 0.752917, 0.669583, 0.751417, 0.670625, 0.671833, 0.755875, 0.668042, 0.75575, 0.74425, 0.7605, 0.761, 0.757041, 0.760417, 0.759208, 0.760125, 0.757084, 0.760042, 0.755375, 0.754125, 0.71225, 0.751417, 0.665625]
case=wide_value_gqa dtype=Bf16 Hq=4 Hkv=2 Lq=65 Lk=257 D=32 Dv=129 strided_masked=false removed_f32_input_bytes=364296
wide_value_gqa_Bf16 cast_f32 host median_ms=0.872208 p90_ms=0.886250 samples_ms=[0.7909590000000001, 0.862417, 0.870708, 0.879792, 0.861291, 0.874083, 0.8777499999999999, 0.868583, 0.859666, 0.865084, 0.88625, 0.8692920000000001, 0.87825, 0.872208, 0.88225, 0.858, 0.8668750000000001, 0.865875, 0.8794160000000001, 0.861458, 0.9101670000000001, 0.8695419999999999, 0.889542, 0.860959, 0.8672909999999999, 0.872541, 0.875125, 0.8747079999999999, 0.880542, 0.872292, 0.959792]
wide_value_gqa_Bf16 cast_f32 gpu median_ms=0.682292 p90_ms=0.818833 samples_ms=[0.584291, 0.682292, 0.596, 0.682167, 0.628083, 0.666042, 0.68025, 0.683708, 0.680209, 0.682833, 0.684666, 0.682333, 0.6835, 0.682209, 0.677416, 0.680875, 0.680833, 0.755958, 0.681333, 0.818833, 0.680458, 0.822708, 0.679834, 0.817625, 0.682666, 0.820833, 0.684166, 0.772667, 0.739458, 0.680084, 0.8665]
wide_value_gqa_Bf16 direct_low host median_ms=0.970458 p90_ms=1.185125 samples_ms=[0.8514170000000001, 0.937375, 0.8720829999999999, 0.970458, 0.8584579999999999, 0.954625, 0.900583, 0.940458, 0.960041, 0.94525, 0.963792, 0.954333, 0.978167, 1.004208, 0.966, 1.137083, 0.9414589999999999, 1.135708, 0.960083, 1.1603329999999998, 0.957834, 1.185125, 0.9764170000000001, 1.193208, 1.033958, 1.177834, 1.135875, 1.163666, 1.170375, 1.1913340000000001, 1.185417]
wide_value_gqa_Bf16 direct_low gpu median_ms=0.780083 p90_ms=0.993000 samples_ms=[0.741459, 0.765709, 0.701709, 0.768416, 0.673125, 0.766875, 0.667417, 0.772041, 0.737417, 0.743166, 0.776834, 0.876042, 0.779834, 0.886917, 0.780083, 0.885375, 0.776583, 0.889416, 0.778292, 0.936917, 0.779584, 0.975917, 0.872333, 0.978417, 0.977292, 0.995541, 0.979792, 0.991792, 0.993292, 0.997375, 0.993]
case=strided_masked dtype=F16 Hq=6 Hkv=2 Lq=7 Lk=65 D=17 Dv=33 strided_masked=true removed_f32_input_bytes=28856
strided_masked_F16 cast_f32 host median_ms=0.352209 p90_ms=0.364416 samples_ms=[0.35375, 0.348958, 0.351709, 0.343292, 0.341167, 0.368625, 0.378708, 0.343458, 0.343667, 0.343583, 0.34600000000000003, 0.346875, 0.347917, 0.35024999999999995, 0.34454199999999996, 0.341625, 0.34375, 0.355334, 0.347958, 0.474209, 0.354708, 0.35966699999999996, 0.360833, 0.352209, 0.356875, 0.35562499999999997, 0.364416, 0.352833, 0.35612499999999997, 0.352958, 0.358833]
strided_masked_F16 cast_f32 gpu median_ms=0.216917 p90_ms=0.217208 samples_ms=[0.216958, 0.217125, 0.216958, 0.216708, 0.216542, 0.217167, 0.216666, 0.21675, 0.216917, 0.217084, 0.216791, 0.21675, 0.217, 0.216792, 0.216583, 0.216917, 0.217208, 0.216958, 0.216416, 0.217041, 0.216917, 0.217333, 0.217333, 0.21675, 0.216834, 0.217125, 0.217709, 0.216916, 0.216708, 0.21675, 0.216541]
strided_masked_F16 direct_low host median_ms=0.364541 p90_ms=0.372375 samples_ms=[0.350083, 0.360833, 0.365917, 0.361375, 0.369209, 0.35154199999999997, 0.36208399999999996, 0.360916, 0.365166, 0.359416, 0.35716600000000004, 0.369125, 0.37283299999999997, 0.360875, 0.364541, 0.35550000000000004, 0.36770800000000003, 0.359334, 0.377667, 0.359, 0.357375, 0.361084, 0.368417, 0.369042, 0.372375, 0.37366699999999997, 0.36424999999999996, 0.3675, 0.369667, 0.369792, 0.37225]
strided_masked_F16 direct_low gpu median_ms=0.232750 p90_ms=0.233125 samples_ms=[0.232584, 0.232666, 0.232709, 0.232834, 0.232875, 0.23225, 0.232541, 0.23275, 0.232834, 0.232708, 0.23275, 0.233125, 0.232834, 0.233125, 0.23275, 0.232375, 0.232916, 0.232708, 0.233, 0.232542, 0.232833, 0.233083, 0.232333, 0.233167, 0.232667, 0.233125, 0.232167, 0.233083, 0.232667, 0.232958, 0.232292]
case=strided_masked dtype=Bf16 Hq=6 Hkv=2 Lq=7 Lk=65 D=17 Dv=33 strided_masked=true removed_f32_input_bytes=28856
strided_masked_Bf16 cast_f32 host median_ms=0.158959 p90_ms=0.166083 samples_ms=[0.1585, 0.164625, 0.15720900000000002, 0.1595, 0.15825, 0.159834, 0.158625, 0.15645799999999999, 0.15687500000000001, 0.158959, 0.157625, 0.166541, 0.158916, 0.16658299999999998, 0.158959, 0.158333, 0.160292, 0.16145800000000002, 0.166083, 0.161334, 0.162583, 0.158917, 0.16037500000000002, 0.1565, 0.156709, 0.156166, 0.158167, 0.162542, 0.15795800000000002, 0.159583, 0.176292]
strided_masked_Bf16 cast_f32 gpu median_ms=0.050250 p90_ms=0.050667 samples_ms=[0.0505, 0.05, 0.050667, 0.050042, 0.050667, 0.050083, 0.050459, 0.049958, 0.050542, 0.05025, 0.050334, 0.050125, 0.050291, 0.049917, 0.050625, 0.049875, 0.050375, 0.049791, 0.050416, 0.050208, 0.050084, 0.049791, 0.050916, 0.050083, 0.050458, 0.05025, 0.050625, 0.05, 0.050375, 0.050125, 0.051542]
strided_masked_Bf16 direct_low host median_ms=0.157042 p90_ms=0.169583 samples_ms=[0.15545899999999999, 0.155709, 0.155917, 0.156167, 0.155417, 0.155791, 0.157625, 0.1585, 0.155584, 0.156292, 0.161416, 0.15704200000000001, 0.157625, 0.162042, 0.15575, 0.15725, 0.157375, 0.16375, 0.156625, 0.156416, 0.15745900000000002, 0.26154200000000005, 0.15604099999999999, 0.15612499999999999, 0.15825, 0.155916, 0.156583, 0.160959, 0.169583, 0.17141699999999999, 0.26337499999999997]
strided_masked_Bf16 direct_low gpu median_ms=0.050125 p90_ms=0.050417 samples_ms=[0.050208, 0.050375, 0.050333, 0.050042, 0.049875, 0.050625, 0.05, 0.05025, 0.050042, 0.05025, 0.049791, 0.050208, 0.049917, 0.050167, 0.050041, 0.049958, 0.049959, 0.050125, 0.049875, 0.050292, 0.050125, 0.050083, 0.049958, 0.050208, 0.049958, 0.050542, 0.049833, 0.050209, 0.050291, 0.050417, 0.050584]
