warning: binary `wgsl_export` should have a kebab-case name
  |
1 | /Users/themoretheless/Documents/Sources/open-scad-viewer/crates/target/.../wgsl_export
  |                                                                            ^^^^^^^^^^^
  |
  = note: `cargo::non_kebab_case_bins` is set to `warn` by default
help: to change the binary name to `wgsl-export`, convert the file stem
  |
1 - src/bin/wgsl_export.rs
1 + src/bin/wgsl-export.rs
  |
warning: `raster-core` (manifest) generated 1 warning
   Compiling compute-core v0.1.0 (/Users/themoretheless/Documents/Sources/open-scad-viewer/crates/compute-core)
    Finished `dev` profile [unoptimized + debuginfo] target(s) in 0.82s
     Running `crates/target/debug/examples/bench_tensor_low_ops`
backend=metal;31 rotated samples;200ms warmup;resident low inputs;reused programs;separate unprofiled host+readback and GPU shared-pass timings;exact independent reference every run
case=small dtype=F16 rows=17 cols=19 transpose=false packed_input_bytes=648 baseline_expanded_input_bytes=1292 baseline_square_temporary_bytes=1292 direct_square_temporary_bytes=0
small_F16_square cast_f32 host median_ms=0.271959 p90_ms=0.290792 samples_ms=[0.263583, 0.272583, 0.259833, 0.26275000000000004, 0.254541, 0.26337499999999997, 0.255667, 0.273125, 0.265666, 0.274333, 0.25783300000000003, 0.281958, 0.2665, 0.271959, 0.261, 0.27908400000000005, 0.278042, 0.277584, 0.27045800000000003, 0.28350000000000003, 0.259375, 0.26625, 0.27720799999999995, 0.285, 0.290792, 0.279042, 0.269875, 0.271666, 0.513208, 0.307667, 0.30975]
small_F16_square cast_f32 gpu median_ms=0.011167 p90_ms=0.012334 samples_ms=[0.010458, 0.01125, 0.011625, 0.01075, 0.0105, 0.010542, 0.01075, 0.011958, 0.010791, 0.010709, 0.011625, 0.010792, 0.010667, 0.010667, 0.012209, 0.012334, 0.011417, 0.011833, 0.011708, 0.011291, 0.010792, 0.010917, 0.011167, 0.010916, 0.010959, 0.011209, 0.010584, 0.012209, 0.03225, 0.038666, 0.041208]
small_F16_square direct_low host median_ms=0.225334 p90_ms=0.242125 samples_ms=[0.212583, 0.22975, 0.223667, 0.21416600000000002, 0.210917, 0.224458, 0.23366599999999998, 0.229916, 0.22391699999999998, 0.211416, 0.223834, 0.225375, 0.225334, 0.221583, 0.225209, 0.225542, 0.23558300000000001, 0.251958, 0.24000000000000002, 0.21212499999999998, 0.228875, 0.215541, 0.217084, 0.215125, 0.230208, 0.229666, 0.217084, 0.22725, 0.24779199999999998, 0.253583, 0.24212499999999998]
small_F16_square direct_low gpu median_ms=0.006833 p90_ms=0.007375 samples_ms=[0.006417, 0.006375, 0.007042, 0.006375, 0.007042, 0.007, 0.007042, 0.007, 0.006708, 0.006292, 0.006542, 0.006417, 0.0065, 0.006208, 0.007208, 0.0065, 0.00675, 0.006416, 0.007125, 0.006416, 0.007125, 0.007, 0.006833, 0.007, 0.007333, 0.006459, 0.006791, 0.007375, 0.02325, 0.023, 0.024708]
small_F16_sum cast_f32 host median_ms=0.249125 p90_ms=0.297875 samples_ms=[0.255792, 0.24245899999999998, 0.263583, 0.260291, 0.236625, 0.24295799999999998, 0.24445899999999998, 0.24912499999999999, 0.24854199999999999, 0.24087499999999998, 0.247083, 0.299, 0.297875, 0.287708, 0.30166699999999996, 0.28279200000000004, 0.280167, 0.281333, 0.2795, 0.297333, 0.274833, 0.24525000000000002, 0.246666, 0.24275, 0.241084, 0.228042, 0.33787500000000004, 0.247625, 0.254917, 0.24691699999999997, 0.229708]
small_F16_sum cast_f32 gpu median_ms=0.008375 p90_ms=0.030709 samples_ms=[0.008292, 0.00825, 0.008167, 0.008333, 0.008375, 0.008375, 0.008209, 0.008, 0.008375, 0.008209, 0.008125, 0.030083, 0.030709, 0.030666, 0.030792, 0.030208, 0.030709, 0.030459, 0.03075, 0.030333, 0.030875, 0.008291, 0.008708, 0.008542, 0.008458, 0.008084, 0.0085, 0.008083, 0.008917, 0.008334, 0.00825]
small_F16_sum direct_low host median_ms=0.228042 p90_ms=0.256625 samples_ms=[0.214833, 0.21870799999999999, 0.22279200000000002, 0.215417, 0.219333, 0.228042, 0.231833, 0.229125, 0.218791, 0.21412499999999998, 0.225, 0.26625, 0.241542, 0.27170900000000003, 0.252417, 0.261833, 0.256625, 0.253292, 0.254542, 0.249417, 0.250167, 0.237542, 0.22924999999999998, 0.21845799999999999, 0.222417, 0.21225000000000002, 0.231334, 0.225667, 0.21804199999999999, 0.219917, 0.22145800000000002]
small_F16_sum direct_low gpu median_ms=0.007833 p90_ms=0.026458 samples_ms=[0.007791, 0.007459, 0.007875, 0.00725, 0.007583, 0.007417, 0.007875, 0.007375, 0.007541, 0.007292, 0.007834, 0.021, 0.02675, 0.025875, 0.026459, 0.02625, 0.026458, 0.025917, 0.026542, 0.026084, 0.008291, 0.007375, 0.007708, 0.007208, 0.007833, 0.007167, 0.008291, 0.007791, 0.008042, 0.007833, 0.007625]
case=small dtype=Bf16 rows=17 cols=19 transpose=false packed_input_bytes=648 baseline_expanded_input_bytes=1292 baseline_square_temporary_bytes=1292 direct_square_temporary_bytes=0
small_Bf16_square cast_f32 host median_ms=0.270500 p90_ms=0.278667 samples_ms=[0.26525000000000004, 0.274292, 0.26416599999999996, 0.29341700000000004, 0.26920900000000003, 0.276625, 0.270292, 0.27504199999999995, 0.27149999999999996, 0.268042, 0.26287499999999997, 0.26879200000000003, 0.274083, 0.26525000000000004, 0.259792, 0.287834, 0.26045799999999997, 0.271792, 0.253208, 0.279, 0.273208, 0.2705, 0.260083, 0.269375, 0.26495799999999997, 0.278667, 0.275625, 0.276792, 0.27504199999999995, 0.27620900000000004, 0.26537499999999997]
small_Bf16_square cast_f32 gpu median_ms=0.010833 p90_ms=0.012125 samples_ms=[0.012, 0.011333, 0.010542, 0.010625, 0.010833, 0.010541, 0.010667, 0.010459, 0.011, 0.01175, 0.010666, 0.010791, 0.012, 0.01175, 0.010416, 0.010542, 0.010667, 0.01175, 0.011666, 0.010666, 0.012667, 0.010459, 0.010584, 0.010542, 0.011125, 0.012166, 0.011167, 0.010875, 0.012458, 0.012125, 0.010667]
small_Bf16_square direct_low host median_ms=0.220959 p90_ms=0.227417 samples_ms=[0.219042, 0.209667, 0.205417, 0.219833, 0.224916, 0.224375, 0.21783300000000003, 0.223459, 0.213584, 0.213916, 0.220875, 0.220334, 0.22287500000000002, 0.226958, 0.2195, 0.215083, 0.212041, 0.2215, 0.224625, 0.22704100000000002, 0.225417, 0.22095900000000002, 0.213375, 0.223208, 0.21770799999999998, 0.227417, 0.2175, 0.22633399999999998, 0.228416, 0.236541, 0.228042]
small_Bf16_square direct_low gpu median_ms=0.006709 p90_ms=0.006917 samples_ms=[0.006834, 0.006875, 0.006041, 0.006334, 0.006792, 0.0065, 0.006709, 0.006375, 0.00675, 0.006833, 0.006667, 0.006667, 0.006833, 0.006625, 0.00675, 0.00675, 0.006333, 0.006417, 0.006875, 0.007167, 0.006541, 0.006875, 0.006167, 0.006125, 0.006541, 0.006459, 0.007, 0.007125, 0.006625, 0.006917, 0.006917]
small_Bf16_sum cast_f32 host median_ms=0.248167 p90_ms=0.277875 samples_ms=[0.237459, 0.237791, 0.228375, 0.336791, 0.260708, 0.24904099999999998, 0.251166, 0.23283399999999999, 0.233042, 0.24716700000000003, 0.239083, 0.235167, 0.230833, 0.232459, 0.235458, 0.265, 0.256042, 0.264167, 0.258334, 0.272209, 0.264292, 0.29066600000000004, 0.287334, 0.27787500000000004, 0.273584, 0.24454099999999998, 0.255666, 0.24579199999999998, 0.244625, 0.247208, 0.24816699999999997]
small_Bf16_sum cast_f32 gpu median_ms=0.008458 p90_ms=0.030666 samples_ms=[0.007875, 0.008292, 0.007958, 0.008083, 0.008333, 0.008917, 0.008917, 0.008291, 0.008292, 0.008417, 0.008, 0.008458, 0.008041, 0.009, 0.00825, 0.030375, 0.030959, 0.032375, 0.030375, 0.030458, 0.03025, 0.030958, 0.030333, 0.030666, 0.030375, 0.008291, 0.008208, 0.008417, 0.008625, 0.008417, 0.008708]
small_Bf16_sum direct_low host median_ms=0.222916 p90_ms=0.263833 samples_ms=[0.20625, 0.203792, 0.2215, 0.204291, 0.221709, 0.234625, 0.210792, 0.21208300000000002, 0.222916, 0.221167, 0.207459, 0.205917, 0.209083, 0.220917, 0.20825, 0.231291, 0.249625, 0.236375, 0.238125, 0.244959, 0.26458299999999996, 0.262583, 0.263833, 0.2495, 0.250917, 0.455334, 0.220958, 0.221958, 0.232709, 0.223417, 0.34212499999999996]
small_Bf16_sum direct_low gpu median_ms=0.007333 p90_ms=0.025875 samples_ms=[0.007417, 0.00725, 0.007417, 0.007167, 0.007042, 0.007041, 0.007083, 0.007291, 0.007125, 0.007167, 0.007375, 0.007208, 0.007333, 0.007209, 0.007083, 0.007125, 0.026417, 0.025792, 0.025792, 0.025875, 0.025667, 0.025958, 0.025833, 0.026375, 0.025667, 0.02575, 0.007167, 0.007208, 0.007084, 0.007333, 0.007334]
case=rows dtype=F16 rows=1024 cols=1025 transpose=false packed_input_bytes=2099200 baseline_expanded_input_bytes=4198400 baseline_square_temporary_bytes=4198400 direct_square_temporary_bytes=0
rows_F16_square cast_f32 host median_ms=4.425375 p90_ms=4.500875 samples_ms=[4.313792, 4.398917, 4.621250000000001, 4.335375, 4.3022920000000004, 4.297750000000001, 4.468667, 4.355708, 4.277041, 4.400625, 4.5636660000000004, 4.414541, 4.493874999999999, 4.41875, 4.496541, 4.483499999999999, 4.3795839999999995, 4.425375, 4.4795, 4.455375, 4.521375, 4.424208, 4.308249999999999, 4.484291, 4.481792, 4.449541000000001, 4.480084, 4.4275, 4.500875, 4.326042, 4.287584]
rows_F16_square cast_f32 gpu median_ms=0.542125 p90_ms=0.548542 samples_ms=[0.543375, 0.539625, 0.538458, 0.538917, 0.54575, 0.5425, 0.535833, 0.542625, 0.540916, 0.543416, 0.539375, 0.542125, 0.543334, 0.53875, 0.551583, 0.548542, 0.5485, 0.549792, 0.538041, 0.548583, 0.540292, 0.542958, 0.538958, 0.54425, 0.540375, 0.547667, 0.541417, 0.539709, 0.540667, 0.544125, 0.533708]
rows_F16_square direct_low host median_ms=3.976750 p90_ms=4.139375 samples_ms=[3.945041, 4.233917, 4.090791, 3.947792, 3.802917, 4.035167, 3.879834, 3.832042, 3.815667, 3.9458749999999996, 3.9370000000000003, 3.845959, 4.000708, 3.9802090000000003, 3.9655410000000004, 4.03375, 3.83425, 3.89675, 4.096125, 4.018292, 4.086583, 3.701667, 3.865542, 4.051667, 3.9767500000000005, 4.157083, 4.015416, 4.160584, 3.951709, 4.139375, 4.066707999999999]
rows_F16_square direct_low gpu median_ms=0.212041 p90_ms=0.214209 samples_ms=[0.211583, 0.211958, 0.213375, 0.211541, 0.213042, 0.211125, 0.2125, 0.211084, 0.211916, 0.212166, 0.214792, 0.214417, 0.212792, 0.214458, 0.212708, 0.211625, 0.214209, 0.212041, 0.211917, 0.211708, 0.213, 0.212, 0.21375, 0.2115, 0.211667, 0.211666, 0.211541, 0.212125, 0.213708, 0.213042, 0.211875]
rows_F16_sum cast_f32 host median_ms=0.343625 p90_ms=0.354250 samples_ms=[0.344292, 0.33825, 0.33962499999999995, 0.344167, 0.344792, 0.351708, 0.344625, 0.354875, 0.34400000000000003, 0.34258299999999997, 0.326333, 0.345375, 0.3685, 0.346375, 0.35425, 0.348833, 0.358292, 0.334208, 0.3415, 0.336166, 0.334208, 0.343625, 0.337792, 0.324292, 0.324875, 0.333208, 0.338666, 0.34450000000000003, 0.342417, 0.34670799999999996, 0.333625]
rows_F16_sum cast_f32 gpu median_ms=0.088792 p90_ms=0.089542 samples_ms=[0.088792, 0.089167, 0.088959, 0.089417, 0.088833, 0.085583, 0.088792, 0.08575, 0.085792, 0.089334, 0.085542, 0.085583, 0.089542, 0.089334, 0.089042, 0.089292, 0.0855, 0.09075, 0.089041, 0.088584, 0.089042, 0.085875, 0.085292, 0.08575, 0.088417, 0.088792, 0.089667, 0.089625, 0.089291, 0.086, 0.085667]
rows_F16_sum direct_low host median_ms=0.270125 p90_ms=0.290708 samples_ms=[0.265958, 0.269375, 0.259, 0.292958, 0.27537500000000004, 0.272292, 0.2685, 0.261833, 0.273542, 0.262542, 0.27270799999999995, 0.29070799999999997, 0.41362499999999996, 0.301209, 0.28600000000000003, 0.255542, 0.26233300000000004, 0.260625, 0.270583, 0.2665, 0.25991600000000004, 0.28245800000000004, 0.255458, 0.26733300000000004, 0.270125, 0.254583, 0.272667, 0.267875, 0.274416, 0.272542, 0.273875]
rows_F16_sum direct_low gpu median_ms=0.043208 p90_ms=0.043792 samples_ms=[0.043625, 0.04275, 0.043667, 0.042791, 0.043083, 0.043, 0.043583, 0.04275, 0.043833, 0.04325, 0.043834, 0.043291, 0.043792, 0.043375, 0.043708, 0.042708, 0.043083, 0.042875, 0.04325, 0.043084, 0.043458, 0.043167, 0.043208, 0.042875, 0.043083, 0.043208, 0.04375, 0.043167, 0.043792, 0.043625, 0.043042]
case=rows dtype=Bf16 rows=1024 cols=1025 transpose=false packed_input_bytes=2099200 baseline_expanded_input_bytes=4198400 baseline_square_temporary_bytes=4198400 direct_square_temporary_bytes=0
rows_Bf16_square cast_f32 host median_ms=4.389750 p90_ms=4.502625 samples_ms=[4.524875000000001, 4.389292, 4.38975, 4.347667, 4.390708, 4.580166999999999, 4.417209, 4.289791999999999, 4.446000000000001, 4.270917, 4.505917, 4.165459, 4.3698749999999995, 4.298, 4.482083, 4.267542, 4.273917, 4.393292, 4.457625, 4.350583, 4.458625, 4.387375, 4.308417, 4.240708000000001, 4.42125, 4.177833, 4.4995, 4.420917, 4.276875, 4.502625, 4.424042]
rows_Bf16_square cast_f32 gpu median_ms=0.523625 p90_ms=0.528083 samples_ms=[0.519, 0.527, 0.522333, 0.519333, 0.522625, 0.520459, 0.522166, 0.525792, 0.527333, 0.528083, 0.533583, 0.522208, 0.525625, 0.52975, 0.523625, 0.523667, 0.521875, 0.518666, 0.523542, 0.527458, 0.524666, 0.530334, 0.516916, 0.526167, 0.524625, 0.525208, 0.522417, 0.521584, 0.52175, 0.524, 0.52225]
rows_Bf16_square direct_low host median_ms=3.964209 p90_ms=4.094625 samples_ms=[3.9131670000000005, 4.074084, 3.9380420000000003, 4.043209, 3.989958, 3.868875, 4.1136669999999995, 3.886, 4.121167, 3.9812500000000006, 3.9469580000000004, 3.855208, 3.964209, 3.8064999999999998, 4.098666, 3.995792, 4.040916999999999, 3.8562079999999996, 3.947166, 4.027708, 4.039083, 3.833917, 3.83025, 3.956958, 4.015791999999999, 3.9423749999999997, 4.094625, 3.8238339999999997, 4.0472090000000005, 3.810791, 3.9894580000000004]
rows_Bf16_square direct_low gpu median_ms=0.179916 p90_ms=0.186917 samples_ms=[0.180583, 0.178333, 0.179083, 0.18, 0.179875, 0.181041, 0.180917, 0.179584, 0.180083, 0.180208, 0.179125, 0.189375, 0.179291, 0.179792, 0.181291, 0.178875, 0.179584, 0.17875, 0.180833, 0.179916, 0.180834, 0.178708, 0.179042, 0.186917, 0.181375, 0.195708, 0.187, 0.180875, 0.178959, 0.178792, 0.179541]
rows_Bf16_sum cast_f32 host median_ms=0.335417 p90_ms=0.347166 samples_ms=[0.344416, 0.346666, 0.338625, 0.338667, 0.34495800000000004, 0.3545, 0.34225, 0.346375, 0.347166, 0.326, 0.324084, 0.329208, 0.330083, 0.342584, 0.322583, 0.32537499999999997, 0.322584, 0.33275, 0.34441700000000003, 0.325833, 0.323, 0.3265, 0.324417, 0.329042, 0.3255, 0.34675, 0.33525, 0.342333, 0.42220799999999997, 0.335417, 0.351292]
rows_Bf16_sum cast_f32 gpu median_ms=0.087916 p90_ms=0.089125 samples_ms=[0.089084, 0.0895, 0.084875, 0.08925, 0.089125, 0.088375, 0.085833, 0.089, 0.088, 0.088042, 0.087917, 0.085125, 0.088167, 0.087875, 0.088875, 0.087916, 0.085209, 0.088042, 0.084917, 0.088167, 0.084709, 0.090167, 0.085125, 0.085, 0.08825, 0.085167, 0.085, 0.085083, 0.084958, 0.084875, 0.084625]
rows_Bf16_sum direct_low host median_ms=0.262333 p90_ms=0.284000 samples_ms=[0.279125, 0.28150000000000003, 0.267792, 0.26233300000000004, 0.290417, 0.26866599999999996, 0.27754199999999996, 0.277167, 0.27575, 0.255041, 0.252917, 0.252042, 0.2525, 0.250167, 0.26654100000000003, 0.251125, 0.25354099999999996, 0.24995900000000001, 0.24754099999999998, 0.248375, 0.26087499999999997, 0.259167, 0.251542, 0.252541, 0.25833300000000003, 0.27270799999999995, 0.29, 0.294083, 0.273208, 0.28400000000000003, 0.28391700000000003]
rows_Bf16_sum direct_low gpu median_ms=0.039000 p90_ms=0.039334 samples_ms=[0.039292, 0.039375, 0.039125, 0.039375, 0.039208, 0.0395, 0.039292, 0.039334, 0.03925, 0.039209, 0.039, 0.038792, 0.038917, 0.038958, 0.038958, 0.039083, 0.038792, 0.03875, 0.038625, 0.038958, 0.039125, 0.038959, 0.038916, 0.03925, 0.03875, 0.039125, 0.039167, 0.038917, 0.038917, 0.038792, 0.038792]
case=all dtype=F16 rows=1 cols=1048581 transpose=false packed_input_bytes=2097164 baseline_expanded_input_bytes=4194324 baseline_square_temporary_bytes=4194324 direct_square_temporary_bytes=0
all_F16_square cast_f32 host median_ms=4.432917 p90_ms=4.655666 samples_ms=[4.467834000000001, 4.3866249999999996, 4.345042, 4.4113750000000005, 4.328417, 4.388209, 4.3967920000000005, 4.309458, 4.402833, 4.3790000000000004, 4.327916999999999, 4.323458, 4.318916, 4.304875, 4.437791, 4.2895, 4.3759999999999994, 4.432917, 4.542834, 4.655666, 4.57125, 4.748041, 4.512833, 4.52075, 4.774249999999999, 4.530708, 4.663875, 4.529375000000001, 4.6155, 4.482209, 4.5745]
all_F16_square cast_f32 gpu median_ms=0.540833 p90_ms=0.545250 samples_ms=[0.543292, 0.5535, 0.541834, 0.536292, 0.541625, 0.537625, 0.544958, 0.547667, 0.539375, 0.53875, 0.539667, 0.547916, 0.543791, 0.537542, 0.541125, 0.539584, 0.535083, 0.54525, 0.540541, 0.540667, 0.538083, 0.539417, 0.539958, 0.539541, 0.542667, 0.542458, 0.541833, 0.539542, 0.542125, 0.540833, 0.542458]
all_F16_square direct_low host median_ms=4.071875 p90_ms=4.162250 samples_ms=[3.9209580000000006, 4.090166, 3.823292, 3.839083, 4.097916, 4.117042, 3.997667, 4.139792, 3.9658330000000004, 3.9873749999999997, 4.08225, 3.669292, 4.053084, 4.153124999999999, 3.988916, 3.897834, 4.004792, 3.947875, 3.9219579999999996, 4.152165999999999, 4.1207910000000005, 3.9380830000000002, 4.071875, 4.0951249999999995, 4.501875, 4.464250000000001, 4.15725, 4.16225, 3.9703749999999998, 4.124041999999999, 4.205334]
all_F16_square direct_low gpu median_ms=0.211750 p90_ms=0.212584 samples_ms=[0.211584, 0.210875, 0.212, 0.211333, 0.212041, 0.211166, 0.212292, 0.212584, 0.212541, 0.21175, 0.213167, 0.211458, 0.212833, 0.211875, 0.217, 0.210917, 0.211625, 0.211667, 0.212417, 0.212334, 0.212041, 0.212083, 0.211292, 0.211167, 0.212334, 0.211541, 0.211959, 0.211334, 0.211625, 0.210875, 0.211041]
all_F16_sum cast_f32 host median_ms=0.334584 p90_ms=0.347875 samples_ms=[0.32516700000000004, 0.347875, 0.33399999999999996, 0.342833, 0.327708, 0.339208, 0.34904199999999996, 0.33458400000000005, 0.32329199999999997, 0.332208, 0.333833, 0.328584, 0.34675, 0.342958, 0.33, 0.346375, 0.354875, 0.319875, 0.333542, 0.335334, 0.328916, 0.33575, 0.34, 0.35750000000000004, 0.324291, 0.339833, 0.342708, 0.334166, 0.322, 0.33762499999999995, 0.3265]
all_F16_sum cast_f32 gpu median_ms=0.067125 p90_ms=0.067250 samples_ms=[0.066917, 0.066875, 0.066916, 0.067083, 0.067084, 0.066875, 0.066917, 0.066958, 0.067042, 0.06725, 0.067125, 0.067291, 0.067167, 0.067209, 0.067125, 0.067042, 0.067125, 0.067209, 0.067167, 0.067209, 0.067, 0.067166, 0.066958, 0.067125, 0.067125, 0.067084, 0.067375, 0.067167, 0.067209, 0.067208, 0.067291]
all_F16_sum direct_low host median_ms=0.283459 p90_ms=0.293416 samples_ms=[0.293792, 0.275958, 0.28575, 0.292792, 0.2765, 0.283417, 0.28895800000000005, 0.288584, 0.296167, 0.283459, 0.28774999999999995, 0.28175, 0.292541, 0.291583, 0.268416, 0.280917, 0.275417, 0.26891699999999996, 0.293416, 0.26733300000000004, 0.283417, 0.277334, 0.29354199999999997, 0.268667, 0.279, 0.276375, 0.277166, 0.28662499999999996, 0.28612499999999996, 0.283959, 0.286584]
all_F16_sum direct_low gpu median_ms=0.040417 p90_ms=0.040708 samples_ms=[0.040334, 0.040458, 0.040875, 0.040209, 0.040542, 0.040375, 0.040417, 0.040583, 0.040333, 0.040458, 0.040708, 0.040292, 0.040375, 0.040584, 0.040667, 0.040292, 0.040417, 0.040333, 0.040292, 0.040292, 0.0405, 0.040417, 0.04075, 0.040375, 0.041, 0.040542, 0.0405, 0.040083, 0.040375, 0.040708, 0.040667]
case=all dtype=Bf16 rows=1 cols=1048581 transpose=false packed_input_bytes=2097164 baseline_expanded_input_bytes=4194324 baseline_square_temporary_bytes=4194324 direct_square_temporary_bytes=0
all_Bf16_square cast_f32 host median_ms=4.520833 p90_ms=4.743333 samples_ms=[4.424667, 4.505167, 4.743333, 4.261458, 4.347666, 4.2863750000000005, 4.54775, 4.498416, 4.402708, 4.396, 4.262666, 4.311667, 4.501625000000001, 4.400167, 4.493041, 4.54275, 4.844458, 4.535792000000001, 4.532541999999999, 4.622459, 4.503375, 4.505333, 4.58, 4.5208330000000005, 4.58375, 4.706125, 4.800542, 4.608041, 4.826042, 4.741666, 4.699292]
all_Bf16_square cast_f32 gpu median_ms=0.521292 p90_ms=0.526167 samples_ms=[0.524334, 0.529667, 0.520292, 0.521292, 0.51725, 0.522625, 0.522792, 0.529625, 0.519875, 0.518625, 0.517291, 0.52475, 0.526167, 0.528333, 0.525667, 0.521541, 0.523167, 0.521417, 0.518375, 0.519791, 0.522584, 0.520625, 0.520458, 0.520917, 0.522083, 0.519666, 0.519834, 0.519458, 0.523917, 0.520125, 0.520334]
all_Bf16_square direct_low host median_ms=4.110250 p90_ms=4.297334 samples_ms=[3.978584, 3.9850830000000004, 4.124041999999999, 4.0871249999999995, 4.041625, 3.867625, 4.096041, 3.848334, 4.132958, 4.011167, 4.020708, 4.088167, 4.05175, 4.116541, 3.939875, 4.137875, 4.150209, 4.375792, 4.058333, 4.141208000000001, 4.110250000000001, 4.058042, 4.0742080000000005, 4.228792, 4.297334, 4.361084, 4.28175, 4.352334, 4.150250000000001, 4.143292, 4.198708]
all_Bf16_square direct_low gpu median_ms=0.178917 p90_ms=0.181541 samples_ms=[0.178625, 0.1805, 0.182542, 0.180792, 0.179625, 0.18075, 0.178375, 0.181541, 0.179458, 0.179417, 0.180375, 0.181875, 0.178791, 0.178542, 0.182084, 0.179208, 0.178041, 0.178625, 0.179209, 0.178959, 0.17875, 0.178208, 0.178292, 0.177291, 0.179084, 0.178917, 0.178375, 0.17875, 0.178208, 0.178125, 0.178334]
all_Bf16_sum cast_f32 host median_ms=0.330375 p90_ms=0.346916 samples_ms=[0.32116700000000004, 0.32475, 0.318666, 0.332625, 0.329916, 0.420166, 0.340584, 0.318791, 0.31866700000000003, 0.33995800000000004, 0.37887499999999996, 0.330208, 0.35716699999999996, 0.332833, 0.329958, 0.342292, 0.31837499999999996, 0.329125, 0.318833, 0.334375, 0.346916, 0.322125, 0.314917, 0.339042, 0.330375, 0.341166, 0.33175, 0.322125, 0.3085, 0.330583, 0.33475]
all_Bf16_sum cast_f32 gpu median_ms=0.067125 p90_ms=0.070791 samples_ms=[0.066209, 0.066541, 0.066375, 0.066042, 0.066, 0.066208, 0.071, 0.0665, 0.066792, 0.066458, 0.066417, 0.06625, 0.067125, 0.070833, 0.070625, 0.070708, 0.066541, 0.070791, 0.070209, 0.066708, 0.069375, 0.070583, 0.0705, 0.070667, 0.06675, 0.072625, 0.070458, 0.070333, 0.069583, 0.070417, 0.066334]
all_Bf16_sum direct_low host median_ms=0.277083 p90_ms=0.285541 samples_ms=[0.27666700000000005, 0.272792, 0.275916, 0.260916, 0.276125, 0.300208, 0.29112499999999997, 0.26054099999999997, 0.264041, 0.256542, 0.285541, 0.275167, 0.282167, 0.280792, 0.28162499999999996, 0.281791, 0.278666, 0.280125, 0.28033399999999997, 0.28633400000000003, 0.27329200000000003, 0.27875000000000005, 0.26379199999999997, 0.284833, 0.267959, 0.281, 0.279042, 0.277083, 0.261417, 0.276958, 0.276084]
all_Bf16_sum direct_low gpu median_ms=0.038416 p90_ms=0.039542 samples_ms=[0.035167, 0.035042, 0.035334, 0.035084, 0.035208, 0.035292, 0.038416, 0.038958, 0.035375, 0.035584, 0.035792, 0.035875, 0.039542, 0.038792, 0.039625, 0.038666, 0.039208, 0.038708, 0.036542, 0.035583, 0.039542, 0.039542, 0.035542, 0.039417, 0.035708, 0.039167, 0.035458, 0.039125, 0.039375, 0.039, 0.039208]
case=strided dtype=F16 rows=257 cols=4097 transpose=true packed_input_bytes=2105860 baseline_expanded_input_bytes=4211716 baseline_square_temporary_bytes=4211716 direct_square_temporary_bytes=0
strided_F16_square cast_f32 host median_ms=4.499542 p90_ms=4.582083 samples_ms=[4.528167, 4.472167, 4.568625, 4.550542, 4.582083, 4.464208, 4.367458, 4.6690000000000005, 4.872291, 4.372291000000001, 4.40475, 4.542666, 4.493583, 4.374375, 4.495, 4.477, 4.506457999999999, 4.513667, 4.595292, 4.3825, 4.512666, 4.499542, 4.454750000000001, 4.356999999999999, 4.366625, 4.534459, 4.533791, 4.390459, 4.512875, 4.4770829999999995, 4.547375000000001]
strided_F16_square cast_f32 gpu median_ms=0.556250 p90_ms=0.561250 samples_ms=[0.558458, 0.556167, 0.558792, 0.564875, 0.560417, 0.559708, 0.557292, 0.550667, 0.552458, 0.5515, 0.56125, 0.568375, 0.557084, 0.551875, 0.564709, 0.55625, 0.554417, 0.553458, 0.551125, 0.554125, 0.554333, 0.556125, 0.55375, 0.55625, 0.558083, 0.558125, 0.552042, 0.556167, 0.5585, 0.559625, 0.556791]
strided_F16_square direct_low host median_ms=4.092583 p90_ms=4.296250 samples_ms=[4.091792000000001, 3.993417, 4.167209, 3.968875, 4.100417, 4.264042, 4.131791, 4.156042, 4.29625, 4.60575, 4.1536669999999996, 4.127375, 3.9132079999999996, 4.114958000000001, 3.9750829999999997, 4.048625, 3.967792, 3.92625, 3.942, 4.092583, 4.1665, 4.435167, 4.064500000000001, 4.065583999999999, 4.375167, 4.206334, 4.122209, 3.870625, 3.823958, 3.9824159999999997, 3.979583]
strided_F16_square direct_low gpu median_ms=0.214125 p90_ms=0.219834 samples_ms=[0.214125, 0.217375, 0.216333, 0.2135, 0.222666, 0.214208, 0.214, 0.213375, 0.21325, 0.212708, 0.214083, 0.2145, 0.216459, 0.214833, 0.219834, 0.215416, 0.21425, 0.212917, 0.213083, 0.212459, 0.213708, 0.212708, 0.220458, 0.213125, 0.214375, 0.221667, 0.214333, 0.213541, 0.214375, 0.212917, 0.213042]
strided_F16_sum cast_f32 host median_ms=0.376042 p90_ms=0.383542 samples_ms=[0.37641600000000003, 0.373625, 0.3775, 0.37479100000000004, 0.388875, 0.383542, 0.377417, 0.38295799999999997, 0.377, 0.372125, 0.369333, 0.37512500000000004, 0.36933400000000005, 0.376042, 0.376083, 0.39075, 0.38595799999999997, 0.378167, 0.371166, 0.373666, 0.3785, 0.373459, 0.38041699999999995, 0.382417, 0.370917, 0.37470800000000004, 0.371459, 0.36775, 0.382208, 0.372583, 0.375708]
strided_F16_sum cast_f32 gpu median_ms=0.099875 p90_ms=0.101083 samples_ms=[0.099833, 0.100084, 0.100292, 0.096334, 0.099666, 0.099333, 0.097958, 0.100417, 0.100833, 0.099667, 0.099875, 0.100375, 0.093417, 0.099958, 0.099167, 0.100041, 0.0935, 0.094875, 0.094, 0.101375, 0.099917, 0.099291, 0.099083, 0.099958, 0.098958, 0.100125, 0.099958, 0.101375, 0.101292, 0.101083, 0.099875]
strided_F16_sum direct_low host median_ms=0.297792 p90_ms=0.304834 samples_ms=[0.304834, 0.30070800000000003, 0.291875, 0.29550000000000004, 0.29512499999999997, 0.308625, 0.297792, 0.299458, 0.296625, 0.30441700000000005, 0.294833, 0.297292, 0.3005, 0.28925, 0.314833, 0.300709, 0.32425, 0.301959, 0.291166, 0.296292, 0.30075, 0.29441599999999996, 0.302208, 0.30166699999999996, 0.29750000000000004, 0.292833, 0.29704200000000003, 0.298458, 0.292625, 0.299417, 0.29512499999999997]
strided_F16_sum direct_low gpu median_ms=0.046708 p90_ms=0.047541 samples_ms=[0.047542, 0.046625, 0.044209, 0.0465, 0.04525, 0.04675, 0.046791, 0.046667, 0.047458, 0.046542, 0.047, 0.047042, 0.048125, 0.047708, 0.047042, 0.04675, 0.044542, 0.047458, 0.044084, 0.04675, 0.044459, 0.046708, 0.046708, 0.043667, 0.044583, 0.046583, 0.047167, 0.043542, 0.047541, 0.043875, 0.047042]
case=strided dtype=Bf16 rows=257 cols=4097 transpose=true packed_input_bytes=2105860 baseline_expanded_input_bytes=4211716 baseline_square_temporary_bytes=4211716 direct_square_temporary_bytes=0
strided_Bf16_square cast_f32 host median_ms=4.443083 p90_ms=4.535334 samples_ms=[4.488584, 4.430209, 4.402666, 4.368917, 4.534583, 4.501875, 4.4927079999999995, 4.50275, 4.535334000000001, 4.282416, 4.52125, 4.4270000000000005, 4.469125, 4.5275, 4.553125, 4.403042, 4.428083, 4.420667, 4.2822499999999994, 4.439542, 4.543832999999999, 4.500292, 4.510415999999999, 4.378542, 4.4637080000000005, 4.2915, 4.271167, 4.414750000000001, 4.443083, 4.319500000000001, 4.56025]
strided_Bf16_square cast_f32 gpu median_ms=0.549583 p90_ms=0.555417 samples_ms=[0.54625, 0.544667, 0.549125, 0.54425, 0.55525, 0.555583, 0.55375, 0.548792, 0.544375, 0.554708, 0.543875, 0.545959, 0.549667, 0.558209, 0.54675, 0.552959, 0.543792, 0.548041, 0.54325, 0.550334, 0.555417, 0.549792, 0.54125, 0.558458, 0.5455, 0.552125, 0.549583, 0.551667, 0.540375, 0.550208, 0.549959]
strided_Bf16_square direct_low host median_ms=4.005458 p90_ms=4.165791 samples_ms=[4.038749999999999, 3.9231659999999997, 4.000542, 4.008959, 4.14875, 4.149042000000001, 3.882292, 3.9773330000000002, 4.051459, 4.1657910000000005, 4.105667, 4.017042, 4.333334000000001, 4.066707999999999, 4.052, 3.955916, 3.827, 3.931459, 3.8457090000000003, 4.091042, 3.827375, 3.735916, 3.85675, 3.872333, 4.175042, 4.039792, 4.005458, 3.9443330000000003, 4.206333, 3.8720410000000003, 3.931583]
strided_Bf16_square direct_low gpu median_ms=0.181959 p90_ms=0.187000 samples_ms=[0.180542, 0.181083, 0.18075, 0.198167, 0.180292, 0.187, 0.18025, 0.1825, 0.181958, 0.183292, 0.180875, 0.183416, 0.190709, 0.181334, 0.180375, 0.180209, 0.18375, 0.180708, 0.184583, 0.188625, 0.1805, 0.182916, 0.182292, 0.18325, 0.181959, 0.183416, 0.18, 0.182125, 0.181458, 0.182791, 0.181]
strided_Bf16_sum cast_f32 host median_ms=0.388875 p90_ms=0.404625 samples_ms=[0.400625, 0.361084, 0.372166, 0.38120899999999996, 0.377959, 0.379834, 0.417833, 0.38779199999999997, 0.365875, 0.39808299999999996, 0.404292, 0.3765, 0.40462499999999996, 0.405042, 0.39858299999999997, 0.399709, 0.381958, 0.39008400000000004, 0.388875, 0.373541, 0.379083, 0.399333, 0.380292, 0.396542, 0.384334, 0.40375, 0.396333, 0.402291, 0.373917, 0.38375, 0.416]
strided_Bf16_sum cast_f32 gpu median_ms=0.101125 p90_ms=0.101583 samples_ms=[0.101125, 0.101375, 0.097208, 0.101167, 0.09425, 0.094833, 0.101292, 0.097959, 0.101333, 0.101167, 0.100875, 0.095166, 0.100792, 0.101958, 0.101833, 0.101125, 0.097792, 0.101083, 0.100958, 0.101292, 0.100834, 0.096875, 0.101583, 0.10175, 0.101208, 0.101333, 0.097334, 0.101209, 0.100875, 0.094292, 0.101125]
strided_Bf16_sum direct_low host median_ms=0.314333 p90_ms=0.319916 samples_ms=[0.315625, 0.302792, 0.318916, 0.295834, 0.300917, 0.28600000000000003, 0.319959, 0.28566699999999995, 0.315583, 0.29512499999999997, 0.310834, 0.319458, 0.309709, 0.313, 0.30154200000000003, 0.3215, 0.311917, 0.315709, 0.319916, 0.314334, 0.314333, 0.308542, 0.316917, 0.31929199999999996, 0.319875, 0.309208, 0.326625, 0.317583, 0.315417, 0.30154200000000003, 0.311959]
strided_Bf16_sum direct_low gpu median_ms=0.044458 p90_ms=0.044959 samples_ms=[0.044208, 0.044959, 0.044542, 0.045, 0.044291, 0.04425, 0.040791, 0.044542, 0.045875, 0.04475, 0.044167, 0.044917, 0.04475, 0.04475, 0.041167, 0.044625, 0.044334, 0.044458, 0.040458, 0.04475, 0.0445, 0.045, 0.041458, 0.044458, 0.044417, 0.040666, 0.041167, 0.044875, 0.044541, 0.044291, 0.044333]
