warning: binary `wgsl_export` should have a kebab-case name
  |
1 | /Users/themoretheless/Documents/Sources/open-scad-viewer/crates/target/.../wgsl_export
  |                                                                            ^^^^^^^^^^^
  |
  = note: `cargo::non_kebab_case_bins` is set to `warn` by default
help: to change the binary name to `wgsl-export`, convert the file stem
  |
1 - src/bin/wgsl_export.rs
1 + src/bin/wgsl-export.rs
  |
warning: `raster-core` (manifest) generated 1 warning
   Compiling compute-core v0.1.0 (/Users/themoretheless/Documents/Sources/open-scad-viewer/crates/compute-core)
    Finished `dev` profile [unoptimized + debuginfo] target(s) in 0.42s
     Running `crates/target/debug/examples/bench_tensor_low`
backend=metal;31rotated samples;200msheld warmup;residentinputs;reusedprogram;f32output;separate unprofiled host+readback and GPUsharedpass timings;f64 reference everyrun
case=small_odd m=17 k=19 n=21 transpose_left=false input_bytes=[2888, 1448, 1448]
f32 host median_ms=0.234916 p90_ms=0.268833 samples_ms=[0.280708, 0.234375, 0.258417, 0.23399999999999999, 0.228041, 0.232709, 0.234833, 0.235334, 0.231125, 0.234792, 0.228917, 0.234334, 0.223167, 0.241708, 0.241333, 0.237041, 0.262334, 0.279792, 0.265083, 0.268833, 0.276459, 0.268208, 0.23491599999999999, 0.240292, 0.244083, 0.228958, 0.23391699999999999, 0.23762499999999998, 0.21975, 0.220708, 0.217791]
f32 gpu median_ms=0.010167 p90_ms=0.038416 samples_ms=[0.010292, 0.010125, 0.01, 0.009791, 0.010167, 0.010208, 0.010542, 0.010375, 0.009875, 0.01025, 0.010125, 0.010083, 0.010167, 0.01025, 0.010541, 0.010042, 0.038208, 0.038416, 0.039125, 0.038875, 0.038, 0.038958, 0.01, 0.010292, 0.010125, 0.010125, 0.010292, 0.010125, 0.010125, 0.010042, 0.010041]
packed_f16 host median_ms=0.239583 p90_ms=0.268583 samples_ms=[0.256666, 0.239583, 0.244292, 0.24658299999999997, 0.226209, 0.241833, 0.24312499999999998, 0.237667, 0.233458, 0.222417, 0.251, 0.232333, 0.22699999999999998, 0.24862499999999998, 0.23558300000000001, 0.23441700000000001, 0.254208, 0.2635, 0.268583, 0.270625, 0.269958, 0.266167, 0.280667, 0.23541600000000001, 0.22495800000000002, 0.23225, 0.230917, 0.237333, 0.223542, 0.227667, 0.24333300000000002]
packed_f16 gpu median_ms=0.010667 p90_ms=0.040541 samples_ms=[0.010667, 0.010458, 0.010708, 0.010292, 0.010709, 0.012, 0.011, 0.010708, 0.010916, 0.010583, 0.01075, 0.010416, 0.010625, 0.010583, 0.010708, 0.010417, 0.040291, 0.040334, 0.040541, 0.041458, 0.04075, 0.039875, 0.042041, 0.010583, 0.0105, 0.009958, 0.010667, 0.010458, 0.01025, 0.010375, 0.010375]
packed_bf16 host median_ms=0.241500 p90_ms=0.283375 samples_ms=[0.257584, 0.276666, 0.225333, 0.22733399999999998, 0.230416, 0.2415, 0.238708, 0.231459, 0.229666, 0.2495, 0.24570899999999998, 0.229041, 0.345167, 0.243417, 0.224833, 0.275292, 0.283375, 0.270708, 0.28525, 0.26687500000000003, 0.261041, 0.27099999999999996, 0.389459, 0.229375, 0.231625, 0.249292, 0.235708, 0.229375, 0.224333, 0.224291, 0.240708]
packed_bf16 gpu median_ms=0.010666 p90_ms=0.040292 samples_ms=[0.010833, 0.010166, 0.010542, 0.010375, 0.010792, 0.010625, 0.011042, 0.010667, 0.010625, 0.010584, 0.010541, 0.010875, 0.010708, 0.011041, 0.011042, 0.01075, 0.042917, 0.04125, 0.040584, 0.040292, 0.040209, 0.039667, 0.010583, 0.010666, 0.010375, 0.010166, 0.010584, 0.010292, 0.010542, 0.010459, 0.010041]
case=medium_odd m=128 k=129 n=127 transpose_left=false input_bytes=[131580, 65792, 65792]
f32 host median_ms=0.429792 p90_ms=0.449958 samples_ms=[0.350875, 0.44558400000000004, 0.44133300000000003, 0.44995799999999997, 0.432208, 0.43366699999999997, 0.433, 0.451625, 0.42570800000000003, 0.343125, 0.375083, 0.34870799999999996, 0.34900000000000003, 0.47300000000000003, 0.431083, 0.429875, 0.435, 0.428666, 0.435916, 0.422541, 0.337041, 0.333084, 0.33725, 0.339292, 0.343625, 0.421709, 0.567791, 0.423417, 0.444875, 0.442708, 0.429792]
f32 gpu median_ms=0.102291 p90_ms=0.108541 samples_ms=[0.024666, 0.108917, 0.108125, 0.108917, 0.107875, 0.102042, 0.102208, 0.108208, 0.103167, 0.024292, 0.024708, 0.024042, 0.025292, 0.108541, 0.108042, 0.1065, 0.108583, 0.101708, 0.1085, 0.102125, 0.024125, 0.024167, 0.024542, 0.024625, 0.024417, 0.102, 0.103125, 0.10275, 0.104917, 0.102291, 0.104541]
packed_f16 host median_ms=0.440125 p90_ms=0.458042 samples_ms=[0.33641699999999997, 0.450208, 0.44583300000000003, 0.429125, 0.44858400000000004, 0.45045799999999997, 0.449541, 0.43679199999999996, 0.345042, 0.35145800000000005, 0.351291, 0.353916, 0.355167, 0.440125, 0.461291, 0.45804199999999995, 0.45199999999999996, 0.45637500000000003, 0.49775, 0.46737500000000004, 0.340125, 0.355667, 0.345583, 0.343166, 0.34041699999999997, 0.434, 0.44345799999999996, 0.449792, 0.434666, 0.44616700000000004, 0.445084]
packed_f16 gpu median_ms=0.114250 p90_ms=0.116834 samples_ms=[0.027541, 0.027458, 0.117166, 0.114417, 0.116333, 0.115792, 0.116625, 0.114166, 0.027459, 0.026875, 0.027708, 0.027459, 0.027542, 0.107583, 0.116541, 0.1145, 0.116834, 0.115666, 0.116834, 0.114833, 0.027042, 0.026542, 0.027042, 0.026916, 0.027375, 0.114209, 0.11525, 0.11425, 0.115125, 0.114667, 0.117083]
packed_bf16 host median_ms=0.438459 p90_ms=0.448375 samples_ms=[0.338625, 0.44579199999999997, 0.44837499999999997, 0.443042, 0.43654099999999996, 0.43074999999999997, 0.5237080000000001, 0.44616700000000004, 0.430792, 0.357541, 0.347375, 0.347417, 0.34204199999999996, 0.43512500000000004, 0.438459, 0.45, 0.45029199999999997, 0.44595799999999997, 0.44387499999999996, 0.44283300000000003, 0.445041, 0.33829200000000004, 0.337084, 0.339209, 0.439875, 0.444667, 0.445125, 0.42833299999999996, 0.4305, 0.43925000000000003, 0.427583]
packed_bf16 gpu median_ms=0.110083 p90_ms=0.115375 samples_ms=[0.0265, 0.101958, 0.11575, 0.114417, 0.115334, 0.115834, 0.115417, 0.114458, 0.110375, 0.026625, 0.026542, 0.026125, 0.099542, 0.114833, 0.109667, 0.108792, 0.115167, 0.109, 0.115375, 0.114, 0.114709, 0.02575, 0.026417, 0.025875, 0.103334, 0.113667, 0.110083, 0.109333, 0.110208, 0.109208, 0.111125]
case=strided_odd m=256 k=257 n=255 transpose_left=true input_bytes=[525308, 262656, 262656]
f32 host median_ms=1.085000 p90_ms=1.105500 samples_ms=[0.756208, 1.081458, 1.106916, 1.1055, 0.747541, 1.085625, 1.092459, 1.085, 1.1010410000000002, 0.762083, 1.103334, 1.090792, 1.0972499999999998, 0.7477090000000001, 0.752625, 1.067625, 1.087333, 0.733625, 0.731958, 1.082417, 1.08425, 1.087, 0.761084, 0.750458, 1.093958, 1.0891250000000001, 1.1216659999999998, 0.7683749999999999, 1.107334, 1.101083, 0.745125]
f32 gpu median_ms=0.411375 p90_ms=0.420000 samples_ms=[0.090875, 0.421292, 0.42, 0.411291, 0.092708, 0.094, 0.41175, 0.413875, 0.093459, 0.091583, 0.412125, 0.412, 0.41675, 0.090709, 0.091958, 0.405, 0.41525, 0.090833, 0.093417, 0.413417, 0.412291, 0.422625, 0.090791, 0.093458, 0.420958, 0.411375, 0.411917, 0.090833, 0.411375, 0.413666, 0.093208]
packed_f16 host median_ms=1.143792 p90_ms=1.256209 samples_ms=[0.760542, 1.242875, 1.2609590000000002, 1.225958, 0.764833, 1.244, 1.250708, 1.142042, 0.747417, 0.7434580000000001, 0.7436670000000001, 1.247875, 1.2478339999999999, 0.941541, 0.7444160000000001, 1.143792, 1.2363330000000001, 0.734833, 0.77925, 1.244125, 1.165875, 1.274417, 0.76925, 1.2562090000000001, 1.2697500000000002, 1.246791, 1.108083, 0.7632920000000001, 0.7534580000000001, 1.145166, 0.761834]
packed_f16 gpu median_ms=0.468333 p90_ms=0.470875 samples_ms=[0.104125, 0.469625, 0.469042, 0.47025, 0.102292, 0.469291, 0.468667, 0.473041, 0.102666, 0.102834, 0.102083, 0.468333, 0.468667, 0.469125, 0.103708, 0.47525, 0.470875, 0.105375, 0.102542, 0.102167, 0.469708, 0.469375, 0.106084, 0.102292, 0.468792, 0.470875, 0.102917, 0.102292, 0.102416, 0.469833, 0.10225]
packed_bf16 host median_ms=1.084209 p90_ms=1.160708 samples_ms=[0.839541, 1.160708, 1.113, 0.750625, 0.750667, 0.749041, 1.106, 1.101875, 1.084209, 0.721292, 1.0718329999999998, 1.111, 1.117084, 0.73675, 0.7421669999999999, 1.096416, 1.114292, 0.978542, 0.7683749999999999, 1.201542, 1.12175, 1.1199999999999999, 0.776792, 0.7502500000000001, 1.192333, 1.097834, 1.107834, 0.735167, 0.758083, 1.301542, 0.738584]
packed_bf16 gpu median_ms=0.426208 p90_ms=0.431167 samples_ms=[0.423208, 0.429042, 0.425834, 0.095792, 0.095625, 0.095875, 0.432416, 0.427458, 0.426333, 0.095167, 0.427834, 0.427291, 0.429125, 0.094417, 0.095125, 0.426917, 0.431167, 0.426208, 0.09475, 0.44425, 0.430459, 0.425875, 0.094625, 0.096667, 0.42625, 0.4305, 0.435167, 0.094709, 0.420542, 0.42675, 0.092709]
