warning: binary `wgsl_export` should have a kebab-case name
  |
1 | /Users/themoretheless/Documents/Sources/open-scad-viewer/crates/target/.../wgsl_export
  |                                                                            ^^^^^^^^^^^
  |
  = note: `cargo::non_kebab_case_bins` is set to `warn` by default
help: to change the binary name to `wgsl-export`, convert the file stem
  |
1 - src/bin/wgsl_export.rs
1 + src/bin/wgsl-export.rs
  |
warning: `raster-core` (manifest) generated 1 warning
    Finished `release` profile [optimized] target(s) in 0.05s
     Running `crates/target/release/examples/bench_tensor_reduction_generic`
backend=metal;31rotated samples;200msheld warmup;separate unprofiled host+finalreadback and GPUsharedpass timing;residentinput;f64checks everyrun
case=small_rows shape=[17, 16] strides=[1, 17] axes=[0] output_values=16 reduction_values=17
one_group host median_ms=0.102250 p90_ms=0.118083 samples_ms=[0.104959, 0.110667, 0.107291, 0.10595800000000001, 0.1615, 0.096666, 0.09725, 0.09895799999999999, 0.093292, 0.102, 0.099708, 0.122875, 0.09825, 0.100291, 0.098916, 0.097625, 0.096792, 0.10225000000000001, 0.100042, 0.100208, 0.09833299999999999, 0.099917, 0.11474999999999999, 0.10525, 0.11808300000000001, 0.106042, 0.112834, 0.10658300000000001, 0.108791, 0.150125, 0.110209]
one_group gpu median_ms=0.005750 p90_ms=0.005875 samples_ms=[0.005791, 0.005875, 0.005667, 0.00575, 0.005792, 0.00575, 0.005666, 0.00575, 0.005666, 0.005917, 0.005792, 0.005708, 0.005709, 0.005875, 0.005584, 0.00575, 0.005667, 0.00575, 0.00575, 0.005667, 0.005667, 0.005708, 0.005792, 0.005667, 0.005709, 0.005708, 0.005792, 0.005875, 0.005667, 0.005666, 0.00575]
prior_hierarchical host median_ms=0.104584 p90_ms=0.110458 samples_ms=[0.104584, 0.110458, 0.11333399999999999, 0.10883300000000001, 0.10825, 0.098, 0.099709, 0.09787499999999999, 0.225792, 0.107667, 0.099541, 0.100709, 0.097958, 0.10579100000000001, 0.097666, 0.106208, 0.096459, 0.104625, 0.10008299999999999, 0.09899999999999999, 0.09641699999999999, 0.099166, 0.100667, 0.11587499999999999, 0.106208, 0.105542, 0.107917, 0.103792, 0.10245800000000001, 0.109375, 0.10725]
prior_hierarchical gpu median_ms=0.005834 p90_ms=0.005958 samples_ms=[0.005958, 0.005834, 0.005667, 0.005791, 0.00575, 0.005959, 0.005834, 0.005834, 0.005791, 0.005792, 0.005875, 0.005958, 0.005792, 0.005875, 0.005583, 0.005875, 0.005958, 0.005666, 0.005875, 0.005917, 0.006125, 0.005875, 0.005792, 0.005917, 0.005791, 0.005875, 0.005916, 0.00575, 0.0055, 0.005834, 0.005792]
generic_api host median_ms=0.101166 p90_ms=0.113000 samples_ms=[0.194584, 0.10483400000000001, 0.107209, 0.106, 0.1145, 0.095958, 0.096208, 0.101166, 0.10354200000000001, 0.100375, 0.0995, 0.10516700000000001, 0.099875, 0.101125, 0.09875, 0.098875, 0.096209, 0.097625, 0.09975, 0.09883299999999999, 0.099166, 0.09825, 0.095042, 0.10875, 0.111292, 0.104, 0.101583, 0.10525, 0.11299999999999999, 0.10450000000000001, 0.117833]
generic_api gpu median_ms=0.006250 p90_ms=0.006417 samples_ms=[0.006292, 0.006208, 0.006333, 0.006166, 0.006167, 0.00625, 0.006292, 0.006292, 0.00625, 0.006417, 0.00625, 0.006416, 0.006209, 0.006209, 0.006583, 0.00625, 0.006208, 0.006333, 0.006291, 0.006208, 0.00625, 0.006208, 0.006209, 0.00625, 0.006166, 0.006167, 0.006417, 0.006292, 0.006625, 0.006208, 0.006167]
case=transposed_full shape=[1025, 1024] strides=[1, 1025] axes=[0, 1] output_values=1 reduction_values=1049600
one_group host median_ms=2.753625 p90_ms=2.803667 samples_ms=[2.7214169999999998, 2.725, 2.726084, 2.788584, 2.7638749999999996, 2.82525, 2.811084, 2.780792, 2.781708, 2.786, 2.726, 2.9159580000000003, 2.7341670000000002, 2.8036670000000004, 2.7559590000000003, 2.722417, 2.731959, 2.734375, 2.73825, 2.7615830000000003, 2.764542, 2.753625, 2.7512090000000002, 2.7523750000000002, 2.749208, 2.7025, 2.711166, 2.761667, 2.7437910000000003, 2.7698750000000003, 2.776167]
one_group gpu median_ms=2.606541 p90_ms=2.619833 samples_ms=[2.580875, 2.582584, 2.582625, 2.580708, 2.60625, 2.6175, 2.748166, 2.588375, 2.612666, 2.613542, 2.606541, 2.637708, 2.5955, 2.619833, 2.592292, 2.591208, 2.584583, 2.581708, 2.622541, 2.612958, 2.615625, 2.605542, 2.607125, 2.611125, 2.609625, 2.584292, 2.613084, 2.61975, 2.585959, 2.585917, 2.614792]
prior_hierarchical host median_ms=0.172541 p90_ms=0.184583 samples_ms=[0.172958, 0.152458, 0.164625, 0.180042, 0.18604099999999998, 0.184583, 0.212833, 0.172541, 0.173375, 0.17325000000000002, 0.16487500000000002, 0.17241700000000001, 0.165792, 0.158, 0.17241700000000001, 0.156459, 0.15475, 0.24487499999999998, 0.174125, 0.180375, 0.18212499999999998, 0.175, 0.170542, 0.16375, 0.179208, 0.170666, 0.168709, 0.17216700000000001, 0.168708, 0.181417, 0.184417]
prior_hierarchical gpu median_ms=0.038583 p90_ms=0.039000 samples_ms=[0.038333, 0.038167, 0.038291, 0.038625, 0.039, 0.039, 0.038084, 0.038708, 0.038459, 0.038625, 0.038459, 0.039584, 0.038291, 0.038208, 0.038666, 0.038417, 0.038375, 0.038959, 0.0385, 0.038, 0.038792, 0.038917, 0.038791, 0.038625, 0.038875, 0.038417, 0.038583, 0.038791, 0.039041, 0.038208, 0.038542]
generic_api host median_ms=0.172583 p90_ms=0.216375 samples_ms=[0.257458, 0.15304199999999998, 0.207333, 0.21637499999999998, 0.200375, 0.176875, 0.293166, 0.171125, 0.226084, 0.163459, 0.165792, 0.17962499999999998, 0.161667, 0.16725, 0.204375, 0.1565, 0.15454199999999998, 0.172583, 0.185417, 0.175209, 0.203125, 0.172125, 0.170625, 0.16975, 0.176916, 0.155833, 0.157542, 0.170459, 0.169791, 0.17675, 0.17283300000000001]
generic_api gpu median_ms=0.040292 p90_ms=0.041084 samples_ms=[0.039917, 0.040167, 0.040083, 0.041084, 0.040084, 0.041375, 0.040292, 0.040667, 0.04025, 0.040791, 0.040083, 0.04125, 0.040375, 0.040292, 0.039875, 0.040917, 0.040125, 0.04075, 0.040625, 0.040167, 0.040375, 0.040917, 0.040167, 0.040458, 0.040208, 0.041209, 0.04, 0.040583, 0.040167, 0.040125, 0.040125]
case=two_axes shape=[1025, 8, 129] strides=[129, 132225, 1] axes=[0, 2] output_values=8 reduction_values=132225
one_group host median_ms=0.455458 p90_ms=0.480125 samples_ms=[0.45054099999999997, 0.45058400000000004, 0.451125, 0.46075, 0.576792, 0.454084, 0.45337500000000003, 0.45387500000000003, 0.458417, 0.450667, 0.45899999999999996, 0.45545800000000003, 0.449209, 0.450916, 0.453125, 0.453042, 0.446833, 0.47558300000000003, 0.530042, 0.432875, 0.5525420000000001, 0.467708, 0.47125, 0.47229200000000005, 0.450084, 0.449875, 0.476375, 0.46945800000000004, 0.48012499999999997, 0.45804199999999995, 0.468291]
one_group gpu median_ms=0.319750 p90_ms=0.320375 samples_ms=[0.319375, 0.319417, 0.320416, 0.320375, 0.319542, 0.320042, 0.319791, 0.319791, 0.319541, 0.320208, 0.319958, 0.319625, 0.320375, 0.320083, 0.31975, 0.319542, 0.319916, 0.320083, 0.31975, 0.320417, 0.319125, 0.31975, 0.319167, 0.319, 0.319917, 0.319208, 0.319959, 0.320375, 0.31975, 0.319625, 0.3195]
prior_hierarchical host median_ms=0.168500 p90_ms=0.188375 samples_ms=[0.18629099999999998, 0.165166, 0.168125, 0.165708, 0.170084, 0.168958, 0.16924999999999998, 0.16825, 0.170459, 0.170125, 0.1685, 0.166458, 0.168042, 0.16262500000000002, 0.1685, 0.16425, 0.16695800000000002, 0.19625, 0.164334, 0.188, 0.159958, 0.18745799999999999, 0.165125, 0.162875, 0.152833, 0.184334, 0.18837500000000001, 0.188458, 0.191875, 0.178167, 0.169959]
prior_hierarchical gpu median_ms=0.038291 p90_ms=0.038375 samples_ms=[0.038417, 0.0385, 0.038333, 0.038291, 0.038208, 0.038083, 0.038084, 0.038292, 0.03825, 0.038083, 0.038291, 0.038334, 0.03825, 0.038375, 0.038041, 0.038208, 0.038417, 0.03825, 0.038334, 0.038375, 0.038125, 0.038084, 0.038292, 0.038333, 0.03825, 0.038333, 0.038209, 0.038291, 0.038042, 0.038375, 0.038208]
generic_api host median_ms=0.171750 p90_ms=0.190709 samples_ms=[0.16799999999999998, 0.171167, 0.17024999999999998, 0.173917, 0.170209, 0.17066699999999999, 0.171459, 0.16924999999999998, 0.175959, 0.169375, 0.173041, 0.174291, 0.17175, 0.175833, 0.171291, 0.170125, 0.17124999999999999, 0.170334, 0.187417, 0.193917, 0.19070900000000002, 0.18745900000000001, 0.161042, 0.18412499999999998, 0.184625, 0.209625, 0.169042, 0.19129100000000002, 0.186083, 0.163958, 0.175583]
generic_api gpu median_ms=0.040292 p90_ms=0.040417 samples_ms=[0.040292, 0.040167, 0.040208, 0.040292, 0.040375, 0.040167, 0.040458, 0.040167, 0.040375, 0.040333, 0.040292, 0.040334, 0.040416, 0.040042, 0.040292, 0.04025, 0.040291, 0.040208, 0.040167, 0.040333, 0.040209, 0.040167, 0.040375, 0.040333, 0.040458, 0.040417, 0.0405, 0.040333, 0.040292, 0.040166, 0.040292]
case=sixtyfive_rows shape=[65, 65, 257] strides=[16705, 1, 65] axes=[1, 2] output_values=65 reduction_values=16705
one_group host median_ms=0.151958 p90_ms=0.161541 samples_ms=[0.152208, 0.14750000000000002, 0.153666, 0.147042, 0.143208, 0.14633300000000002, 0.14383300000000002, 0.147792, 0.145833, 0.157166, 0.157416, 0.161833, 0.15204199999999998, 0.151958, 0.148625, 0.15104199999999998, 0.149292, 0.159625, 0.1545, 0.270334, 0.158417, 0.15075, 0.151583, 0.1545, 0.153708, 0.150709, 0.213583, 0.161541, 0.150916, 0.15062499999999998, 0.159]
one_group gpu median_ms=0.046792 p90_ms=0.046958 samples_ms=[0.047, 0.046792, 0.046791, 0.0465, 0.047083, 0.046583, 0.046834, 0.04675, 0.046792, 0.046916, 0.046791, 0.046542, 0.046917, 0.046667, 0.046958, 0.047, 0.046791, 0.046542, 0.046875, 0.046542, 0.046875, 0.046833, 0.046917, 0.046833, 0.046916, 0.0465, 0.046875, 0.046791, 0.04675, 0.046459, 0.046792]
prior_hierarchical host median_ms=0.146125 p90_ms=0.156459 samples_ms=[0.142125, 0.1385, 0.144958, 0.13975, 0.13591699999999998, 0.138791, 0.139416, 0.139459, 0.13983299999999999, 0.159875, 0.15308300000000002, 0.145708, 0.147417, 0.14583400000000002, 0.146042, 0.14612499999999998, 0.151125, 0.153709, 0.145291, 0.149083, 0.157542, 0.151166, 0.157375, 0.153, 0.145917, 0.147792, 0.14508300000000002, 0.149208, 0.15, 0.156459, 0.15341700000000003]
prior_hierarchical gpu median_ms=0.040666 p90_ms=0.040750 samples_ms=[0.040417, 0.040333, 0.0405, 0.040625, 0.040667, 0.040667, 0.040667, 0.040666, 0.04075, 0.040209, 0.040375, 0.040542, 0.040666, 0.040459, 0.040541, 0.040833, 0.040916, 0.040708, 0.040666, 0.040625, 0.040667, 0.040417, 0.040667, 0.040666, 0.040834, 0.04075, 0.040292, 0.040292, 0.040625, 0.040625, 0.040708]
generic_api host median_ms=0.148584 p90_ms=0.158375 samples_ms=[0.149041, 0.14595799999999998, 0.141459, 0.13933399999999999, 0.14387499999999998, 0.136875, 0.14383300000000002, 0.140792, 0.142583, 0.159583, 0.151084, 0.15025, 0.150334, 0.272166, 0.149125, 0.154667, 0.14820799999999998, 0.151791, 0.148125, 0.158375, 0.154083, 0.148875, 0.149542, 0.148584, 0.148083, 0.161459, 0.147625, 0.15275, 0.147708, 0.146458, 0.14758300000000002]
generic_api gpu median_ms=0.042667 p90_ms=0.043042 samples_ms=[0.0425, 0.0425, 0.042583, 0.042959, 0.043, 0.042459, 0.042625, 0.042666, 0.04275, 0.042208, 0.042666, 0.042583, 0.042625, 0.042834, 0.042292, 0.043042, 0.043125, 0.04275, 0.043042, 0.0425, 0.042584, 0.04275, 0.04325, 0.042792, 0.042959, 0.042875, 0.042792, 0.042375, 0.042541, 0.042667, 0.043167]
case=broadcast_cap shape=[2, 2000003] strides=[1, 0] axes=[1] output_values=2 reduction_values=2000003
one_group host median_ms=2.674375 p90_ms=2.694417 samples_ms=[2.633833, 2.667917, 2.661375, 2.6719589999999998, 2.672792, 2.6589579999999997, 2.669334, 2.660875, 2.654, 2.647208, 2.6606249999999996, 2.6423330000000003, 2.694583, 2.674375, 2.704542, 2.6781669999999997, 2.6765830000000004, 2.705708, 2.682833, 2.672542, 2.687208, 2.6770840000000002, 2.690209, 2.690708, 2.6871669999999996, 2.645541, 2.6870000000000003, 2.684125, 2.679875, 2.6528329999999998, 2.694417]
one_group gpu median_ms=2.511250 p90_ms=2.520500 samples_ms=[2.512375, 2.506208, 2.522167, 2.515667, 2.505916, 2.510042, 2.522334, 2.506042, 2.51125, 2.533084, 2.510875, 2.508292, 2.511167, 2.515625, 2.504292, 2.516041, 2.506167, 2.515792, 2.5205, 2.508792, 2.5205, 2.5065, 2.509541, 2.510916, 2.510959, 2.513333, 2.5155, 2.511416, 2.515833, 2.516792, 2.510916]
prior_hierarchical host median_ms=0.226000 p90_ms=0.239375 samples_ms=[0.18295799999999998, 0.18083300000000002, 0.20975, 0.212542, 0.222958, 0.210792, 0.21745799999999998, 0.203708, 0.223459, 0.24075, 0.251625, 0.2285, 0.236375, 0.231083, 0.23795899999999998, 0.21195799999999998, 0.236042, 0.22599999999999998, 0.220834, 0.233292, 0.226291, 0.33458400000000005, 0.233291, 0.236875, 0.23241599999999998, 0.223542, 0.20466700000000002, 0.239375, 0.233916, 0.208417, 0.225]
prior_hierarchical gpu median_ms=0.071500 p90_ms=0.071625 samples_ms=[0.071542, 0.071459, 0.071542, 0.071542, 0.071625, 0.07125, 0.071584, 0.0715, 0.071459, 0.071583, 0.0715, 0.0715, 0.07125, 0.0715, 0.071417, 0.071416, 0.071333, 0.071583, 0.071459, 0.071292, 0.071917, 0.071375, 0.0715, 0.07175, 0.0715, 0.071667, 0.071375, 0.071416, 0.071333, 0.071375, 0.071291]
generic_api host median_ms=0.226584 p90_ms=0.241292 samples_ms=[0.18537499999999998, 0.183, 0.226584, 0.22249999999999998, 0.22254100000000002, 0.22187500000000002, 0.22225, 0.226792, 0.232833, 0.215167, 0.228208, 0.18970900000000002, 0.20791700000000002, 0.21187499999999998, 0.24025000000000002, 0.23916700000000002, 0.229167, 0.24941600000000003, 0.231709, 0.24087499999999998, 0.24225, 0.241292, 0.239542, 0.29312499999999997, 0.210083, 0.223333, 0.232417, 0.206875, 0.199334, 0.24125000000000002, 0.213083]
generic_api gpu median_ms=0.077125 p90_ms=0.077375 samples_ms=[0.077333, 0.077375, 0.077125, 0.077375, 0.077583, 0.077041, 0.077416, 0.077167, 0.076792, 0.077041, 0.077041, 0.076917, 0.077167, 0.077125, 0.076958, 0.077125, 0.077, 0.077375, 0.077083, 0.077167, 0.076834, 0.077042, 0.077167, 0.077167, 0.077208, 0.077083, 0.077333, 0.07725, 0.077458, 0.076959, 0.077]
