$ crates/target/release/examples/bench_tensor_low_attention
backend=metal;31 rotated samples;200ms warmup;resident low QKV;f32 output;reused programs;separate unprofiled host+readback and GPU shared-pass timings;independent dense f64 reference;every result checked after timing
case=small dtype=F16 Hq=1 Hkv=1 Lq=17 Lk=65 D=17 Dv=33 strided_masked=false removed_f32_input_bytes=14156
small_F16 cast_f32 host median_ms=0.176250 p90_ms=0.183667 samples_ms=[0.167458, 0.177167, 0.17879199999999998, 0.173834, 0.18475, 0.17983300000000002, 0.18016700000000002, 0.179167, 0.192709, 0.172333, 0.176666, 0.18087499999999998, 0.181917, 0.174959, 0.179208, 0.175167, 0.17625, 0.165459, 0.165708, 0.170208, 0.178334, 0.169708, 0.183667, 0.184625, 0.17545899999999998, 0.179208, 0.17058399999999999, 0.16775, 0.166, 0.167667, 0.170167]
small_F16 cast_f32 gpu median_ms=0.061708 p90_ms=0.061917 samples_ms=[0.060917, 0.061708, 0.061, 0.060583, 0.061875, 0.061833, 0.061917, 0.062041, 0.060916, 0.061833, 0.061791, 0.061875, 0.061792, 0.062, 0.060792, 0.060625, 0.061042, 0.060834, 0.061, 0.060833, 0.061709, 0.061917, 0.061708, 0.060625, 0.061917, 0.061834, 0.061, 0.060833, 0.06075, 0.060459, 0.061792]
small_F16 direct_low host median_ms=0.188000 p90_ms=0.195083 samples_ms=[0.18775, 0.197417, 0.181958, 0.18433300000000002, 0.188458, 0.194542, 0.19366699999999998, 0.19375, 0.192958, 0.196375, 0.18675, 0.18895800000000001, 0.19349999999999998, 0.19262500000000002, 0.181791, 0.185333, 0.17758300000000002, 0.184541, 0.18100000000000002, 0.188, 0.18495799999999998, 0.19387500000000002, 0.192, 0.182667, 0.195083, 0.194166, 0.18075, 0.185666, 0.181792, 0.17945799999999998, 0.198291]
small_F16 direct_low gpu median_ms=0.077000 p90_ms=0.077250 samples_ms=[0.076916, 0.076917, 0.076958, 0.076958, 0.076958, 0.076833, 0.077209, 0.076875, 0.077208, 0.076833, 0.076833, 0.076833, 0.077708, 0.077208, 0.077334, 0.077125, 0.077042, 0.077, 0.077083, 0.076792, 0.077292, 0.07725, 0.077125, 0.077083, 0.077166, 0.076834, 0.076958, 0.077, 0.077125, 0.076875, 0.077083]
case=small dtype=Bf16 Hq=1 Hkv=1 Lq=17 Lk=65 D=17 Dv=33 strided_masked=false removed_f32_input_bytes=14156
small_Bf16 cast_f32 host median_ms=0.178500 p90_ms=0.184833 samples_ms=[0.18087499999999998, 0.162666, 0.16349999999999998, 0.165875, 0.182625, 0.173292, 0.172333, 0.23141599999999998, 0.16349999999999998, 0.188291, 0.181083, 0.16941699999999998, 0.169292, 0.17841600000000002, 0.184833, 0.181375, 0.29325, 0.182291, 0.17508300000000002, 0.179958, 0.181041, 0.179875, 0.18087499999999998, 0.1785, 0.179375, 0.161, 0.174666, 0.172834, 0.18212499999999998, 0.17633300000000002, 0.174666]
small_Bf16 cast_f32 gpu median_ms=0.061417 p90_ms=0.061791 samples_ms=[0.061417, 0.060583, 0.060667, 0.060333, 0.061791, 0.061458, 0.060667, 0.061541, 0.061791, 0.060666, 0.061833, 0.060541, 0.060458, 0.060459, 0.06175, 0.061459, 0.061542, 0.060458, 0.061791, 0.060667, 0.060458, 0.0615, 0.061708, 0.0615, 0.061667, 0.061459, 0.060625, 0.06075, 0.061667, 0.060167, 0.060583]
small_Bf16 direct_low host median_ms=0.183791 p90_ms=0.189250 samples_ms=[0.187625, 0.171458, 0.178, 0.179542, 0.192417, 0.185792, 0.189708, 0.17891700000000002, 0.18912500000000002, 0.17316700000000002, 0.187875, 0.188416, 0.17908400000000002, 0.17408300000000002, 0.188583, 0.190333, 0.185625, 0.17408300000000002, 0.188875, 0.175708, 0.174792, 0.18925, 0.181833, 0.1875, 0.188584, 0.18675, 0.18379099999999998, 0.172875, 0.178, 0.180583, 0.1735]
small_Bf16 direct_low gpu median_ms=0.069917 p90_ms=0.070083 samples_ms=[0.070041, 0.07, 0.07, 0.069708, 0.069916, 0.070083, 0.07, 0.069959, 0.070209, 0.069708, 0.070041, 0.069667, 0.069958, 0.070333, 0.070041, 0.069958, 0.07, 0.069792, 0.069834, 0.069708, 0.069917, 0.069958, 0.069625, 0.070125, 0.069833, 0.06975, 0.0695, 0.06975, 0.069541, 0.069708, 0.069791]
case=decode dtype=F16 Hq=4 Hkv=2 Lq=1 Lk=4097 D=64 Dv=64 strided_masked=false removed_f32_input_bytes=4196352
decode_F16 cast_f32 host median_ms=0.408125 p90_ms=0.416041 samples_ms=[0.402042, 0.535875, 0.412084, 0.392, 0.399458, 0.40225, 0.397, 0.416291, 0.41825, 0.40704199999999996, 0.4045, 0.410708, 0.412, 0.388625, 0.408125, 0.406916, 0.41091700000000003, 0.40254199999999996, 0.414791, 0.410625, 0.41300000000000003, 0.409333, 0.41604100000000005, 0.414083, 0.4125, 0.39762499999999995, 0.40049999999999997, 0.39420900000000003, 0.413584, 0.4025, 0.40108299999999997]
decode_F16 cast_f32 gpu median_ms=0.282208 p90_ms=0.285250 samples_ms=[0.278584, 0.283958, 0.281042, 0.275042, 0.278416, 0.278958, 0.278, 0.282208, 0.28325, 0.285792, 0.275292, 0.285083, 0.285167, 0.278417, 0.28525, 0.285541, 0.285, 0.274958, 0.285167, 0.281125, 0.285, 0.274833, 0.28175, 0.275041, 0.284625, 0.277416, 0.284709, 0.279375, 0.285625, 0.284833, 0.284292]
decode_F16 direct_low host median_ms=0.525083 p90_ms=0.531166 samples_ms=[0.5315, 0.528625, 0.531166, 0.5121249999999999, 0.5199999999999999, 0.521125, 0.521459, 0.532, 0.529417, 0.5297919999999999, 0.523667, 0.525417, 0.5275, 0.51125, 0.516959, 0.508958, 0.5273749999999999, 0.527834, 0.560167, 0.514458, 0.518834, 0.510792, 0.528541, 0.525083, 0.521041, 0.530833, 0.518667, 0.512875, 0.5295420000000001, 0.518666, 0.5305000000000001]
decode_F16 direct_low gpu median_ms=0.405000 p90_ms=0.406083 samples_ms=[0.40525, 0.405292, 0.4045, 0.405333, 0.405708, 0.405459, 0.405875, 0.406125, 0.402833, 0.405916, 0.405, 0.405125, 0.404917, 0.40475, 0.404125, 0.401209, 0.40525, 0.401875, 0.404416, 0.404458, 0.401625, 0.404959, 0.405208, 0.401292, 0.402208, 0.40625, 0.405459, 0.402333, 0.406125, 0.406083, 0.40475]
case=decode dtype=Bf16 Hq=4 Hkv=2 Lq=1 Lk=4097 D=64 Dv=64 strided_masked=false removed_f32_input_bytes=4196352
decode_Bf16 cast_f32 host median_ms=0.447875 p90_ms=0.486875 samples_ms=[0.499708, 0.448875, 0.45545800000000003, 0.44787499999999997, 0.451291, 0.43716700000000003, 0.4425, 0.455292, 0.456042, 0.40737500000000004, 0.439, 0.45437500000000003, 0.444875, 0.457542, 0.461708, 0.460167, 0.443583, 0.46025, 0.45637500000000003, 0.437, 0.434, 0.417167, 0.538417, 0.418833, 0.421583, 0.430917, 0.486875, 0.428334, 0.42895900000000003, 0.5483330000000001, 0.419041]
decode_Bf16 cast_f32 gpu median_ms=0.276917 p90_ms=0.284250 samples_ms=[0.285125, 0.282666, 0.28425, 0.273167, 0.284458, 0.284041, 0.279792, 0.282417, 0.281083, 0.27375, 0.276917, 0.281084, 0.273416, 0.280875, 0.28025, 0.282875, 0.282833, 0.284, 0.284875, 0.273666, 0.273708, 0.274542, 0.273416, 0.273416, 0.273959, 0.27425, 0.273959, 0.273542, 0.273459, 0.273875, 0.273708]
decode_Bf16 direct_low host median_ms=0.480792 p90_ms=0.505167 samples_ms=[0.509, 0.493208, 0.470833, 0.46429099999999995, 0.499958, 0.47562499999999996, 0.465958, 0.502375, 0.46725, 0.5021249999999999, 0.472, 0.503917, 0.505167, 0.510292, 0.49974999999999997, 0.49866699999999997, 0.5019170000000001, 0.501583, 0.5155420000000001, 0.49558399999999997, 0.473833, 0.46875, 0.470625, 0.47354199999999996, 0.47841700000000004, 0.477, 0.474833, 0.479, 0.480792, 0.493375, 0.471791]
decode_Bf16 direct_low gpu median_ms=0.334708 p90_ms=0.337875 samples_ms=[0.337667, 0.334291, 0.33775, 0.3375, 0.334709, 0.337709, 0.337667, 0.338125, 0.334417, 0.337542, 0.334583, 0.337583, 0.334292, 0.337833, 0.337542, 0.338083, 0.337875, 0.337959, 0.334042, 0.334042, 0.333917, 0.334208, 0.334708, 0.334666, 0.334291, 0.337541, 0.334292, 0.334083, 0.334375, 0.333875, 0.332834]
case=prefill dtype=F16 Hq=2 Hkv=2 Lq=128 Lk=257 D=64 Dv=64 strided_masked=false removed_f32_input_bytes=328704
prefill_F16 cast_f32 host median_ms=0.410542 p90_ms=0.413875 samples_ms=[0.404667, 0.40091699999999997, 0.40662499999999996, 0.4125, 0.407542, 0.439875, 0.404667, 0.40675, 0.405708, 0.412792, 0.412583, 0.407541, 0.40937500000000004, 0.40275, 0.411333, 0.460208, 0.413875, 0.408291, 0.41300000000000003, 0.40691700000000003, 0.412042, 0.41154199999999996, 0.401209, 0.413125, 0.409917, 0.41187500000000005, 0.41075, 0.410542, 0.416167, 0.411666, 0.40904199999999996]
prefill_F16 cast_f32 gpu median_ms=0.236459 p90_ms=0.236833 samples_ms=[0.2365, 0.236584, 0.23625, 0.236542, 0.236625, 0.236541, 0.236333, 0.236833, 0.235458, 0.236875, 0.236917, 0.236667, 0.235916, 0.235666, 0.236625, 0.2365, 0.236916, 0.236459, 0.236334, 0.235458, 0.236709, 0.236542, 0.235917, 0.235792, 0.235667, 0.235167, 0.236584, 0.235417, 0.236375, 0.236042, 0.236041]
prefill_F16 direct_low host median_ms=0.617292 p90_ms=0.666167 samples_ms=[0.61275, 0.618875, 0.608625, 0.619667, 0.701875, 0.622417, 0.617292, 0.60275, 0.612458, 0.61325, 0.607125, 0.616042, 0.619167, 0.6170420000000001, 0.666167, 0.6156659999999999, 0.614208, 0.619875, 0.6114580000000001, 0.612458, 0.6250840000000001, 0.6146250000000001, 0.829459, 0.619209, 0.616167, 0.622625, 0.621042, 0.6240829999999999, 0.6234580000000001, 0.61725, 0.709834]
prefill_F16 direct_low gpu median_ms=0.440625 p90_ms=0.444042 samples_ms=[0.440584, 0.444709, 0.440083, 0.439833, 0.440042, 0.444375, 0.442917, 0.44, 0.440917, 0.443291, 0.440042, 0.440666, 0.444042, 0.439833, 0.443542, 0.440208, 0.440625, 0.440583, 0.439917, 0.443833, 0.446167, 0.44375, 0.439667, 0.443542, 0.439792, 0.440042, 0.443833, 0.443875, 0.44025, 0.441167, 0.440292]
case=prefill dtype=Bf16 Hq=2 Hkv=2 Lq=128 Lk=257 D=64 Dv=64 strided_masked=false removed_f32_input_bytes=328704
prefill_Bf16 cast_f32 host median_ms=0.407917 p90_ms=0.414416 samples_ms=[0.398542, 0.402041, 0.430709, 0.52525, 0.381916, 0.389458, 0.38295799999999997, 0.381625, 0.3835, 0.3975, 0.414416, 0.408584, 0.41425, 0.395625, 0.404167, 0.411375, 0.40912499999999996, 0.413209, 0.41, 0.40670799999999996, 0.412167, 0.530541, 0.401875, 0.407917, 0.4125, 0.405958, 0.409625, 0.40087500000000004, 0.409416, 0.41154100000000005, 0.4]
prefill_Bf16 cast_f32 gpu median_ms=0.235292 p90_ms=0.238333 samples_ms=[0.2355, 0.23575, 0.235041, 0.235458, 0.234625, 0.23575, 0.234708, 0.235209, 0.235292, 0.23625, 0.236417, 0.235959, 0.235208, 0.235292, 0.238334, 0.23475, 0.234875, 0.23625, 0.238458, 0.238333, 0.234334, 0.235291, 0.234834, 0.238833, 0.234167, 0.235125, 0.237709, 0.234833, 0.23425, 0.235792, 0.234958]
prefill_Bf16 direct_low host median_ms=0.537458 p90_ms=0.555875 samples_ms=[0.537416, 0.52775, 0.554209, 0.515791, 0.515375, 0.514416, 0.522375, 0.512375, 0.5198750000000001, 0.5401250000000001, 0.53925, 0.546917, 0.5509170000000001, 0.536958, 0.538667, 0.537458, 0.6334580000000001, 0.541583, 0.565375, 0.5475840000000001, 0.535875, 0.5353330000000001, 0.527792, 0.54375, 0.532458, 0.567125, 0.555875, 0.53475, 0.529292, 0.5415840000000001, 0.5385840000000001]
prefill_Bf16 direct_low gpu median_ms=0.367375 p90_ms=0.370375 samples_ms=[0.37025, 0.367125, 0.366958, 0.367542, 0.366875, 0.370541, 0.367, 0.370208, 0.367042, 0.370292, 0.36725, 0.371042, 0.366875, 0.36725, 0.367875, 0.367542, 0.367458, 0.370417, 0.367375, 0.367125, 0.367375, 0.3675, 0.366958, 0.36725, 0.367292, 0.369958, 0.367042, 0.370375, 0.367708, 0.366875, 0.367334]
case=wide_value_gqa dtype=F16 Hq=4 Hkv=2 Lq=65 Lk=257 D=32 Dv=129 strided_masked=false removed_f32_input_bytes=364296
wide_value_gqa_F16 cast_f32 host median_ms=0.533333 p90_ms=0.539125 samples_ms=[0.519125, 0.536042, 0.533333, 0.5312920000000001, 0.532417, 0.5335, 0.57525, 0.5363749999999999, 0.5345420000000001, 0.5370830000000001, 0.5245420000000001, 0.524083, 0.531625, 0.5385, 0.7444590000000001, 0.525583, 0.535667, 0.525, 0.514125, 0.53525, 0.534709, 0.539125, 0.529917, 0.531042, 0.534417, 0.537625, 0.5235, 0.525208, 0.522, 0.7471249999999999, 0.5325]
wide_value_gqa_F16 cast_f32 gpu median_ms=0.349500 p90_ms=0.350958 samples_ms=[0.347791, 0.349625, 0.3495, 0.348333, 0.350333, 0.348833, 0.350834, 0.348583, 0.350083, 0.349459, 0.350375, 0.350958, 0.350667, 0.350167, 0.348333, 0.347041, 0.348875, 0.349959, 0.348083, 0.351625, 0.3485, 0.349042, 0.348333, 0.349125, 0.351959, 0.348916, 0.3495, 0.3505, 0.346333, 0.349708, 0.355041]
wide_value_gqa_F16 direct_low host median_ms=0.867959 p90_ms=0.873209 samples_ms=[0.872333, 0.875291, 0.8208329999999999, 0.8654170000000001, 0.8725, 0.76325, 0.871125, 0.831417, 0.873958, 0.870917, 0.8163330000000001, 0.8694160000000001, 0.820125, 0.8695830000000001, 0.761875, 0.757333, 0.814917, 0.810333, 0.873125, 0.8456670000000001, 0.8220000000000001, 0.772709, 0.868958, 0.8679589999999999, 0.873041, 0.87275, 0.827458, 0.877166, 0.812375, 0.873209, 0.8717090000000001]
wide_value_gqa_F16 direct_low gpu median_ms=0.580292 p90_ms=0.583000 samples_ms=[0.580625, 0.579209, 0.577958, 0.582916, 0.585042, 0.579292, 0.578792, 0.578167, 0.580167, 0.581292, 0.5805, 0.580959, 0.57925, 0.578541, 0.578625, 0.584042, 0.575417, 0.582375, 0.578792, 0.583, 0.580292, 0.581291, 0.586875, 0.580541, 0.5805, 0.580166, 0.578584, 0.579709, 0.581208, 0.58025, 0.581667]
case=wide_value_gqa dtype=Bf16 Hq=4 Hkv=2 Lq=65 Lk=257 D=32 Dv=129 strided_masked=false removed_f32_input_bytes=364296
wide_value_gqa_Bf16 cast_f32 host median_ms=0.532750 p90_ms=0.544083 samples_ms=[0.5436249999999999, 0.5327500000000001, 0.533417, 0.539, 0.5315829999999999, 0.531666, 0.541, 0.555458, 0.5386660000000001, 0.544083, 0.535584, 0.53325, 0.52325, 0.552167, 0.525834, 0.527167, 0.512375, 0.5275, 0.638459, 0.5349579999999999, 0.5297919999999999, 0.527708, 0.535792, 0.530417, 0.5289999999999999, 0.521834, 0.53, 0.530541, 0.531042, 0.540084, 0.534541]
wide_value_gqa_Bf16 cast_f32 gpu median_ms=0.349458 p90_ms=0.351542 samples_ms=[0.350417, 0.349917, 0.349, 0.352, 0.349542, 0.348375, 0.348333, 0.350209, 0.349167, 0.351542, 0.350917, 0.351541, 0.346125, 0.352458, 0.348292, 0.34875, 0.349458, 0.3515, 0.349167, 0.351292, 0.349458, 0.351083, 0.348792, 0.348875, 0.348958, 0.348333, 0.34875, 0.350083, 0.34925, 0.34925, 0.351542]
wide_value_gqa_Bf16 direct_low host median_ms=0.784041 p90_ms=0.795333 samples_ms=[0.7575839999999999, 0.751708, 0.796459, 0.7894589999999999, 0.7846660000000001, 0.79425, 0.687125, 0.686417, 0.919666, 0.678292, 0.78525, 0.790458, 0.7738750000000001, 0.784041, 0.737125, 0.783959, 0.702458, 0.674125, 0.790292, 0.786042, 0.796583, 0.788833, 0.7927500000000001, 0.7502500000000001, 0.6710830000000001, 0.737834, 0.757917, 0.787458, 0.795333, 0.7945829999999999, 0.749042]
wide_value_gqa_Bf16 direct_low gpu median_ms=0.496959 p90_ms=0.500084 samples_ms=[0.498667, 0.499791, 0.496125, 0.499417, 0.499708, 0.500084, 0.497417, 0.497042, 0.4925, 0.494291, 0.497417, 0.4965, 0.495958, 0.494583, 0.496417, 0.496334, 0.5015, 0.495125, 0.495916, 0.496125, 0.497084, 0.501292, 0.496667, 0.498042, 0.501708, 0.495375, 0.496959, 0.494375, 0.4975, 0.496208, 0.498458]
case=strided_masked dtype=F16 Hq=6 Hkv=2 Lq=7 Lk=65 D=17 Dv=33 strided_masked=true removed_f32_input_bytes=28856
strided_masked_F16 cast_f32 host median_ms=0.153750 p90_ms=0.156333 samples_ms=[0.155917, 0.154625, 0.15504099999999998, 0.151833, 0.155708, 0.151166, 0.156333, 0.151125, 0.15133400000000002, 0.15329199999999998, 0.152542, 0.154, 0.153583, 0.154166, 0.15475, 0.153583, 0.156459, 0.157166, 0.15375, 0.153208, 0.154, 0.151792, 0.155667, 0.15704200000000001, 0.153833, 0.152375, 0.15279099999999998, 0.152917, 0.154834, 0.150667, 0.15220899999999998]
strided_masked_F16 cast_f32 gpu median_ms=0.050083 p90_ms=0.050250 samples_ms=[0.05025, 0.049916, 0.050166, 0.049958, 0.050125, 0.049709, 0.05025, 0.049875, 0.050042, 0.05, 0.050125, 0.050167, 0.0505, 0.049959, 0.05, 0.050167, 0.049917, 0.049791, 0.050125, 0.050208, 0.05025, 0.049833, 0.05, 0.049959, 0.050125, 0.050042, 0.050209, 0.050125, 0.050083, 0.049958, 0.050167]
strided_masked_F16 direct_low host median_ms=0.163291 p90_ms=0.167167 samples_ms=[0.163208, 0.16716699999999998, 0.163084, 0.16329100000000002, 0.16487500000000002, 0.163167, 0.167791, 0.16137500000000002, 0.16825, 0.16375, 0.16229100000000002, 0.162208, 0.16574999999999998, 0.164208, 0.164, 0.298917, 0.16370800000000002, 0.1625, 0.160875, 0.16433299999999998, 0.162583, 0.162041, 0.161875, 0.16404200000000002, 0.16645900000000002, 0.155916, 0.162708, 0.163958, 0.163375, 0.162875, 0.163084]
strided_masked_F16 direct_low gpu median_ms=0.061292 p90_ms=0.061542 samples_ms=[0.061417, 0.061208, 0.061542, 0.061291, 0.061417, 0.061, 0.061292, 0.061167, 0.061709, 0.061292, 0.061667, 0.061208, 0.061583, 0.06125, 0.061375, 0.061458, 0.061458, 0.061208, 0.061292, 0.061375, 0.061375, 0.061291, 0.061416, 0.061167, 0.061167, 0.061166, 0.061166, 0.061167, 0.061542, 0.061125, 0.061375]
case=strided_masked dtype=Bf16 Hq=6 Hkv=2 Lq=7 Lk=65 D=17 Dv=33 strided_masked=true removed_f32_input_bytes=28856
strided_masked_Bf16 cast_f32 host median_ms=0.154209 p90_ms=0.156208 samples_ms=[0.15445899999999999, 0.25999999999999995, 0.160042, 0.153375, 0.152291, 0.15620799999999999, 0.153334, 0.155083, 0.1535, 0.15270799999999998, 0.15437499999999998, 0.153333, 0.155083, 0.153334, 0.15420899999999998, 0.152542, 0.155042, 0.151667, 0.15220899999999998, 0.154083, 0.15341700000000003, 0.155042, 0.154833, 0.15329199999999998, 0.15425, 0.155667, 0.161167, 0.153334, 0.155709, 0.15420899999999998, 0.15604200000000001]
strided_masked_Bf16 cast_f32 gpu median_ms=0.049708 p90_ms=0.049958 samples_ms=[0.049334, 0.049416, 0.053583, 0.050292, 0.049667, 0.049667, 0.049667, 0.049625, 0.049708, 0.049708, 0.049667, 0.049667, 0.049708, 0.049958, 0.049875, 0.04975, 0.04975, 0.049583, 0.049958, 0.049667, 0.04975, 0.049709, 0.049541, 0.049875, 0.049667, 0.049791, 0.049541, 0.049875, 0.049667, 0.04975, 0.049583]
strided_masked_Bf16 direct_low host median_ms=0.156541 p90_ms=0.159291 samples_ms=[0.154333, 0.159792, 0.179042, 0.159291, 0.156709, 0.156541, 0.157583, 0.157208, 0.15504099999999998, 0.15675, 0.154667, 0.15645799999999999, 0.155, 0.15625, 0.15670800000000001, 0.15775, 0.156167, 0.15675, 0.156375, 0.1545, 0.154666, 0.1545, 0.15454199999999998, 0.155875, 0.156166, 0.158792, 0.158583, 0.157416, 0.158, 0.156459, 0.1605]
strided_masked_Bf16 direct_low gpu median_ms=0.053958 p90_ms=0.054167 samples_ms=[0.054292, 0.053583, 0.0545, 0.053833, 0.054417, 0.053958, 0.05375, 0.054, 0.053834, 0.054167, 0.053542, 0.054167, 0.053916, 0.054083, 0.053625, 0.054125, 0.054125, 0.054083, 0.053709, 0.054, 0.053833, 0.053958, 0.054167, 0.053875, 0.054, 0.054, 0.053792, 0.054083, 0.053958, 0.053834, 0.053958]
