warning: binary `wgsl_export` should have a kebab-case name
  |
1 | /Users/themoretheless/Documents/Sources/open-scad-viewer/crates/target/.../wgsl_export
  |                                                                            ^^^^^^^^^^^
  |
  = note: `cargo::non_kebab_case_bins` is set to `warn` by default
help: to change the binary name to `wgsl-export`, convert the file stem
  |
1 - src/bin/wgsl_export.rs
1 + src/bin/wgsl-export.rs
  |
warning: `raster-core` (manifest) generated 1 warning
    Finished `release` profile [optimized] target(s) in 0.05s
     Running `crates/target/release/examples/bench_tensor_low_stats`
backend=metal;31 rotated samples;200ms warmup;resident low inputs;f32 outputs;reused programs;separate unprofiled host+readback and GPU shared-pass timings;independent f64 reference and every result buffer checked after timing;epsilon=0.125
case=small dtype=F16 rows=32 cols=33 axis=1 transpose=false input_numel=1056 removed_f32_input_bytes=4224
small_F16_Softmax cast_f32 host median_ms=0.113958 p90_ms=0.121416 samples_ms=[0.112416, 0.110667, 0.1085, 0.120042, 0.117625, 0.12300000000000001, 0.12075, 0.110084, 0.114, 0.109083, 0.110209, 0.109333, 0.114834, 0.107125, 0.110667, 0.116416, 0.119125, 0.12141600000000001, 0.120708, 0.109125, 0.11508399999999999, 0.113125, 0.111166, 0.108792, 0.118667, 0.118834, 0.12645800000000001, 0.109625, 0.11395799999999999, 0.11124999999999999, 0.12625]
small_F16_Softmax cast_f32 gpu median_ms=0.011750 p90_ms=0.011875 samples_ms=[0.011583, 0.011791, 0.011625, 0.011959, 0.011583, 0.011875, 0.011667, 0.011916, 0.01175, 0.01175, 0.011709, 0.011833, 0.011625, 0.011792, 0.011834, 0.011875, 0.011625, 0.011875, 0.011625, 0.011792, 0.011583, 0.011584, 0.011708, 0.011875, 0.011625, 0.01175, 0.011583, 0.011875, 0.011792, 0.011875, 0.011666]
small_F16_Softmax direct_low host median_ms=0.112083 p90_ms=0.117125 samples_ms=[0.11075, 0.112875, 0.120375, 0.108, 0.11375, 0.110708, 0.121458, 0.11458299999999999, 0.108292, 0.116834, 0.11124999999999999, 0.111542, 0.11366699999999999, 0.109333, 0.11545899999999999, 0.11479199999999999, 0.112958, 0.11220799999999999, 0.117125, 0.10925, 0.11820900000000001, 0.108458, 0.108083, 0.111667, 0.112584, 0.103834, 0.112083, 0.10725, 0.109542, 0.11012499999999999, 0.11412499999999999]
small_F16_Softmax direct_low gpu median_ms=0.009667 p90_ms=0.009750 samples_ms=[0.00975, 0.009625, 0.009708, 0.009709, 0.00975, 0.009791, 0.0095, 0.00975, 0.009625, 0.009583, 0.009625, 0.009709, 0.009542, 0.009625, 0.009583, 0.009667, 0.00975, 0.009667, 0.009709, 0.009583, 0.009625, 0.009709, 0.009708, 0.009583, 0.009458, 0.009667, 0.009542, 0.009667, 0.00975, 0.009625, 0.009666]
small_F16_LogSoftmax cast_f32 host median_ms=0.113875 p90_ms=0.125125 samples_ms=[0.109458, 0.118584, 0.117709, 0.113292, 0.110709, 0.125125, 0.118125, 0.118333, 0.114417, 0.119375, 0.11758300000000001, 0.11124999999999999, 0.11625, 0.110041, 0.110583, 0.110791, 0.112792, 0.112459, 0.113875, 0.131958, 0.111375, 0.115625, 0.121708, 0.127833, 0.131417, 0.110875, 0.11237499999999999, 0.116166, 0.110375, 0.10804200000000001, 0.113208]
small_F16_LogSoftmax cast_f32 gpu median_ms=0.011666 p90_ms=0.011750 samples_ms=[0.011667, 0.011625, 0.011542, 0.011625, 0.011667, 0.011666, 0.01175, 0.011583, 0.011625, 0.011667, 0.01175, 0.011583, 0.011708, 0.011542, 0.011709, 0.011667, 0.011584, 0.011667, 0.011833, 0.011584, 0.01175, 0.011666, 0.011542, 0.01175, 0.011625, 0.01175, 0.011666, 0.011666, 0.011584, 0.011625, 0.011583]
small_F16_LogSoftmax direct_low host median_ms=0.114667 p90_ms=0.120041 samples_ms=[0.11770800000000001, 0.11558299999999999, 0.11124999999999999, 0.11025, 0.12425000000000001, 0.120417, 0.106708, 0.118125, 0.107958, 0.120041, 0.1185, 0.110167, 0.111375, 0.107625, 0.107625, 0.117083, 0.106708, 0.11458299999999999, 0.113709, 0.115666, 0.114667, 0.19616699999999998, 0.113083, 0.118917, 0.115041, 0.111958, 0.11283299999999999, 0.11699999999999999, 0.11649999999999999, 0.111042, 0.11591699999999999]
small_F16_LogSoftmax direct_low gpu median_ms=0.009625 p90_ms=0.009750 samples_ms=[0.009709, 0.009708, 0.00975, 0.009583, 0.009583, 0.009542, 0.00975, 0.009625, 0.009625, 0.00975, 0.009625, 0.009542, 0.009667, 0.009667, 0.009542, 0.009584, 0.0095, 0.009625, 0.009583, 0.009458, 0.009708, 0.009542, 0.009709, 0.009584, 0.009583, 0.009667, 0.009541, 0.009791, 0.009542, 0.00975, 0.009417]
small_F16_LogSumExp cast_f32 host median_ms=0.163250 p90_ms=0.177666 samples_ms=[0.16474999999999998, 0.1615, 0.158833, 0.161084, 0.166584, 0.160292, 0.165875, 0.167417, 0.167541, 0.167792, 0.157833, 0.153666, 0.163459, 0.160834, 0.16104100000000002, 0.27829200000000004, 0.156375, 0.175792, 0.173333, 0.177666, 0.178334, 0.161, 0.175542, 0.158208, 0.16325, 0.166542, 0.17979199999999998, 0.15920800000000002, 0.160792, 0.156167, 0.157583]
small_F16_LogSumExp cast_f32 gpu median_ms=0.044250 p90_ms=0.046334 samples_ms=[0.044375, 0.044083, 0.044125, 0.043792, 0.044291, 0.043917, 0.044292, 0.044167, 0.044375, 0.044375, 0.044375, 0.04425, 0.044458, 0.04425, 0.04475, 0.043916, 0.043875, 0.046375, 0.04625, 0.046334, 0.046833, 0.044708, 0.046666, 0.045708, 0.044041, 0.044167, 0.044208, 0.044125, 0.044167, 0.04375, 0.043583]
small_F16_LogSumExp direct_low host median_ms=0.152375 p90_ms=0.166292 samples_ms=[0.14858300000000002, 0.142917, 0.15287499999999998, 0.152375, 0.158584, 0.158333, 0.156541, 0.153333, 0.153959, 0.151125, 0.15254099999999998, 0.146625, 0.153416, 0.145917, 0.145375, 0.14650000000000002, 0.147417, 0.16916699999999998, 0.17108299999999999, 0.163125, 0.16629200000000002, 0.15070799999999998, 0.14891700000000002, 0.148125, 0.270708, 0.164166, 0.14737499999999998, 0.151084, 0.152584, 0.147125, 0.1515]
small_F16_LogSumExp direct_low gpu median_ms=0.036458 p90_ms=0.036709 samples_ms=[0.036334, 0.036625, 0.036833, 0.036583, 0.036542, 0.036333, 0.037042, 0.036541, 0.036667, 0.0365, 0.036667, 0.036333, 0.036416, 0.036458, 0.036667, 0.036458, 0.036625, 0.036417, 0.038125, 0.036458, 0.036709, 0.036416, 0.036416, 0.036375, 0.036291, 0.036458, 0.036333, 0.036458, 0.036333, 0.036292, 0.03625]
small_F16_Moments cast_f32 host median_ms=0.161541 p90_ms=0.171916 samples_ms=[0.161875, 0.163084, 0.16033399999999998, 0.162958, 0.163334, 0.158291, 0.16145800000000002, 0.1585, 0.162083, 0.15937500000000002, 0.253209, 0.158666, 0.160583, 0.1585, 0.160292, 0.155625, 0.159625, 0.158875, 0.15975, 0.163375, 0.16712500000000002, 0.161667, 0.163208, 0.177, 0.16162500000000002, 0.16241699999999998, 0.171916, 0.161541, 0.281333, 0.15675, 0.160667]
small_F16_Moments cast_f32 gpu median_ms=0.049917 p90_ms=0.050208 samples_ms=[0.049625, 0.049666, 0.049875, 0.04975, 0.049916, 0.050125, 0.050167, 0.05, 0.050334, 0.050042, 0.050208, 0.049917, 0.049708, 0.050042, 0.050125, 0.049708, 0.049917, 0.049625, 0.049875, 0.049875, 0.050125, 0.049667, 0.049583, 0.050333, 0.05, 0.050209, 0.049916, 0.049834, 0.050125, 0.050208, 0.050125]
small_F16_Moments direct_low host median_ms=0.153458 p90_ms=0.158875 samples_ms=[0.157, 0.15604200000000001, 0.155875, 0.14975, 0.15620799999999999, 0.15925, 0.1555, 0.15312499999999998, 0.153375, 0.156709, 0.153458, 0.158875, 0.152416, 0.160917, 0.155, 0.150042, 0.149667, 0.15554199999999999, 0.15100000000000002, 0.152542, 0.152667, 0.153833, 0.147584, 0.15345899999999998, 0.153541, 0.152084, 0.159209, 0.1525, 0.151166, 0.149125, 0.151125]
small_F16_Moments direct_low gpu median_ms=0.043375 p90_ms=0.043583 samples_ms=[0.043208, 0.043459, 0.043167, 0.0435, 0.043375, 0.043333, 0.043417, 0.043541, 0.043333, 0.043583, 0.043167, 0.043459, 0.043458, 0.0435, 0.04275, 0.043583, 0.043291, 0.043166, 0.043292, 0.043584, 0.043542, 0.043416, 0.04325, 0.043625, 0.043208, 0.043333, 0.043708, 0.043208, 0.04325, 0.0435, 0.043]
small_F16_LayerNorm cast_f32 host median_ms=0.110167 p90_ms=0.113959 samples_ms=[0.11225, 0.108041, 0.109458, 0.110042, 0.109917, 0.1085, 0.109292, 0.11266599999999999, 0.114584, 0.111084, 0.109792, 0.113292, 0.108334, 0.10725, 0.108375, 0.110541, 0.108958, 0.108416, 0.113459, 0.113125, 0.11474999999999999, 0.111125, 0.112417, 0.11395899999999999, 0.110833, 0.110167, 0.109916, 0.116, 0.10875, 0.108167, 0.11025]
small_F16_LayerNorm cast_f32 gpu median_ms=0.013334 p90_ms=0.013625 samples_ms=[0.013167, 0.013542, 0.013125, 0.013042, 0.013375, 0.013709, 0.013333, 0.013417, 0.013208, 0.013375, 0.013083, 0.013625, 0.01325, 0.013417, 0.013208, 0.013542, 0.013209, 0.013667, 0.013334, 0.013458, 0.0135, 0.013334, 0.013208, 0.013167, 0.013083, 0.013375, 0.013333, 0.013334, 0.013125, 0.013708, 0.013292]
small_F16_LayerNorm direct_low host median_ms=0.109458 p90_ms=0.113750 samples_ms=[0.10754100000000001, 0.11375, 0.11045899999999999, 0.10575, 0.109458, 0.10787500000000001, 0.111958, 0.105833, 0.113458, 0.11375, 0.110375, 0.109541, 0.108958, 0.11395799999999999, 0.10975, 0.107375, 0.105833, 0.106375, 0.156375, 0.108917, 0.10925, 0.109667, 0.11175, 0.108417, 0.10804200000000001, 0.109375, 0.11175, 0.10825, 0.109041, 0.109875, 0.110709]
small_F16_LayerNorm direct_low gpu median_ms=0.011250 p90_ms=0.011375 samples_ms=[0.011208, 0.011209, 0.011375, 0.011291, 0.011083, 0.011292, 0.011375, 0.011125, 0.01125, 0.011292, 0.01125, 0.011292, 0.011209, 0.011208, 0.011334, 0.011208, 0.01125, 0.011292, 0.011125, 0.011292, 0.011166, 0.01125, 0.011583, 0.01125, 0.011167, 0.011333, 0.011167, 0.011375, 0.011583, 0.011333, 0.011167]
case=small dtype=Bf16 rows=32 cols=33 axis=1 transpose=false input_numel=1056 removed_f32_input_bytes=4224
small_Bf16_Softmax cast_f32 host median_ms=0.108458 p90_ms=0.112625 samples_ms=[0.10770800000000001, 0.108625, 0.112291, 0.10925, 0.108458, 0.111458, 0.107917, 0.107458, 0.108458, 0.11029199999999999, 0.10925, 0.107917, 0.109709, 0.10825, 0.109583, 0.109458, 0.112625, 0.107709, 0.107666, 0.107333, 0.108084, 0.107459, 0.107792, 0.114167, 0.109416, 0.1145, 0.11316699999999999, 0.107959, 0.108458, 0.108667, 0.108416]
small_Bf16_Softmax cast_f32 gpu median_ms=0.011709 p90_ms=0.011958 samples_ms=[0.011709, 0.011708, 0.011709, 0.011833, 0.011833, 0.012042, 0.011958, 0.011667, 0.011666, 0.011833, 0.011916, 0.011791, 0.011583, 0.012, 0.011791, 0.011667, 0.011709, 0.011709, 0.011625, 0.011667, 0.01175, 0.011834, 0.011583, 0.011708, 0.011458, 0.011833, 0.01175, 0.011875, 0.011542, 0.011583, 0.011959]
small_Bf16_Softmax direct_low host median_ms=0.107708 p90_ms=0.110250 samples_ms=[0.106667, 0.107167, 0.1105, 0.107542, 0.107542, 0.106792, 0.106667, 0.1065, 0.107834, 0.108917, 0.109417, 0.107209, 0.11012499999999999, 0.107542, 0.109709, 0.107292, 0.108125, 0.107667, 0.107291, 0.108084, 0.10770800000000001, 0.107292, 0.107291, 0.108542, 0.110583, 0.108333, 0.109458, 0.11025, 0.10675000000000001, 0.109042, 0.112625]
small_Bf16_Softmax direct_low gpu median_ms=0.009625 p90_ms=0.009750 samples_ms=[0.009709, 0.009542, 0.009708, 0.009708, 0.009625, 0.01, 0.0095, 0.009583, 0.009542, 0.009583, 0.009666, 0.009583, 0.009708, 0.009833, 0.009708, 0.009583, 0.009583, 0.009583, 0.009584, 0.00975, 0.009583, 0.009583, 0.009417, 0.009667, 0.009709, 0.009458, 0.009708, 0.009625, 0.009709, 0.009459, 0.009791]
small_Bf16_LogSoftmax cast_f32 host median_ms=0.127667 p90_ms=0.132584 samples_ms=[0.11524999999999999, 0.128833, 0.12387499999999999, 0.12208299999999998, 0.117833, 0.129584, 0.12025, 0.13175, 0.127667, 0.121709, 0.1215, 0.127625, 0.13258399999999998, 0.13333299999999998, 0.12462500000000001, 0.137708, 0.132833, 0.122292, 0.12308299999999998, 0.12000000000000001, 0.120209, 0.1235, 0.117958, 0.13137500000000002, 0.13012500000000002, 0.130584, 0.13037500000000002, 0.131042, 0.13075, 0.131083, 0.130833]
small_Bf16_LogSoftmax cast_f32 gpu median_ms=0.012708 p90_ms=0.013125 samples_ms=[0.012708, 0.012708, 0.012709, 0.011708, 0.013083, 0.012, 0.012166, 0.012125, 0.01325, 0.012041, 0.0125, 0.012042, 0.013125, 0.01275, 0.012167, 0.011875, 0.013125, 0.012916, 0.012291, 0.011834, 0.012917, 0.012042, 0.013042, 0.011875, 0.013, 0.012125, 0.013125, 0.013083, 0.013208, 0.013, 0.013292]
small_Bf16_LogSoftmax direct_low host median_ms=0.128875 p90_ms=0.135959 samples_ms=[0.117541, 0.11975, 0.134125, 0.12320899999999999, 0.129583, 0.119417, 0.13125, 0.133375, 0.137625, 0.119917, 0.12625, 0.136625, 0.26687500000000003, 0.132166, 0.13395900000000002, 0.134542, 0.13045900000000002, 0.12520799999999999, 0.124084, 0.12241699999999998, 0.119708, 0.11787500000000001, 0.11933400000000001, 0.116292, 0.125542, 0.119375, 0.133917, 0.128875, 0.135959, 0.131791, 0.12983299999999998]
small_Bf16_LogSoftmax direct_low gpu median_ms=0.010208 p90_ms=0.010459 samples_ms=[0.009708, 0.009417, 0.01025, 0.009833, 0.009833, 0.009916, 0.010209, 0.010291, 0.010208, 0.009916, 0.010125, 0.009875, 0.010167, 0.0105, 0.010208, 0.010375, 0.010208, 0.010041, 0.010458, 0.010334, 0.010417, 0.0105, 0.009667, 0.009667, 0.009708, 0.009958, 0.010209, 0.0095, 0.010209, 0.010625, 0.010459]
small_Bf16_LogSumExp cast_f32 host median_ms=0.123959 p90_ms=0.126542 samples_ms=[0.114791, 0.109792, 0.111833, 0.122333, 0.12875, 0.125292, 0.122333, 0.124542, 0.12395900000000001, 0.116792, 0.116792, 0.12429100000000001, 0.114209, 0.12625, 0.1265, 0.125125, 0.12774999999999997, 0.12479200000000001, 0.12429100000000001, 0.119875, 0.126542, 0.12999999999999998, 0.12445800000000001, 0.109958, 0.107459, 0.110875, 0.114333, 0.125292, 0.12125000000000001, 0.112708, 0.12462500000000001]
small_Bf16_LogSumExp cast_f32 gpu median_ms=0.011875 p90_ms=0.012750 samples_ms=[0.011458, 0.01175, 0.011667, 0.01175, 0.012625, 0.011833, 0.011958, 0.012541, 0.01275, 0.011875, 0.011833, 0.012125, 0.011916, 0.011625, 0.012959, 0.01175, 0.011958, 0.011834, 0.012916, 0.012792, 0.012, 0.011958, 0.012042, 0.012167, 0.011833, 0.01175, 0.011834, 0.011541, 0.011875, 0.011791, 0.011708]
small_Bf16_LogSumExp direct_low host median_ms=0.116333 p90_ms=0.126667 samples_ms=[0.11875, 0.110791, 0.1105, 0.109375, 0.124833, 0.126667, 0.12741599999999997, 0.121791, 0.124292, 0.112584, 0.116333, 0.1255, 0.113084, 0.111708, 0.127, 0.11220799999999999, 0.12487500000000001, 0.113375, 0.12579200000000001, 0.12495799999999999, 0.12375, 0.125125, 0.118917, 0.11524999999999999, 0.112084, 0.113292, 0.109209, 0.109458, 0.131667, 0.116125, 0.110625]
small_Bf16_LogSumExp direct_low gpu median_ms=0.009667 p90_ms=0.009959 samples_ms=[0.009625, 0.009458, 0.009583, 0.009417, 0.010083, 0.009834, 0.009959, 0.009875, 0.01, 0.009709, 0.0095, 0.009667, 0.009667, 0.009625, 0.009583, 0.009625, 0.009958, 0.009791, 0.01, 0.009875, 0.009708, 0.009917, 0.009917, 0.009875, 0.009584, 0.0095, 0.009459, 0.009541, 0.009459, 0.009334, 0.009458]
small_Bf16_Moments cast_f32 host median_ms=0.124041 p90_ms=0.133833 samples_ms=[0.127208, 0.11175, 0.11141699999999999, 0.131083, 0.131417, 0.12316700000000001, 0.134958, 0.132791, 0.132709, 0.121292, 0.137708, 0.135084, 0.13362500000000002, 0.133833, 0.122917, 0.125333, 0.13020800000000002, 0.12575, 0.111834, 0.124041, 0.115625, 0.112292, 0.11574999999999999, 0.120708, 0.11545899999999999, 0.113833, 0.11837500000000001, 0.13154200000000002, 0.126166, 0.12387499999999999, 0.11729200000000001]
small_Bf16_Moments cast_f32 gpu median_ms=0.013542 p90_ms=0.014333 samples_ms=[0.013792, 0.013292, 0.013583, 0.013541, 0.01425, 0.014542, 0.013916, 0.014542, 0.014167, 0.0145, 0.014084, 0.0135, 0.014333, 0.013333, 0.013542, 0.014125, 0.013583, 0.013583, 0.012875, 0.013542, 0.013125, 0.013541, 0.012833, 0.013167, 0.013292, 0.013417, 0.012958, 0.014208, 0.013583, 0.013417, 0.013042]
small_Bf16_Moments direct_low host median_ms=0.118292 p90_ms=0.132250 samples_ms=[0.115916, 0.111958, 0.1305, 0.128208, 0.128416, 0.126625, 0.119291, 0.133916, 0.133833, 0.128667, 0.13224999999999998, 0.118292, 0.266208, 0.115709, 0.125125, 0.12216700000000001, 0.125709, 0.11654099999999999, 0.116333, 0.112792, 0.11625, 0.114667, 0.115542, 0.112334, 0.11775000000000001, 0.114958, 0.115208, 0.12387499999999999, 0.12575, 0.11508299999999999, 0.118]
small_Bf16_Moments direct_low gpu median_ms=0.011500 p90_ms=0.012000 samples_ms=[0.011333, 0.01125, 0.011375, 0.011625, 0.011916, 0.012167, 0.011833, 0.011833, 0.012, 0.01225, 0.012042, 0.012, 0.011542, 0.011584, 0.011542, 0.011375, 0.011709, 0.011459, 0.011334, 0.01125, 0.0115, 0.011458, 0.011333, 0.01125, 0.011333, 0.0115, 0.01125, 0.01125, 0.011959, 0.011333, 0.011292]
small_Bf16_LayerNorm cast_f32 host median_ms=0.123250 p90_ms=0.131042 samples_ms=[0.111875, 0.109834, 0.110208, 0.108458, 0.105875, 0.109167, 0.106875, 0.109708, 0.109042, 0.12774999999999997, 0.131042, 0.120042, 0.12725, 0.128291, 0.115958, 0.13475, 0.121542, 0.13466699999999998, 0.13224999999999998, 0.128375, 0.128542, 0.129, 0.128916, 0.12454100000000001, 0.11683299999999999, 0.126, 0.122125, 0.12324999999999998, 0.12479099999999999, 0.12324999999999998, 0.12254200000000001]
small_Bf16_LayerNorm cast_f32 gpu median_ms=0.013583 p90_ms=0.014334 samples_ms=[0.0135, 0.0135, 0.013333, 0.01325, 0.013417, 0.013458, 0.013125, 0.0135, 0.013458, 0.014333, 0.014292, 0.014333, 0.01425, 0.013375, 0.013583, 0.014334, 0.013292, 0.013667, 0.013375, 0.014292, 0.013542, 0.014833, 0.014334, 0.0145, 0.014625, 0.013458, 0.013875, 0.01375, 0.013292, 0.013667, 0.013875]
small_Bf16_LayerNorm direct_low host median_ms=0.119334 p90_ms=0.132542 samples_ms=[0.10770800000000001, 0.111042, 0.104625, 0.1105, 0.108167, 0.10770800000000001, 0.105375, 0.106833, 0.10883300000000001, 0.132708, 0.127333, 0.129, 0.11695900000000001, 0.11683299999999999, 0.235083, 0.131625, 0.132542, 0.13362500000000002, 0.126917, 0.125542, 0.116, 0.127083, 0.118417, 0.127417, 0.13037500000000002, 0.127125, 0.12283300000000001, 0.123583, 0.11933400000000001, 0.109875, 0.116583]
small_Bf16_LayerNorm direct_low gpu median_ms=0.011458 p90_ms=0.011875 samples_ms=[0.011458, 0.011333, 0.011416, 0.011416, 0.011709, 0.011625, 0.011625, 0.011625, 0.01125, 0.011417, 0.012, 0.011708, 0.011333, 0.011625, 0.011417, 0.011375, 0.011041, 0.011334, 0.011667, 0.011709, 0.011458, 0.011875, 0.011875, 0.01225, 0.011417, 0.011708, 0.011375, 0.011458, 0.011, 0.011375, 0.011583]
case=rows dtype=F16 rows=1024 cols=257 axis=1 transpose=false input_numel=263168 removed_f32_input_bytes=1052672
rows_F16_Softmax cast_f32 host median_ms=0.312708 p90_ms=0.320584 samples_ms=[0.301375, 0.314958, 0.315417, 0.31083299999999997, 0.31187499999999996, 0.31366700000000003, 0.320584, 0.29654200000000003, 0.332333, 0.319375, 0.307875, 0.310834, 0.313375, 0.312, 0.298584, 0.311417, 0.312875, 0.311583, 0.32337499999999997, 0.315334, 0.31704200000000005, 0.311458, 0.30683400000000005, 0.312708, 0.306208, 0.318, 0.315375, 0.300625, 0.319417, 0.300292, 0.321667]
rows_F16_Softmax cast_f32 gpu median_ms=0.087083 p90_ms=0.090292 samples_ms=[0.092125, 0.086791, 0.087083, 0.087584, 0.084042, 0.087667, 0.082208, 0.084292, 0.086833, 0.085792, 0.088125, 0.088709, 0.087333, 0.085209, 0.088375, 0.0865, 0.08725, 0.082084, 0.090292, 0.090333, 0.086709, 0.085958, 0.090125, 0.089792, 0.087667, 0.087125, 0.090917, 0.082084, 0.083208, 0.081583, 0.085833]
rows_F16_Softmax direct_low host median_ms=0.302583 p90_ms=0.308833 samples_ms=[0.300292, 0.303375, 0.28870799999999996, 0.30154200000000003, 0.30129100000000003, 0.3045, 0.29554199999999997, 0.29270799999999997, 0.308833, 0.29058300000000004, 0.375667, 0.30354200000000003, 0.30779100000000004, 0.302583, 0.30312500000000003, 0.30762500000000004, 0.304, 0.3015, 0.312125, 0.305334, 0.294875, 0.28575, 0.30737499999999995, 0.308083, 0.304791, 0.309083, 0.300292, 0.301041, 0.301083, 0.29362499999999997, 0.293708]
rows_F16_Softmax direct_low gpu median_ms=0.078708 p90_ms=0.082000 samples_ms=[0.082, 0.078917, 0.072833, 0.077334, 0.084416, 0.078708, 0.07325, 0.078417, 0.08075, 0.0725, 0.080292, 0.079958, 0.079916, 0.073542, 0.079958, 0.072541, 0.080333, 0.076584, 0.082042, 0.074625, 0.0755, 0.073333, 0.079458, 0.072125, 0.077375, 0.074, 0.082625, 0.080834, 0.080708, 0.081667, 0.073041]
rows_F16_LogSoftmax cast_f32 host median_ms=0.313041 p90_ms=0.417041 samples_ms=[0.3185, 0.313208, 0.301834, 0.362042, 0.304042, 0.3115, 0.313917, 0.417041, 0.303, 0.309042, 0.30320800000000003, 0.409291, 0.298458, 0.313041, 0.312958, 0.448959, 0.315583, 0.314333, 0.304416, 0.427333, 0.309542, 0.314417, 0.314209, 0.353458, 0.305166, 0.316083, 0.3125, 0.427208, 0.29912500000000003, 0.31220800000000004, 0.31195799999999996]
rows_F16_LogSoftmax cast_f32 gpu median_ms=0.086166 p90_ms=0.088375 samples_ms=[0.09025, 0.08725, 0.082291, 0.086, 0.087417, 0.087875, 0.081375, 0.088375, 0.082166, 0.087667, 0.089708, 0.086125, 0.081583, 0.0875, 0.088917, 0.082292, 0.086875, 0.084708, 0.084834, 0.085209, 0.084084, 0.086416, 0.087084, 0.08225, 0.087167, 0.085333, 0.085958, 0.08175, 0.087542, 0.087125, 0.086166]
rows_F16_LogSoftmax direct_low host median_ms=0.301625 p90_ms=0.313000 samples_ms=[0.29291700000000004, 0.303875, 0.300084, 0.29029099999999997, 0.319042, 0.289375, 0.296875, 0.32875, 0.309708, 0.305875, 0.303458, 0.28891700000000003, 0.29775, 0.30133299999999996, 0.300667, 0.28774999999999995, 0.292292, 0.291084, 0.31187499999999996, 0.314125, 0.30162500000000003, 0.302666, 0.28591700000000003, 0.31012500000000004, 0.308208, 0.302583, 0.303584, 0.311333, 0.299959, 0.293292, 0.313]
rows_F16_LogSoftmax direct_low gpu median_ms=0.079334 p90_ms=0.081709 samples_ms=[0.074084, 0.08175, 0.076875, 0.081125, 0.082083, 0.079334, 0.07725, 0.0755, 0.076625, 0.080917, 0.080291, 0.076417, 0.081333, 0.080583, 0.081125, 0.07775, 0.080583, 0.082333, 0.073, 0.07625, 0.077625, 0.0775, 0.074334, 0.080792, 0.081709, 0.081417, 0.079958, 0.080792, 0.077875, 0.076125, 0.076083]
rows_F16_LogSumExp cast_f32 host median_ms=0.187000 p90_ms=0.198083 samples_ms=[0.201, 0.19824999999999998, 0.191708, 0.196458, 0.19820800000000002, 0.196042, 0.180333, 0.188583, 0.179834, 0.187, 0.17775000000000002, 0.18325, 0.18170799999999998, 0.184417, 0.195708, 0.192208, 0.1815, 0.19775, 0.179667, 0.19808299999999998, 0.19699999999999998, 0.191042, 0.176917, 0.19775, 0.193125, 0.178292, 0.18175, 0.182, 0.17450000000000002, 0.18375, 0.179834]
rows_F16_LogSumExp cast_f32 gpu median_ms=0.074125 p90_ms=0.076541 samples_ms=[0.071458, 0.069791, 0.074958, 0.076334, 0.076083, 0.075542, 0.072625, 0.069834, 0.072125, 0.076584, 0.072375, 0.076541, 0.072084, 0.07575, 0.0765, 0.076625, 0.075542, 0.076041, 0.07675, 0.076417, 0.072708, 0.075458, 0.069583, 0.076208, 0.069959, 0.07175, 0.073, 0.07, 0.070334, 0.071458, 0.074125]
rows_F16_LogSumExp direct_low host median_ms=0.174292 p90_ms=0.188625 samples_ms=[0.185625, 0.16924999999999998, 0.180417, 0.17466700000000002, 0.18954200000000002, 0.165333, 0.174167, 0.168583, 0.189167, 0.188625, 0.185625, 0.182084, 0.174792, 0.175958, 0.169375, 0.25220899999999996, 0.184917, 0.18425, 0.18637499999999999, 0.173458, 0.18825, 0.170542, 0.170625, 0.165916, 0.174292, 0.17325000000000002, 0.170917, 0.16975, 0.164125, 0.17008299999999998, 0.166792]
rows_F16_LogSumExp direct_low gpu median_ms=0.067583 p90_ms=0.069667 samples_ms=[0.066375, 0.068792, 0.069541, 0.069584, 0.066041, 0.061542, 0.065125, 0.070083, 0.06975, 0.06875, 0.068875, 0.069125, 0.065041, 0.066125, 0.064792, 0.069292, 0.069375, 0.068209, 0.069667, 0.069792, 0.069209, 0.064458, 0.067583, 0.068833, 0.061666, 0.060958, 0.067, 0.061708, 0.06125, 0.064584, 0.064417]
rows_F16_Moments cast_f32 host median_ms=0.229667 p90_ms=0.237166 samples_ms=[0.233417, 0.231458, 0.222958, 0.199917, 0.203042, 0.21295799999999998, 0.210584, 0.22045800000000002, 0.2235, 0.238375, 0.212458, 0.233667, 0.236958, 0.236417, 0.234792, 0.231292, 0.23895899999999998, 0.237166, 0.225208, 0.236666, 0.23083399999999998, 0.22966699999999998, 0.218792, 0.227958, 0.235334, 0.239333, 0.23425, 0.214625, 0.225417, 0.225709, 0.205291]
rows_F16_Moments cast_f32 gpu median_ms=0.101875 p90_ms=0.105458 samples_ms=[0.106042, 0.104792, 0.104708, 0.098333, 0.093791, 0.103292, 0.097916, 0.094875, 0.101875, 0.095708, 0.094334, 0.104917, 0.099917, 0.104708, 0.102875, 0.10425, 0.103916, 0.10625, 0.101208, 0.095, 0.104917, 0.10025, 0.101, 0.0945, 0.107041, 0.095791, 0.105458, 0.105208, 0.10175, 0.1045, 0.099583]
rows_F16_Moments direct_low host median_ms=0.222250 p90_ms=0.229042 samples_ms=[0.227292, 0.22225, 0.221, 0.20575, 0.21366700000000002, 0.306709, 0.21870900000000001, 0.218166, 0.226917, 0.20775000000000002, 0.223833, 0.22320900000000002, 0.231208, 0.218208, 0.228334, 0.225334, 0.226667, 0.22754200000000002, 0.209625, 0.310792, 0.221, 0.21429199999999998, 0.205792, 0.214708, 0.229, 0.22824999999999998, 0.215666, 0.211125, 0.226291, 0.229042, 0.20741600000000002]
rows_F16_Moments direct_low gpu median_ms=0.095625 p90_ms=0.098875 samples_ms=[0.090833, 0.098791, 0.098542, 0.09875, 0.094625, 0.094916, 0.098209, 0.095, 0.094125, 0.09875, 0.090917, 0.089583, 0.095833, 0.098208, 0.099833, 0.095167, 0.098167, 0.098875, 0.093833, 0.098166, 0.097917, 0.090375, 0.095625, 0.090458, 0.104166, 0.093375, 0.09225, 0.09875, 0.091334, 0.0995, 0.090375]
rows_F16_LayerNorm cast_f32 host median_ms=0.332500 p90_ms=0.346375 samples_ms=[0.32, 0.343041, 0.336459, 0.339917, 0.341291, 0.32925, 0.34862499999999996, 0.343833, 0.338459, 0.331875, 0.346375, 0.323583, 0.321, 0.3325, 0.341417, 0.3365, 0.335208, 0.324458, 0.322334, 0.33137500000000003, 0.332084, 0.32620899999999997, 0.453833, 0.33804100000000004, 0.322458, 0.3235, 0.34291699999999997, 0.32887500000000003, 0.320834, 0.328, 0.360333]
rows_F16_LayerNorm cast_f32 gpu median_ms=0.111042 p90_ms=0.114375 samples_ms=[0.111042, 0.115458, 0.114958, 0.107375, 0.113542, 0.114375, 0.113291, 0.10725, 0.115292, 0.107166, 0.113958, 0.112042, 0.112666, 0.105292, 0.114125, 0.105208, 0.114292, 0.10575, 0.113, 0.106208, 0.112, 0.106917, 0.109708, 0.111708, 0.111042, 0.104959, 0.105334, 0.109708, 0.108166, 0.105959, 0.107833]
rows_F16_LayerNorm direct_low host median_ms=0.329625 p90_ms=0.341250 samples_ms=[0.32795799999999997, 0.34041699999999997, 0.335208, 0.332417, 0.33183300000000004, 0.335833, 0.317166, 0.355666, 0.320125, 0.33641699999999997, 0.397375, 0.33766599999999997, 0.325625, 0.339, 0.337209, 0.336708, 0.34125, 0.317625, 0.327542, 0.32225, 0.319125, 0.32375, 0.323208, 0.3285, 0.329625, 0.316833, 0.324208, 0.31670899999999996, 0.330791, 0.314833, 0.351625]
rows_F16_LayerNorm direct_low gpu median_ms=0.109000 p90_ms=0.112709 samples_ms=[0.109, 0.109459, 0.111625, 0.109917, 0.108125, 0.115375, 0.10875, 0.109167, 0.108166, 0.107208, 0.110416, 0.114792, 0.107833, 0.109875, 0.112292, 0.110041, 0.113209, 0.102417, 0.110875, 0.11125, 0.110208, 0.100417, 0.10675, 0.112709, 0.099917, 0.104083, 0.102667, 0.106291, 0.101167, 0.103667, 0.100584]
case=rows dtype=Bf16 rows=1024 cols=257 axis=1 transpose=false input_numel=263168 removed_f32_input_bytes=1052672
rows_Bf16_Softmax cast_f32 host median_ms=0.315834 p90_ms=0.387250 samples_ms=[0.395125, 0.311042, 0.317541, 0.402625, 0.308625, 0.302166, 0.316125, 0.319334, 0.31629199999999996, 0.311333, 0.315708, 0.311667, 0.31745900000000005, 0.317834, 0.311125, 0.306541, 0.325666, 0.311042, 0.309667, 0.315834, 0.31395799999999996, 0.30979199999999996, 0.317708, 0.298666, 0.32041699999999995, 0.29725, 0.457625, 0.320125, 0.322583, 0.38725, 0.296875]
rows_Bf16_Softmax cast_f32 gpu median_ms=0.086416 p90_ms=0.087250 samples_ms=[0.08725, 0.0865, 0.085333, 0.087375, 0.081167, 0.085416, 0.08675, 0.089833, 0.08425, 0.08675, 0.083958, 0.083291, 0.08725, 0.086459, 0.082791, 0.0875, 0.086416, 0.086167, 0.083959, 0.081958, 0.086459, 0.086083, 0.0845, 0.08625, 0.0865, 0.083542, 0.086708, 0.086916, 0.087125, 0.086625, 0.082584]
rows_Bf16_Softmax direct_low host median_ms=0.298375 p90_ms=0.304041 samples_ms=[0.29058399999999995, 0.300625, 0.304041, 0.287875, 0.288125, 0.288709, 0.29862500000000003, 0.30025, 0.31012500000000004, 0.300167, 0.292458, 0.29870800000000003, 0.298375, 0.29354199999999997, 0.29308300000000004, 0.298166, 0.303417, 0.30174999999999996, 0.293458, 0.291166, 0.29641599999999996, 0.284375, 0.303334, 0.303166, 0.28645899999999996, 0.30362500000000003, 0.304834, 0.306375, 0.300292, 0.28558300000000003, 0.288042]
rows_Bf16_Softmax direct_low gpu median_ms=0.076833 p90_ms=0.079375 samples_ms=[0.076125, 0.076625, 0.074541, 0.073667, 0.078125, 0.076792, 0.075792, 0.076833, 0.078834, 0.077291, 0.071583, 0.073959, 0.078375, 0.079792, 0.079333, 0.078, 0.071, 0.070166, 0.079458, 0.079375, 0.080917, 0.079, 0.074667, 0.073833, 0.074208, 0.078791, 0.074667, 0.078458, 0.078292, 0.074042, 0.077125]
rows_Bf16_LogSoftmax cast_f32 host median_ms=0.345708 p90_ms=0.360375 samples_ms=[0.34041699999999997, 0.340167, 0.36070800000000003, 0.340208, 0.360375, 0.332542, 0.332083, 0.33016700000000004, 0.436417, 0.359833, 0.35604199999999997, 0.345166, 0.353583, 0.345792, 0.356209, 0.345708, 0.33829200000000004, 0.355792, 0.362375, 0.34441700000000003, 0.3455, 0.34237500000000004, 0.319958, 0.354458, 0.354834, 0.320042, 0.346209, 0.351834, 0.35825, 0.314875, 0.330792]
rows_Bf16_LogSoftmax cast_f32 gpu median_ms=0.086458 p90_ms=0.088250 samples_ms=[0.084042, 0.082167, 0.0825, 0.08175, 0.089458, 0.083334, 0.083375, 0.087375, 0.08675, 0.086458, 0.08825, 0.086, 0.082792, 0.086167, 0.087125, 0.086417, 0.087, 0.08675, 0.084208, 0.086417, 0.087583, 0.083458, 0.083375, 0.085833, 0.087833, 0.087167, 0.087667, 0.088333, 0.0875, 0.086458, 0.089667]
rows_Bf16_LogSoftmax direct_low host median_ms=0.335333 p90_ms=0.345875 samples_ms=[0.492583, 0.345875, 0.30075, 0.330042, 0.327583, 0.308958, 0.31, 0.342667, 0.332917, 0.324125, 0.33325, 0.302667, 0.333708, 0.335791, 0.33475, 0.33995800000000004, 0.31583300000000003, 0.34041699999999997, 0.305125, 0.343417, 0.330459, 0.335333, 0.30925, 0.34391700000000003, 0.343708, 0.339542, 0.48666600000000004, 0.341333, 0.33970799999999995, 0.339041, 0.351916]
rows_Bf16_LogSoftmax direct_low gpu median_ms=0.074333 p90_ms=0.075875 samples_ms=[0.075, 0.076042, 0.0705, 0.075583, 0.073792, 0.072917, 0.073084, 0.07375, 0.075208, 0.08075, 0.072166, 0.070958, 0.074833, 0.075083, 0.071125, 0.074333, 0.073542, 0.073959, 0.071791, 0.075333, 0.075833, 0.075708, 0.074084, 0.074667, 0.071708, 0.075417, 0.070917, 0.075875, 0.080833, 0.075416, 0.07125]
rows_Bf16_LogSumExp cast_f32 host median_ms=0.193750 p90_ms=0.200833 samples_ms=[0.193917, 0.193375, 0.190541, 0.198625, 0.194084, 0.195208, 0.19891599999999998, 0.19725, 0.19591699999999998, 0.178125, 0.180667, 0.199583, 0.201, 0.184625, 0.193167, 0.183666, 0.179584, 0.181625, 0.185, 0.19349999999999998, 0.276291, 0.19375, 0.200833, 0.185458, 0.180792, 0.197541, 0.201, 0.18912500000000002, 0.185875, 0.196208, 0.197958]
rows_Bf16_LogSumExp cast_f32 gpu median_ms=0.074000 p90_ms=0.076958 samples_ms=[0.076958, 0.076458, 0.07, 0.07375, 0.07225, 0.075083, 0.072542, 0.076667, 0.074792, 0.077333, 0.070208, 0.076917, 0.074375, 0.070041, 0.073792, 0.073167, 0.075875, 0.070333, 0.071958, 0.069709, 0.077625, 0.076167, 0.074, 0.074625, 0.073709, 0.073084, 0.075333, 0.0745, 0.072666, 0.072666, 0.078125]
rows_Bf16_LogSumExp direct_low host median_ms=0.176542 p90_ms=0.189750 samples_ms=[0.175958, 0.186916, 0.186667, 0.165959, 0.171667, 0.18637499999999999, 0.18775, 0.186417, 0.177834, 0.170125, 0.169375, 0.18662499999999999, 0.17033299999999998, 0.176916, 0.185792, 0.16908299999999998, 0.17275, 0.168042, 0.175875, 0.168625, 0.192416, 0.170542, 0.176542, 0.191042, 0.1875, 0.175209, 0.17566700000000002, 0.1795, 0.17525000000000002, 0.18975, 0.193917]
rows_Bf16_LogSumExp direct_low gpu median_ms=0.066542 p90_ms=0.067917 samples_ms=[0.067708, 0.066917, 0.062834, 0.062584, 0.067125, 0.067958, 0.066542, 0.066958, 0.066833, 0.066958, 0.062584, 0.058667, 0.05925, 0.059458, 0.063625, 0.06275, 0.067625, 0.067792, 0.066625, 0.064667, 0.06725, 0.062209, 0.068167, 0.060041, 0.064208, 0.067916, 0.060125, 0.067917, 0.064292, 0.066209, 0.06825]
rows_Bf16_Moments cast_f32 host median_ms=0.226583 p90_ms=0.235250 samples_ms=[0.215333, 0.22024999999999997, 0.205334, 0.23, 0.22966699999999998, 0.20841600000000002, 0.213916, 0.23425, 0.23900000000000002, 0.229542, 0.235708, 0.23525, 0.23441700000000001, 0.230625, 0.23691700000000002, 0.210917, 0.2165, 0.226583, 0.21312499999999998, 0.22875, 0.234375, 0.214667, 0.214959, 0.21475, 0.209083, 0.223291, 0.229542, 0.229042, 0.230209, 0.21325, 0.225875]
rows_Bf16_Moments cast_f32 gpu median_ms=0.102375 p90_ms=0.104542 samples_ms=[0.101667, 0.093709, 0.099875, 0.102375, 0.102834, 0.093833, 0.100458, 0.096167, 0.094792, 0.104125, 0.104792, 0.104875, 0.102417, 0.107125, 0.094542, 0.1045, 0.094042, 0.103958, 0.102625, 0.104416, 0.104458, 0.100417, 0.093875, 0.094708, 0.098708, 0.104542, 0.104167, 0.1005, 0.1025, 0.098541, 0.104292]
rows_Bf16_Moments direct_low host median_ms=0.215458 p90_ms=0.224708 samples_ms=[0.218917, 0.203625, 0.219, 0.21962500000000001, 0.215875, 0.20333400000000001, 0.213416, 0.205958, 0.209458, 0.214, 0.204167, 0.219, 0.2215, 0.227834, 0.224708, 0.234792, 0.317166, 0.21545799999999998, 0.212333, 0.22270800000000002, 0.215333, 0.21725, 0.22125, 0.20266699999999999, 0.197583, 0.20925, 0.218166, 0.204708, 0.195417, 0.213792, 0.217958]
rows_Bf16_Moments direct_low gpu median_ms=0.094333 p90_ms=0.095834 samples_ms=[0.094333, 0.093583, 0.086875, 0.094625, 0.094292, 0.087292, 0.095542, 0.092542, 0.087333, 0.092709, 0.087417, 0.087791, 0.095875, 0.08725, 0.095417, 0.086417, 0.094708, 0.095916, 0.095834, 0.094375, 0.095167, 0.096041, 0.095333, 0.092458, 0.094709, 0.093959, 0.094375, 0.0955, 0.087209, 0.09525, 0.093958]
rows_Bf16_LayerNorm cast_f32 host median_ms=0.339958 p90_ms=0.343750 samples_ms=[0.370792, 0.336542, 0.33633399999999997, 0.343666, 0.347125, 0.339916, 0.336541, 0.3415, 0.340833, 0.326834, 0.328625, 0.34058299999999997, 0.341584, 0.341792, 0.338875, 0.327583, 0.32287499999999997, 0.330291, 0.338666, 0.34212499999999996, 0.323125, 0.34375, 0.343959, 0.33858299999999997, 0.342083, 0.340625, 0.342833, 0.32766700000000004, 0.337583, 0.33995800000000004, 0.341083]
rows_Bf16_LayerNorm cast_f32 gpu median_ms=0.111791 p90_ms=0.114125 samples_ms=[0.105375, 0.105583, 0.104333, 0.113417, 0.112791, 0.111791, 0.114208, 0.113417, 0.114666, 0.11075, 0.113959, 0.111708, 0.113583, 0.113291, 0.113541, 0.110333, 0.110417, 0.107833, 0.110875, 0.107709, 0.114125, 0.108375, 0.113375, 0.112875, 0.111416, 0.113208, 0.114083, 0.104875, 0.115292, 0.107417, 0.111375]
rows_Bf16_LayerNorm direct_low host median_ms=0.331959 p90_ms=0.353667 samples_ms=[0.34379099999999996, 0.353167, 0.356291, 0.34216599999999997, 0.353667, 0.344709, 0.326167, 0.336666, 0.312042, 0.330625, 0.328416, 0.33258400000000005, 0.355042, 0.33545800000000003, 0.3275, 0.330417, 0.312541, 0.32545799999999997, 0.328333, 0.3305, 0.448541, 0.326, 0.33383399999999996, 0.32129199999999997, 0.320334, 0.315208, 0.338958, 0.328333, 0.33641699999999997, 0.33625, 0.331959]
rows_Bf16_LayerNorm direct_low gpu median_ms=0.105625 p90_ms=0.108917 samples_ms=[0.097292, 0.098, 0.108834, 0.097917, 0.098417, 0.097417, 0.110292, 0.105625, 0.103292, 0.102625, 0.108917, 0.106375, 0.110208, 0.10625, 0.101, 0.100208, 0.10375, 0.096791, 0.108708, 0.1065, 0.106917, 0.104625, 0.110792, 0.106667, 0.105625, 0.106041, 0.097584, 0.106292, 0.106959, 0.105167, 0.105292]
case=long dtype=F16 rows=1 cols=131077 axis=1 transpose=false input_numel=131077 removed_f32_input_bytes=524308
long_F16_Softmax cast_f32 host median_ms=0.231708 p90_ms=0.236333 samples_ms=[0.22325, 0.22412500000000002, 0.21845900000000001, 0.23633300000000002, 0.23170800000000003, 0.229167, 0.23383299999999999, 0.232542, 0.232125, 0.372375, 0.238459, 0.230791, 0.22616699999999998, 0.233083, 0.22058399999999997, 0.23066699999999998, 0.23608400000000002, 0.2255, 0.23450000000000001, 0.22162500000000002, 0.22279200000000002, 0.23170800000000003, 0.23566700000000002, 0.234083, 0.230875, 0.36745799999999995, 0.233375, 0.233667, 0.23583400000000002, 0.219292, 0.219916]
long_F16_Softmax cast_f32 gpu median_ms=0.056042 p90_ms=0.057417 samples_ms=[0.055792, 0.054875, 0.054708, 0.055166, 0.057292, 0.056709, 0.053917, 0.055833, 0.054375, 0.055042, 0.054208, 0.055041, 0.057042, 0.057417, 0.054667, 0.057416, 0.057417, 0.05675, 0.057167, 0.054542, 0.054084, 0.056125, 0.057542, 0.056042, 0.056583, 0.056375, 0.057458, 0.057, 0.05675, 0.054708, 0.0545]
long_F16_Softmax direct_low host median_ms=0.227625 p90_ms=0.235000 samples_ms=[0.22020800000000001, 0.2175, 0.21845799999999999, 0.22079200000000002, 0.33575, 0.231083, 0.233292, 0.218792, 0.225042, 0.215958, 0.232875, 0.230375, 0.21662499999999998, 0.226083, 0.229916, 0.231292, 0.234625, 0.2275, 0.217958, 0.227625, 0.255959, 0.223666, 0.241875, 0.23191699999999998, 0.229875, 0.222208, 0.22908299999999998, 0.230583, 0.226708, 0.235, 0.218792]
long_F16_Softmax direct_low gpu median_ms=0.057583 p90_ms=0.061416 samples_ms=[0.060583, 0.052917, 0.056417, 0.061, 0.052792, 0.053083, 0.058458, 0.060834, 0.052875, 0.052541, 0.055625, 0.061625, 0.06075, 0.061541, 0.054125, 0.062333, 0.060334, 0.058292, 0.057125, 0.05325, 0.05325, 0.05275, 0.053083, 0.060916, 0.057792, 0.057583, 0.055833, 0.061334, 0.057792, 0.061416, 0.052958]
long_F16_LogSoftmax cast_f32 host median_ms=0.233666 p90_ms=0.239292 samples_ms=[0.22249999999999998, 0.24329199999999998, 0.227125, 0.23274999999999998, 0.238041, 0.239292, 0.233292, 0.231958, 0.236625, 0.236083, 0.226458, 0.23154100000000002, 0.235791, 0.21825, 0.23366599999999998, 0.219666, 0.216, 0.214167, 0.213792, 0.21845900000000001, 0.21954200000000001, 0.23550000000000001, 0.24125000000000002, 0.235708, 0.2335, 0.238292, 0.240291, 0.237541, 0.235167, 0.234083, 0.234166]
long_F16_LogSoftmax cast_f32 gpu median_ms=0.055333 p90_ms=0.056917 samples_ms=[0.0545, 0.054459, 0.05625, 0.056875, 0.05425, 0.055334, 0.056833, 0.054875, 0.054417, 0.054542, 0.056917, 0.054375, 0.055875, 0.054708, 0.055459, 0.055625, 0.055334, 0.055208, 0.055416, 0.054541, 0.05475, 0.054416, 0.056917, 0.057292, 0.057541, 0.054458, 0.055167, 0.055333, 0.056333, 0.056541, 0.05475]
long_F16_LogSoftmax direct_low host median_ms=0.229042 p90_ms=0.241458 samples_ms=[0.21854200000000001, 0.229125, 0.225041, 0.229042, 0.243959, 0.23466599999999999, 0.226875, 0.23566700000000002, 0.238125, 0.242, 0.23458299999999999, 0.23291699999999999, 0.23458400000000001, 0.234291, 0.22162500000000002, 0.224584, 0.21525, 0.218333, 0.210792, 0.21225000000000002, 0.214042, 0.241458, 0.241, 0.22387500000000002, 0.21995900000000002, 0.242042, 0.235125, 0.21895799999999999, 0.235833, 0.2235, 0.217334]
long_F16_LogSoftmax direct_low gpu median_ms=0.057875 p90_ms=0.061000 samples_ms=[0.061292, 0.060416, 0.055625, 0.057084, 0.061125, 0.056959, 0.057959, 0.060459, 0.053, 0.060833, 0.057583, 0.057291, 0.058, 0.056334, 0.05925, 0.059792, 0.060625, 0.055375, 0.052375, 0.052416, 0.052583, 0.052333, 0.061, 0.055375, 0.061042, 0.057875, 0.0575, 0.060959, 0.057917, 0.059458, 0.052709]
long_F16_LogSumExp cast_f32 host median_ms=0.166000 p90_ms=0.179417 samples_ms=[0.15133400000000002, 0.149041, 0.15187499999999998, 0.146167, 0.148625, 0.158625, 0.153583, 0.148792, 0.150083, 0.164458, 0.16175, 0.152542, 0.147, 0.169458, 0.17124999999999999, 0.17966600000000002, 0.171875, 0.17083399999999999, 0.172292, 0.166, 0.165833, 0.176916, 0.167917, 0.159458, 0.17, 0.175041, 0.29479099999999997, 0.179417, 0.181625, 0.177625, 0.176458]
long_F16_LogSumExp cast_f32 gpu median_ms=0.049750 p90_ms=0.051291 samples_ms=[0.0495, 0.049666, 0.049291, 0.049834, 0.049208, 0.049834, 0.04925, 0.049458, 0.049791, 0.049667, 0.049166, 0.049791, 0.049167, 0.04975, 0.0495, 0.04975, 0.048958, 0.049667, 0.049291, 0.050042, 0.049667, 0.05, 0.049375, 0.051291, 0.049833, 0.051083, 0.050917, 0.051667, 0.052583, 0.049875, 0.052458]
long_F16_LogSumExp direct_low host median_ms=0.161709 p90_ms=0.175125 samples_ms=[0.145625, 0.148708, 0.14820799999999998, 0.14595799999999998, 0.15429199999999998, 0.155583, 0.149333, 0.147833, 0.14995899999999998, 0.158917, 0.15125, 0.151958, 0.165041, 0.17550000000000002, 0.16170900000000002, 0.16224999999999998, 0.170709, 0.161666, 0.171125, 0.163458, 0.160042, 0.16449999999999998, 0.167291, 0.17512499999999998, 0.17075, 0.164417, 0.163833, 0.184083, 0.167875, 0.182458, 0.161459]
long_F16_LogSumExp direct_low gpu median_ms=0.048750 p90_ms=0.049333 samples_ms=[0.048542, 0.048708, 0.048625, 0.048458, 0.04875, 0.048917, 0.048958, 0.049167, 0.04875, 0.04875, 0.049042, 0.0485, 0.048833, 0.048541, 0.04875, 0.048375, 0.048792, 0.04825, 0.04925, 0.0485, 0.048917, 0.04875, 0.048792, 0.0485, 0.048833, 0.0485, 0.049333, 0.05825, 0.049083, 0.053791, 0.059]
long_F16_Moments cast_f32 host median_ms=0.196416 p90_ms=0.202166 samples_ms=[0.177959, 0.181291, 0.17675, 0.197125, 0.197541, 0.192791, 0.19249999999999998, 0.196416, 0.181834, 0.205542, 0.20075, 0.199542, 0.197333, 0.199791, 0.1975, 0.181584, 0.178083, 0.188834, 0.19479100000000002, 0.192583, 0.180917, 0.20116599999999998, 0.189333, 0.20024999999999998, 0.18937500000000002, 0.199041, 0.198084, 0.18662499999999999, 0.20216599999999998, 0.20637499999999998, 0.20416600000000001]
long_F16_Moments cast_f32 gpu median_ms=0.068208 p90_ms=0.075250 samples_ms=[0.066583, 0.066125, 0.06675, 0.066333, 0.074792, 0.074583, 0.074708, 0.073666, 0.07525, 0.068208, 0.070208, 0.073875, 0.074708, 0.066125, 0.074667, 0.066625, 0.066875, 0.072875, 0.074458, 0.066584, 0.067375, 0.074666, 0.066708, 0.066167, 0.066625, 0.066459, 0.066667, 0.06675, 0.075583, 0.075541, 0.07525]
long_F16_Moments direct_low host median_ms=0.193291 p90_ms=0.203459 samples_ms=[0.183333, 0.1825, 0.203459, 0.179041, 0.202625, 0.189417, 0.204625, 0.19737500000000002, 0.189708, 0.191834, 0.194166, 0.209917, 0.201833, 0.19320900000000002, 0.18016700000000002, 0.189417, 0.178042, 0.18675, 0.184, 0.190667, 0.193291, 0.194667, 0.201, 0.19216599999999998, 0.20174999999999998, 0.19858399999999998, 0.20158299999999998, 0.201584, 0.20916700000000002, 0.202959, 0.193084]
long_F16_Moments direct_low gpu median_ms=0.075792 p90_ms=0.079959 samples_ms=[0.06875, 0.068542, 0.076959, 0.079458, 0.079959, 0.079208, 0.076791, 0.072167, 0.074209, 0.071667, 0.069375, 0.069667, 0.080334, 0.076375, 0.068416, 0.071791, 0.07775, 0.079666, 0.071292, 0.068, 0.073792, 0.075792, 0.077, 0.071458, 0.077292, 0.068334, 0.076625, 0.076292, 0.08125, 0.080625, 0.07225]
long_F16_LayerNorm cast_f32 host median_ms=0.248875 p90_ms=0.260083 samples_ms=[0.246458, 0.236666, 0.24983299999999997, 0.257167, 0.236792, 0.26241699999999996, 0.250708, 0.246875, 0.25645799999999996, 0.24075, 0.24191600000000002, 0.24195799999999998, 0.241375, 0.260083, 0.26425, 0.248875, 0.239917, 0.254792, 0.239125, 0.23691700000000002, 0.23970799999999998, 0.257083, 0.259708, 0.243958, 0.255791, 0.31375000000000003, 0.257208, 0.25425, 0.25912500000000005, 0.239667, 0.240125]
long_F16_LayerNorm cast_f32 gpu median_ms=0.078208 p90_ms=0.080333 samples_ms=[0.0725, 0.0715, 0.0735, 0.078208, 0.079875, 0.078834, 0.08, 0.08, 0.072334, 0.071542, 0.070958, 0.07275, 0.072334, 0.070916, 0.08025, 0.07425, 0.070792, 0.080083, 0.080333, 0.071625, 0.07975, 0.079792, 0.08075, 0.079375, 0.079417, 0.072417, 0.080333, 0.07275, 0.079042, 0.072417, 0.080334]
long_F16_LayerNorm direct_low host median_ms=0.256000 p90_ms=0.265791 samples_ms=[0.265791, 0.24725000000000003, 0.265792, 0.253166, 0.26329199999999997, 0.256875, 0.260084, 0.256, 0.243083, 0.24225, 0.24475000000000002, 0.248375, 0.24579199999999998, 0.24516700000000002, 0.263333, 0.296292, 0.237208, 0.239417, 0.253625, 0.243291, 0.40487500000000004, 0.253417, 0.261459, 0.26254099999999997, 0.257417, 0.24295799999999998, 0.2565, 0.263833, 0.257458, 0.261916, 0.24558400000000002]
long_F16_LayerNorm direct_low gpu median_ms=0.081833 p90_ms=0.085542 samples_ms=[0.085292, 0.074292, 0.085833, 0.081833, 0.081708, 0.081875, 0.077375, 0.073834, 0.07925, 0.073667, 0.082709, 0.074208, 0.079958, 0.081334, 0.074041, 0.081875, 0.085542, 0.08525, 0.078375, 0.076416, 0.0805, 0.0815, 0.084625, 0.085542, 0.081708, 0.084875, 0.082041, 0.086209, 0.084834, 0.085208, 0.084209]
case=long dtype=Bf16 rows=1 cols=131077 axis=1 transpose=false input_numel=131077 removed_f32_input_bytes=524308
long_Bf16_Softmax cast_f32 host median_ms=0.232833 p90_ms=0.242000 samples_ms=[0.229958, 0.229958, 0.23566700000000002, 0.22045800000000002, 0.21625, 0.214167, 0.218959, 0.27175, 0.237083, 0.23425, 0.24212499999999998, 0.239791, 0.233875, 0.234833, 0.312459, 0.232833, 0.233709, 0.220042, 0.21579199999999998, 0.2375, 0.242, 0.232, 0.23308399999999999, 0.236125, 0.221375, 0.234375, 0.22975, 0.231916, 0.228833, 0.219, 0.216417]
long_Bf16_Softmax cast_f32 gpu median_ms=0.055416 p90_ms=0.056583 samples_ms=[0.054208, 0.056375, 0.056792, 0.055417, 0.055167, 0.05525, 0.055083, 0.054084, 0.053708, 0.0565, 0.054208, 0.054583, 0.055833, 0.055084, 0.056041, 0.056583, 0.055416, 0.05525, 0.054375, 0.056583, 0.054125, 0.054042, 0.056125, 0.056083, 0.056667, 0.056583, 0.055417, 0.056541, 0.055542, 0.054417, 0.055083]
long_Bf16_Softmax direct_low host median_ms=0.225916 p90_ms=0.234375 samples_ms=[0.22875, 0.225916, 0.218583, 0.274583, 0.217084, 0.213583, 0.21108300000000002, 0.224666, 0.219084, 0.21962500000000001, 0.22770900000000002, 0.23283399999999999, 0.23274999999999998, 0.223458, 0.225375, 0.228208, 0.233709, 0.21070799999999998, 0.22162500000000002, 0.380917, 0.219167, 0.232458, 0.234375, 0.228208, 0.233667, 0.23441700000000001, 0.228208, 0.231208, 0.220917, 0.211541, 0.217583]
long_Bf16_Softmax direct_low gpu median_ms=0.051375 p90_ms=0.056583 samples_ms=[0.05525, 0.050333, 0.050542, 0.050667, 0.050375, 0.050375, 0.054541, 0.050208, 0.050458, 0.050375, 0.054625, 0.05075, 0.05975, 0.05625, 0.050583, 0.051625, 0.05625, 0.050375, 0.050833, 0.051375, 0.050916, 0.054333, 0.056292, 0.055875, 0.05975, 0.056, 0.056583, 0.050292, 0.054292, 0.050292, 0.056667]
long_Bf16_LogSoftmax cast_f32 host median_ms=0.232083 p90_ms=0.236459 samples_ms=[0.234125, 0.232375, 0.23900000000000002, 0.234625, 0.232167, 0.231208, 0.232, 0.22204200000000002, 0.218292, 0.236459, 0.235042, 0.22945800000000002, 0.23166699999999998, 0.218292, 0.21937500000000001, 0.231208, 0.232792, 0.22933299999999998, 0.232083, 0.237958, 0.307209, 0.230625, 0.23383299999999999, 0.231958, 0.234375, 0.23566700000000002, 0.233459, 0.234625, 0.229, 0.221459, 0.229833]
long_Bf16_LogSoftmax cast_f32 gpu median_ms=0.056042 p90_ms=0.056833 samples_ms=[0.056042, 0.056791, 0.054292, 0.056417, 0.056958, 0.056167, 0.056, 0.054333, 0.055208, 0.056167, 0.056542, 0.056209, 0.054417, 0.05475, 0.055167, 0.05375, 0.053833, 0.056583, 0.05625, 0.05475, 0.05675, 0.056833, 0.055583, 0.056917, 0.054708, 0.056792, 0.057375, 0.054958, 0.056375, 0.054791, 0.054666]
long_Bf16_LogSoftmax direct_low host median_ms=0.228667 p90_ms=0.233542 samples_ms=[0.229917, 0.2325, 0.23191699999999998, 0.2275, 0.216459, 0.221834, 0.231292, 0.217292, 0.24212499999999998, 0.233542, 0.23225, 0.226958, 0.216042, 0.214209, 0.219083, 0.223584, 0.22958399999999998, 0.2325, 0.218834, 0.2145, 0.228667, 0.231833, 0.22924999999999998, 0.228958, 0.21475, 0.231584, 0.235167, 0.216875, 0.225458, 0.236625, 0.226375]
long_Bf16_LogSoftmax direct_low gpu median_ms=0.055542 p90_ms=0.059792 samples_ms=[0.059, 0.055792, 0.054875, 0.059792, 0.0595, 0.055834, 0.059542, 0.0505, 0.056125, 0.054333, 0.059417, 0.051459, 0.05, 0.0505, 0.050333, 0.050209, 0.052167, 0.059666, 0.056208, 0.050334, 0.061333, 0.050333, 0.054292, 0.055542, 0.049875, 0.05, 0.061333, 0.05575, 0.060208, 0.056, 0.054041]
long_Bf16_LogSumExp cast_f32 host median_ms=0.170958 p90_ms=0.174500 samples_ms=[0.165625, 0.170958, 0.17149999999999999, 0.172083, 0.17512499999999998, 0.16154200000000002, 0.160584, 0.171833, 0.165292, 0.174125, 0.171291, 0.172292, 0.173292, 0.160125, 0.15795800000000002, 0.156709, 0.253208, 0.158959, 0.156084, 0.164458, 0.15912500000000002, 0.171959, 0.171583, 0.172917, 0.16899999999999998, 0.17149999999999999, 0.17450000000000002, 0.15829200000000002, 0.17466700000000002, 0.16775, 0.153583]
long_Bf16_LogSumExp cast_f32 gpu median_ms=0.049542 p90_ms=0.051541 samples_ms=[0.0515, 0.051458, 0.051125, 0.049458, 0.051666, 0.051541, 0.049166, 0.051083, 0.048833, 0.051583, 0.051167, 0.051042, 0.05075, 0.049833, 0.0495, 0.04875, 0.048792, 0.050041, 0.048709, 0.049083, 0.051375, 0.048709, 0.049417, 0.048833, 0.049542, 0.048791, 0.051542, 0.048958, 0.050917, 0.048833, 0.049333]
long_Bf16_LogSumExp direct_low host median_ms=0.168292 p90_ms=0.177250 samples_ms=[0.178833, 0.151833, 0.174875, 0.173917, 0.16558299999999998, 0.173166, 0.155458, 0.17725, 0.167042, 0.174834, 0.165, 0.173667, 0.174167, 0.163792, 0.152292, 0.156, 0.152583, 0.157333, 0.170375, 0.17241700000000001, 0.168292, 0.154334, 0.170042, 0.178875, 0.15745900000000002, 0.173666, 0.165, 0.17666700000000002, 0.167875, 0.155917, 0.17945799999999998]
long_Bf16_LogSumExp direct_low gpu median_ms=0.052000 p90_ms=0.055584 samples_ms=[0.055, 0.047375, 0.055333, 0.051875, 0.052, 0.055, 0.05025, 0.052, 0.055167, 0.051875, 0.051958, 0.052375, 0.050583, 0.05225, 0.050375, 0.050167, 0.046292, 0.046541, 0.05525, 0.056, 0.047458, 0.046708, 0.058, 0.055584, 0.052166, 0.055083, 0.05, 0.055, 0.05725, 0.050791, 0.051917]
long_Bf16_Moments cast_f32 host median_ms=0.188500 p90_ms=0.202250 samples_ms=[0.18737499999999999, 0.17770899999999998, 0.185916, 0.17737499999999998, 0.176083, 0.195875, 0.199042, 0.176625, 0.19541599999999998, 0.204167, 0.20225, 0.1885, 0.19666599999999998, 0.179459, 0.179125, 0.20008299999999998, 0.195375, 0.202542, 0.205375, 0.183667, 0.18016700000000002, 0.19508399999999998, 0.189625, 0.174458, 0.195, 0.190125, 0.18475, 0.19541599999999998, 0.180583, 0.176875, 0.180792]
long_Bf16_Moments cast_f32 gpu median_ms=0.074291 p90_ms=0.074708 samples_ms=[0.074584, 0.065834, 0.074291, 0.066, 0.066042, 0.074667, 0.067708, 0.074167, 0.074416, 0.075209, 0.074834, 0.074459, 0.0745, 0.065959, 0.066, 0.072166, 0.074416, 0.067083, 0.074708, 0.07475, 0.066959, 0.074417, 0.067208, 0.074334, 0.074334, 0.068167, 0.074459, 0.074416, 0.066666, 0.07425, 0.067083]
long_Bf16_Moments direct_low host median_ms=0.198542 p90_ms=0.209167 samples_ms=[0.31775, 0.17875000000000002, 0.180292, 0.184792, 0.180792, 0.186667, 0.176458, 0.198875, 0.281333, 0.205833, 0.198958, 0.205542, 0.19079200000000002, 0.191083, 0.172458, 0.195333, 0.302834, 0.18825, 0.205459, 0.19775, 0.20916700000000002, 0.206875, 0.18725, 0.20008299999999998, 0.19908299999999998, 0.19854200000000002, 0.199583, 0.20116599999999998, 0.18504099999999998, 0.207042, 0.190417]
long_Bf16_Moments direct_low gpu median_ms=0.074542 p90_ms=0.078833 samples_ms=[0.075625, 0.06475, 0.065625, 0.065417, 0.069041, 0.073166, 0.0755, 0.078708, 0.0795, 0.075708, 0.071584, 0.072459, 0.077875, 0.064959, 0.065917, 0.065625, 0.079, 0.071459, 0.072292, 0.075708, 0.079584, 0.076291, 0.078833, 0.074834, 0.074542, 0.075, 0.078542, 0.071084, 0.06575, 0.074917, 0.070791]
long_Bf16_LayerNorm cast_f32 host median_ms=0.245333 p90_ms=0.261875 samples_ms=[0.237916, 0.255208, 0.260208, 0.24579199999999998, 0.275833, 0.252292, 0.258334, 0.24758400000000003, 0.264167, 0.237834, 0.245416, 0.255334, 0.24091600000000002, 0.242625, 0.239834, 0.236875, 0.235833, 0.24025000000000002, 0.235459, 0.25366700000000003, 0.242167, 0.238917, 0.23725, 0.234792, 0.23775000000000002, 0.259625, 0.261875, 0.267459, 0.25462500000000005, 0.24533299999999997, 0.2385]
long_Bf16_LayerNorm cast_f32 gpu median_ms=0.071791 p90_ms=0.079291 samples_ms=[0.071792, 0.070542, 0.070708, 0.070375, 0.079542, 0.07525, 0.080542, 0.075166, 0.071333, 0.081, 0.071291, 0.071292, 0.078625, 0.070583, 0.071375, 0.072709, 0.072083, 0.072625, 0.078417, 0.070875, 0.070708, 0.071333, 0.070833, 0.070791, 0.071791, 0.072375, 0.079291, 0.079084, 0.071625, 0.071917, 0.071584]
long_Bf16_LayerNorm direct_low host median_ms=0.247083 p90_ms=0.266375 samples_ms=[0.259375, 0.238541, 0.247083, 0.25704200000000005, 0.240125, 0.25404099999999996, 0.268042, 0.25145799999999996, 0.238791, 0.240375, 0.24516700000000002, 0.261334, 0.249292, 0.27045800000000003, 0.250667, 0.23875, 0.24320799999999998, 0.239625, 0.23991600000000002, 0.267666, 0.23866600000000002, 0.238625, 0.231, 0.235542, 0.233042, 0.233458, 0.251542, 0.26425, 0.248875, 0.26637500000000003, 0.248792]
long_Bf16_LayerNorm direct_low gpu median_ms=0.070708 p90_ms=0.082958 samples_ms=[0.083334, 0.079834, 0.069833, 0.070042, 0.075, 0.083292, 0.070042, 0.0835, 0.070458, 0.073709, 0.082792, 0.07475, 0.082958, 0.07875, 0.070459, 0.069917, 0.077792, 0.081375, 0.070083, 0.069667, 0.070291, 0.070708, 0.070333, 0.070625, 0.070541, 0.069958, 0.070709, 0.070166, 0.082875, 0.079834, 0.070458]
case=strided dtype=F16 rows=257 cols=1025 axis=1 transpose=true input_numel=263425 removed_f32_input_bytes=1053700
strided_F16_Softmax cast_f32 host median_ms=0.290541 p90_ms=0.305667 samples_ms=[0.300583, 0.28774999999999995, 0.302333, 0.30495799999999995, 0.28925, 0.294958, 0.309375, 0.305667, 0.30812500000000004, 0.283875, 0.284666, 0.279083, 0.285542, 0.296167, 0.2895, 0.322375, 0.292292, 0.298125, 0.302625, 0.287458, 0.29320799999999997, 0.28350000000000003, 0.286709, 0.280667, 0.290541, 0.29741700000000004, 0.29708300000000004, 0.289792, 0.28533299999999995, 0.28854199999999997, 0.28650000000000003]
strided_F16_Softmax cast_f32 gpu median_ms=0.070375 p90_ms=0.073667 samples_ms=[0.07175, 0.0695, 0.075, 0.070958, 0.070708, 0.068833, 0.071709, 0.071541, 0.070375, 0.073667, 0.069917, 0.074083, 0.074625, 0.072875, 0.070542, 0.065834, 0.07225, 0.070791, 0.069625, 0.068166, 0.065, 0.07175, 0.069042, 0.070542, 0.069083, 0.068083, 0.06425, 0.06525, 0.066041, 0.0685, 0.065375]
strided_F16_Softmax direct_low host median_ms=0.282667 p90_ms=0.290958 samples_ms=[0.27808299999999997, 0.26866599999999996, 0.285125, 0.28237500000000004, 0.28350000000000003, 0.288042, 0.274167, 0.283458, 0.282667, 0.28041699999999997, 0.27095800000000003, 0.291584, 0.28316600000000003, 0.290958, 0.294458, 0.29270799999999997, 0.28650000000000003, 0.289292, 0.28475, 0.28370799999999996, 0.27175, 0.272125, 0.268667, 0.272917, 0.27349999999999997, 0.27191699999999996, 0.28800000000000003, 0.289875, 0.27275, 0.27137500000000003, 0.279459]
strided_F16_Softmax direct_low gpu median_ms=0.058125 p90_ms=0.064958 samples_ms=[0.063583, 0.064625, 0.060125, 0.055375, 0.059708, 0.063167, 0.0635, 0.055042, 0.055417, 0.064958, 0.065125, 0.058666, 0.064292, 0.058125, 0.065208, 0.06425, 0.065791, 0.055, 0.057625, 0.055084, 0.063167, 0.054833, 0.058, 0.055083, 0.063584, 0.055, 0.055166, 0.05475, 0.058, 0.057875, 0.055708]
strided_F16_LogSoftmax cast_f32 host median_ms=0.296833 p90_ms=0.304083 samples_ms=[0.304833, 0.285792, 0.28841700000000003, 0.296834, 0.304416, 0.301958, 0.28370799999999996, 0.29604199999999997, 0.29304199999999997, 0.28725, 0.29683299999999996, 0.299958, 0.301375, 0.2965, 0.29695900000000003, 0.30408300000000005, 0.284292, 0.287667, 0.30124999999999996, 0.307583, 0.30070800000000003, 0.299416, 0.285958, 0.298458, 0.29912500000000003, 0.292833, 0.29266699999999995, 0.28175, 0.288292, 0.29300000000000004, 0.297333]
strided_F16_LogSoftmax cast_f32 gpu median_ms=0.071208 p90_ms=0.074500 samples_ms=[0.071334, 0.0715, 0.067542, 0.065125, 0.074458, 0.07475, 0.071292, 0.071708, 0.067, 0.071042, 0.064708, 0.064709, 0.0745, 0.065292, 0.069959, 0.075041, 0.071958, 0.069417, 0.073792, 0.071875, 0.074916, 0.067917, 0.064417, 0.072708, 0.071041, 0.071833, 0.071208, 0.067291, 0.06825, 0.069291, 0.073917]
strided_F16_LogSoftmax direct_low host median_ms=0.284708 p90_ms=0.291000 samples_ms=[0.292084, 0.283125, 0.277292, 0.27575, 0.28645899999999996, 0.281875, 0.270417, 0.289875, 0.2965, 0.280833, 0.26875, 0.269916, 0.287, 0.267542, 0.285959, 0.28875, 0.28695800000000005, 0.285125, 0.285167, 0.39345800000000003, 0.284416, 0.26837500000000003, 0.287083, 0.290916, 0.282833, 0.283709, 0.29100000000000004, 0.274625, 0.276584, 0.284708, 0.289834]
strided_F16_LogSoftmax direct_low gpu median_ms=0.059917 p90_ms=0.064417 samples_ms=[0.06, 0.06425, 0.055375, 0.055625, 0.057625, 0.060625, 0.060709, 0.055958, 0.055542, 0.059875, 0.055667, 0.061042, 0.064459, 0.063375, 0.0655, 0.059917, 0.055666, 0.064, 0.057292, 0.055708, 0.060167, 0.059542, 0.059916, 0.060209, 0.06, 0.060833, 0.064417, 0.056125, 0.064792, 0.059667, 0.055708]
strided_F16_LogSumExp cast_f32 host median_ms=0.169459 p90_ms=0.183416 samples_ms=[0.18412499999999998, 0.169459, 0.16595800000000002, 0.18100000000000002, 0.182333, 0.169708, 0.16658299999999998, 0.17875000000000002, 0.182541, 0.16504200000000002, 0.178916, 0.162958, 0.182333, 0.169208, 0.162667, 0.160083, 0.187, 0.183416, 0.175917, 0.160291, 0.167667, 0.17441700000000002, 0.178708, 0.168042, 0.185, 0.1615, 0.177083, 0.163209, 0.162, 0.166458, 0.167042]
strided_F16_LogSumExp cast_f32 gpu median_ms=0.059458 p90_ms=0.061083 samples_ms=[0.060708, 0.052958, 0.055375, 0.059792, 0.052542, 0.052958, 0.054625, 0.059875, 0.060792, 0.060584, 0.060875, 0.061375, 0.059959, 0.052583, 0.052875, 0.05675, 0.060167, 0.057625, 0.061334, 0.061625, 0.060916, 0.061083, 0.053375, 0.053, 0.059458, 0.061, 0.0605, 0.052834, 0.058416, 0.059042, 0.053]
strided_F16_LogSumExp direct_low host median_ms=0.163000 p90_ms=0.171709 samples_ms=[0.156292, 0.17049999999999998, 0.17191700000000001, 0.16124999999999998, 0.157917, 0.154625, 0.17108299999999999, 0.163041, 0.169375, 0.175167, 0.169917, 0.161875, 0.170334, 0.153416, 0.158208, 0.155167, 0.16875, 0.163, 0.1735, 0.165625, 0.156916, 0.169042, 0.171709, 0.151625, 0.15029099999999998, 0.169291, 0.168292, 0.152542, 0.151375, 0.15812500000000002, 0.16070900000000002]
strided_F16_LogSumExp direct_low gpu median_ms=0.048000 p90_ms=0.051375 samples_ms=[0.047375, 0.046042, 0.05125, 0.047917, 0.045709, 0.043, 0.051333, 0.043042, 0.04825, 0.048, 0.050833, 0.0515, 0.047583, 0.045583, 0.043791, 0.046292, 0.047792, 0.051709, 0.051583, 0.051084, 0.044917, 0.048125, 0.051208, 0.051084, 0.048375, 0.051375, 0.043458, 0.046417, 0.045792, 0.049625, 0.049459]
strided_F16_Moments cast_f32 host median_ms=0.205208 p90_ms=0.210416 samples_ms=[0.205875, 0.19, 0.185917, 0.206459, 0.20550000000000002, 0.20825, 0.206, 0.206125, 0.297833, 0.18525, 0.201916, 0.206791, 0.203459, 0.189833, 0.1905, 0.34450000000000003, 0.208584, 0.207167, 0.210416, 0.20483400000000002, 0.206708, 0.188833, 0.19375, 0.184167, 0.187625, 0.191916, 0.19245800000000002, 0.2075, 0.205208, 0.18937500000000002, 0.214959]
strided_F16_Moments cast_f32 gpu median_ms=0.079000 p90_ms=0.082000 samples_ms=[0.080208, 0.073541, 0.078792, 0.079333, 0.082, 0.073709, 0.080458, 0.067, 0.079, 0.081166, 0.077791, 0.077333, 0.067875, 0.076083, 0.070875, 0.080583, 0.0825, 0.079125, 0.080583, 0.08, 0.081833, 0.071292, 0.067208, 0.078667, 0.0815, 0.078625, 0.071333, 0.080083, 0.082, 0.073458, 0.082833]
strided_F16_Moments direct_low host median_ms=0.195875 p90_ms=0.199833 samples_ms=[0.19716699999999998, 0.183, 0.199833, 0.18854200000000002, 0.195083, 0.176208, 0.196041, 0.175209, 0.199458, 0.190583, 0.198583, 0.19574999999999998, 0.19716699999999998, 0.194041, 0.175042, 0.201084, 0.197958, 0.196958, 0.195875, 0.196834, 0.200125, 0.184917, 0.176167, 0.20441700000000002, 0.19129100000000002, 0.196667, 0.199292, 0.198333, 0.1865, 0.18545899999999998, 0.195]
strided_F16_Moments direct_low gpu median_ms=0.073917 p90_ms=0.074625 samples_ms=[0.074625, 0.074166, 0.074209, 0.069458, 0.074458, 0.074375, 0.064375, 0.07, 0.070375, 0.075458, 0.074458, 0.069875, 0.074417, 0.074, 0.062041, 0.06175, 0.067875, 0.069917, 0.07425, 0.073958, 0.073917, 0.075958, 0.066959, 0.072, 0.070333, 0.073833, 0.074375, 0.074208, 0.076917, 0.067458, 0.066417]
strided_F16_LayerNorm cast_f32 host median_ms=0.314417 p90_ms=0.322084 samples_ms=[0.317083, 0.292625, 0.32045799999999997, 0.32, 0.30824999999999997, 0.29550000000000004, 0.309375, 0.303167, 0.321958, 0.322084, 0.31125, 0.312583, 0.33599999999999997, 0.314417, 0.321834, 0.317084, 0.3125, 0.297792, 0.314, 0.31866700000000003, 0.30987499999999996, 0.32116700000000004, 0.323833, 0.31275, 0.298417, 0.31637499999999996, 0.319958, 0.31887499999999996, 0.3235, 0.29541700000000004, 0.310917]
strided_F16_LayerNorm cast_f32 gpu median_ms=0.089666 p90_ms=0.093750 samples_ms=[0.092, 0.091958, 0.0885, 0.089416, 0.092292, 0.082, 0.092625, 0.091708, 0.092792, 0.079292, 0.09025, 0.094209, 0.094333, 0.081708, 0.087833, 0.0915, 0.091541, 0.089042, 0.082083, 0.086917, 0.081834, 0.082792, 0.09375, 0.0955, 0.091709, 0.078292, 0.08675, 0.09175, 0.082166, 0.082375, 0.089666]
strided_F16_LayerNorm direct_low host median_ms=0.309375 p90_ms=0.316750 samples_ms=[0.307334, 0.311125, 0.306792, 0.292875, 0.311458, 0.310958, 0.296125, 0.31224999999999997, 0.305083, 0.290292, 0.301834, 0.30162500000000003, 0.313125, 0.29875, 0.31395799999999996, 0.308417, 0.309375, 0.305041, 0.319917, 0.31195799999999996, 0.301417, 0.30354200000000003, 0.308458, 0.31066699999999997, 0.311209, 0.32066700000000004, 0.29275, 0.313334, 0.31675, 0.320292, 0.310958]
strided_F16_LayerNorm direct_low gpu median_ms=0.079459 p90_ms=0.087250 samples_ms=[0.077542, 0.086667, 0.081708, 0.087666, 0.07425, 0.079875, 0.082625, 0.0755, 0.082417, 0.077541, 0.074125, 0.079791, 0.074084, 0.087584, 0.073958, 0.086041, 0.074125, 0.074708, 0.081291, 0.079459, 0.074833, 0.076875, 0.087917, 0.076584, 0.086584, 0.078958, 0.086708, 0.08725, 0.074084, 0.077625, 0.08725]
case=strided dtype=Bf16 rows=257 cols=1025 axis=1 transpose=true input_numel=263425 removed_f32_input_bytes=1053700
strided_Bf16_Softmax cast_f32 host median_ms=0.294666 p90_ms=0.303041 samples_ms=[0.29775, 0.308917, 0.280541, 0.29016699999999995, 0.28854199999999997, 0.285458, 0.283417, 0.292625, 0.303, 0.29520799999999997, 0.297375, 0.27712499999999995, 0.286792, 0.298834, 0.28862499999999996, 0.3025, 0.29654200000000003, 0.294375, 0.278042, 0.293333, 0.285292, 0.29562499999999997, 0.30425, 0.301084, 0.363834, 0.29466600000000004, 0.302708, 0.2895, 0.303041, 0.294417, 0.300709]
strided_Bf16_Softmax cast_f32 gpu median_ms=0.069625 p90_ms=0.074708 samples_ms=[0.065458, 0.065208, 0.064958, 0.068, 0.071458, 0.065667, 0.064791, 0.071875, 0.065084, 0.070333, 0.075167, 0.064458, 0.075208, 0.068792, 0.073459, 0.069625, 0.0735, 0.073666, 0.071459, 0.067625, 0.069834, 0.071583, 0.067708, 0.076917, 0.067417, 0.0745, 0.074708, 0.073667, 0.0695, 0.065417, 0.065084]
strided_Bf16_Softmax direct_low host median_ms=0.275416 p90_ms=0.284750 samples_ms=[0.275416, 0.27883399999999997, 0.27379200000000004, 0.27349999999999997, 0.268916, 0.288167, 0.27795800000000004, 0.276833, 0.391334, 0.270208, 0.269792, 0.28433400000000003, 0.28204199999999996, 0.278667, 0.27358299999999997, 0.28870799999999996, 0.26675, 0.282583, 0.268459, 0.270167, 0.265333, 0.282875, 0.26837500000000003, 0.265417, 0.275167, 0.282791, 0.279292, 0.28475, 0.279334, 0.27108299999999996, 0.27475]
strided_Bf16_Softmax direct_low gpu median_ms=0.056625 p90_ms=0.062500 samples_ms=[0.061958, 0.063667, 0.054084, 0.054375, 0.056875, 0.062625, 0.054333, 0.063417, 0.054209, 0.056625, 0.054208, 0.059916, 0.056333, 0.05425, 0.057333, 0.0625, 0.058791, 0.054417, 0.056083, 0.053792, 0.054042, 0.057167, 0.055584, 0.058833, 0.053542, 0.05825, 0.056625, 0.056583, 0.056792, 0.058875, 0.056875]
strided_Bf16_LogSoftmax cast_f32 host median_ms=0.330083 p90_ms=0.535084 samples_ms=[0.305084, 0.31895799999999996, 0.321916, 0.515, 0.545625, 0.530666, 0.53475, 0.497583, 0.596208, 0.514708, 0.535084, 0.523, 0.541625, 0.33841699999999997, 0.338167, 0.326541, 0.342209, 0.319166, 0.328291, 0.306333, 0.33179200000000003, 0.298666, 0.315334, 0.330083, 0.32249999999999995, 0.322709, 0.31833300000000003, 0.316208, 0.309667, 0.317208, 0.34125]
strided_Bf16_LogSoftmax cast_f32 gpu median_ms=0.071625 p90_ms=0.257042 samples_ms=[0.064458, 0.064916, 0.064917, 0.248375, 0.249292, 0.257917, 0.258292, 0.25275, 0.257, 0.258458, 0.257042, 0.253, 0.253792, 0.250708, 0.071625, 0.072542, 0.070917, 0.071541, 0.072084, 0.0715, 0.065166, 0.068041, 0.065292, 0.071583, 0.070625, 0.070083, 0.072083, 0.065, 0.069166, 0.071791, 0.071333]
strided_Bf16_LogSoftmax direct_low host median_ms=0.323292 p90_ms=0.500250 samples_ms=[0.31220800000000004, 0.3045, 0.677959, 0.48445900000000003, 0.486, 0.48958300000000005, 0.507917, 0.49787500000000007, 0.5002500000000001, 0.49883299999999997, 0.49512500000000004, 0.49950000000000006, 0.500625, 0.49545800000000007, 0.324458, 0.32033300000000003, 0.315458, 0.418292, 0.316875, 0.31429199999999996, 0.286167, 0.319625, 0.32329199999999997, 0.32295799999999997, 0.315, 0.31633300000000003, 0.319791, 0.284708, 0.310875, 0.317417, 0.325708]
strided_Bf16_LogSoftmax direct_low gpu median_ms=0.058958 p90_ms=0.223584 samples_ms=[0.054, 0.054375, 0.198458, 0.215625, 0.214375, 0.213459, 0.223584, 0.222875, 0.225125, 0.225542, 0.216, 0.220166, 0.2275, 0.217375, 0.059083, 0.061292, 0.054417, 0.056375, 0.058958, 0.058917, 0.058459, 0.058084, 0.054292, 0.05825, 0.054667, 0.057625, 0.059291, 0.054292, 0.058083, 0.058416, 0.057959]
strided_Bf16_LogSumExp cast_f32 host median_ms=0.167458 p90_ms=0.184250 samples_ms=[0.188583, 0.166584, 0.168583, 0.167458, 0.18425, 0.179083, 0.16375, 0.174042, 0.164084, 0.18425, 0.182166, 0.180291, 0.180625, 0.173292, 0.18512499999999998, 0.16279200000000002, 0.165833, 0.180041, 0.180583, 0.16075, 0.167667, 0.166875, 0.16275, 0.162, 0.158625, 0.159333, 0.15575, 0.24533299999999997, 0.163208, 0.16262500000000002, 0.162375]
strided_Bf16_LogSumExp cast_f32 gpu median_ms=0.058459 p90_ms=0.060916 samples_ms=[0.060625, 0.060084, 0.058, 0.05975, 0.059583, 0.057875, 0.06, 0.05575, 0.055292, 0.060916, 0.057916, 0.060958, 0.059875, 0.059791, 0.05925, 0.059792, 0.052875, 0.053125, 0.056041, 0.057917, 0.061208, 0.058416, 0.058459, 0.05575, 0.055708, 0.05525, 0.055833, 0.061875, 0.058625, 0.055791, 0.058459]
strided_Bf16_LogSumExp direct_low host median_ms=0.155125 p90_ms=0.169792 samples_ms=[0.169833, 0.169958, 0.169375, 0.168791, 0.167458, 0.147292, 0.169792, 0.14995899999999998, 0.148, 0.16899999999999998, 0.15395799999999998, 0.161833, 0.16262500000000002, 0.16645900000000002, 0.16729200000000002, 0.165875, 0.166834, 0.15100000000000002, 0.205875, 0.158584, 0.151375, 0.15225, 0.154666, 0.149125, 0.15512499999999999, 0.151958, 0.148959, 0.148959, 0.14975, 0.14820799999999998, 0.146083]
strided_Bf16_LogSumExp direct_low gpu median_ms=0.046666 p90_ms=0.050167 samples_ms=[0.04975, 0.049875, 0.04975, 0.052417, 0.049833, 0.052125, 0.048792, 0.0425, 0.049584, 0.044334, 0.041916, 0.045416, 0.050167, 0.049791, 0.046583, 0.052959, 0.046792, 0.04675, 0.046666, 0.046417, 0.049709, 0.050125, 0.041833, 0.042125, 0.041792, 0.044709, 0.04225, 0.044792, 0.044708, 0.042042, 0.041583]
strided_Bf16_Moments cast_f32 host median_ms=0.183041 p90_ms=0.205042 samples_ms=[0.18241700000000002, 0.183833, 0.180333, 0.17829099999999998, 0.187, 0.183833, 0.184792, 0.189917, 0.18016700000000002, 0.17979199999999998, 0.180208, 0.205042, 0.19529200000000002, 0.190209, 0.188667, 0.197583, 0.19858399999999998, 0.176542, 0.172083, 0.25575000000000003, 0.178375, 0.192041, 0.33387500000000003, 0.182583, 0.18000000000000002, 0.173458, 0.176, 0.183041, 0.26295799999999997, 0.178833, 0.179125]
strided_Bf16_Moments cast_f32 gpu median_ms=0.068125 p90_ms=0.075583 samples_ms=[0.077917, 0.067459, 0.072708, 0.067084, 0.067958, 0.072958, 0.070583, 0.074791, 0.072167, 0.067542, 0.06675, 0.067708, 0.078959, 0.067167, 0.075583, 0.079667, 0.073791, 0.068125, 0.067416, 0.069167, 0.067708, 0.067875, 0.066625, 0.067917, 0.068833, 0.068125, 0.067584, 0.068166, 0.067625, 0.067583, 0.069083]
strided_Bf16_Moments direct_low host median_ms=0.174500 p90_ms=0.178542 samples_ms=[0.170709, 0.175167, 0.168917, 0.17733300000000002, 0.178209, 0.174833, 0.166959, 0.176125, 0.17450000000000002, 0.177042, 0.16875, 0.177834, 0.177833, 0.176375, 0.178542, 0.172042, 0.174708, 0.180834, 0.164292, 0.165625, 0.254, 0.159083, 0.17341700000000002, 0.166333, 0.166166, 0.167375, 0.167625, 0.16674999999999998, 0.18450000000000003, 0.176958, 0.16712500000000002]
strided_Bf16_Moments direct_low gpu median_ms=0.060209 p90_ms=0.064209 samples_ms=[0.062167, 0.060167, 0.058792, 0.064209, 0.065208, 0.064542, 0.059416, 0.06025, 0.067875, 0.06, 0.059458, 0.059917, 0.060625, 0.060458, 0.060458, 0.059917, 0.060125, 0.060041, 0.059458, 0.059959, 0.060292, 0.060375, 0.059583, 0.060209, 0.060375, 0.060375, 0.059542, 0.060958, 0.060125, 0.060583, 0.06]
strided_Bf16_LayerNorm cast_f32 host median_ms=0.315042 p90_ms=0.323250 samples_ms=[0.319667, 0.30574999999999997, 0.306541, 0.32041600000000003, 0.311209, 0.319583, 0.299083, 0.315458, 0.315959, 0.31833300000000003, 0.32066700000000004, 0.315625, 0.306708, 0.298458, 0.302167, 0.31887499999999996, 0.31504200000000004, 0.298583, 0.29924999999999996, 0.322375, 0.327917, 0.31725, 0.303917, 0.3085, 0.32325000000000004, 0.3235, 0.323875, 0.308084, 0.297375, 0.304667, 0.29879100000000003]
strided_Bf16_LayerNorm cast_f32 gpu median_ms=0.091333 p90_ms=0.094625 samples_ms=[0.095167, 0.08725, 0.079209, 0.094625, 0.094041, 0.091667, 0.081958, 0.091333, 0.082584, 0.079334, 0.079834, 0.0855, 0.089125, 0.085791, 0.088125, 0.091541, 0.091541, 0.095042, 0.092833, 0.091417, 0.091916, 0.091125, 0.085542, 0.093208, 0.091959, 0.094375, 0.088208, 0.086625, 0.0825, 0.092458, 0.094667]
strided_Bf16_LayerNorm direct_low host median_ms=0.304333 p90_ms=0.310000 samples_ms=[0.288791, 0.304333, 0.302792, 0.305458, 0.309125, 0.30874999999999997, 0.287167, 0.310042, 0.30166600000000005, 0.307084, 0.311208, 0.293667, 0.303042, 0.30604200000000004, 0.30874999999999997, 0.293292, 0.30374999999999996, 0.30583299999999997, 0.30658399999999997, 0.288667, 0.29025, 0.305, 0.30833299999999997, 0.313708, 0.304666, 0.303042, 0.304125, 0.29016699999999995, 0.303292, 0.2925, 0.31]
strided_Bf16_LayerNorm direct_low gpu median_ms=0.080125 p90_ms=0.085083 samples_ms=[0.074625, 0.079875, 0.085, 0.084791, 0.080167, 0.083958, 0.085083, 0.079833, 0.084375, 0.079459, 0.074459, 0.085541, 0.086125, 0.079916, 0.080166, 0.076334, 0.07875, 0.082292, 0.084792, 0.079666, 0.075875, 0.082792, 0.080041, 0.086, 0.07175, 0.079125, 0.079459, 0.077833, 0.080417, 0.082959, 0.080125]
case=nonlast dtype=F16 rows=17 cols=4099 axis=0 transpose=false input_numel=69683 removed_f32_input_bytes=278732
nonlast_F16_Softmax cast_f32 host median_ms=0.237250 p90_ms=0.246458 samples_ms=[0.23258299999999998, 0.233458, 0.241125, 0.34875, 0.235125, 0.238083, 0.23541600000000001, 0.23266699999999998, 0.245083, 0.24754099999999998, 0.240458, 0.245958, 0.24566699999999997, 0.246458, 0.24737499999999998, 0.235833, 0.244583, 0.234625, 0.232166, 0.23466700000000001, 0.23725, 0.234958, 0.235083, 0.236792, 0.236167, 0.242875, 0.23566700000000002, 0.240208, 0.24025000000000002, 0.236042, 0.23741600000000002]
nonlast_F16_Softmax cast_f32 gpu median_ms=0.096625 p90_ms=0.099541 samples_ms=[0.096625, 0.096625, 0.096584, 0.096542, 0.0965, 0.099541, 0.096875, 0.0965, 0.096291, 0.10025, 0.0965, 0.09675, 0.097125, 0.100125, 0.096416, 0.0965, 0.09975, 0.09675, 0.0965, 0.096875, 0.0965, 0.096584, 0.096625, 0.096417, 0.096375, 0.09675, 0.0965, 0.096542, 0.09725, 0.097291, 0.096916]
nonlast_F16_Softmax direct_low host median_ms=0.240209 p90_ms=0.251084 samples_ms=[0.23975, 0.238584, 0.237083, 0.235041, 0.242, 0.23866600000000002, 0.24725000000000003, 0.251084, 0.23725, 0.248792, 0.25254200000000004, 0.24891600000000003, 0.24954099999999999, 0.2505, 0.238291, 0.354042, 0.251917, 0.236958, 0.239042, 0.23708400000000002, 0.238458, 0.24020899999999998, 0.237791, 0.239042, 0.2415, 0.244, 0.236875, 0.241625, 0.23675000000000002, 0.249709, 0.2475]
nonlast_F16_Softmax direct_low gpu median_ms=0.100125 p90_ms=0.100541 samples_ms=[0.100333, 0.100209, 0.100125, 0.099875, 0.100125, 0.099834, 0.099958, 0.100834, 0.100416, 0.10025, 0.10025, 0.100208, 0.100125, 0.099833, 0.100084, 0.100417, 0.100334, 0.10025, 0.099916, 0.100541, 0.100083, 0.099959, 0.099916, 0.100709, 0.100042, 0.1, 0.10025, 0.099917, 0.100083, 0.101, 0.100375]
nonlast_F16_LogSoftmax cast_f32 host median_ms=0.236750 p90_ms=0.242041 samples_ms=[0.23358299999999999, 0.24250000000000002, 0.241875, 0.23987499999999998, 0.233042, 0.238333, 0.23475, 0.23558300000000001, 0.234459, 0.237208, 0.237667, 0.23900000000000002, 0.235584, 0.236875, 0.234958, 0.23516600000000001, 0.245916, 0.242041, 0.233542, 0.233541, 0.23675000000000002, 0.241792, 0.237709, 0.23591700000000002, 0.236042, 0.249792, 0.23933400000000002, 0.235167, 0.230875, 0.240625, 0.231959]
nonlast_F16_LogSoftmax cast_f32 gpu median_ms=0.096625 p90_ms=0.096750 samples_ms=[0.09625, 0.096416, 0.096792, 0.096791, 0.096584, 0.096583, 0.096667, 0.096708, 0.096875, 0.096625, 0.09675, 0.096542, 0.096334, 0.096541, 0.096667, 0.096583, 0.096583, 0.096542, 0.096708, 0.096625, 0.096584, 0.096333, 0.096375, 0.096625, 0.096625, 0.096625, 0.09675, 0.0965, 0.096584, 0.096667, 0.096666]
nonlast_F16_LogSoftmax direct_low host median_ms=0.238833 p90_ms=0.251125 samples_ms=[0.354125, 0.237541, 0.235709, 0.23883300000000002, 0.237333, 0.251125, 0.345, 0.237417, 0.24158400000000002, 0.239458, 0.23800000000000002, 0.243416, 0.233667, 0.236167, 0.24275, 0.237417, 0.2415, 0.23762499999999998, 0.239542, 0.240375, 0.257584, 0.238292, 0.239125, 0.24683300000000002, 0.239958, 0.23725, 0.239375, 0.237584, 0.235209, 0.23466700000000001, 0.23525]
nonlast_F16_LogSoftmax direct_low gpu median_ms=0.100208 p90_ms=0.100375 samples_ms=[0.100125, 0.10025, 0.100042, 0.100292, 0.100083, 0.099875, 0.099958, 0.10025, 0.100167, 0.100125, 0.100083, 0.10025, 0.100167, 0.100208, 0.100042, 0.1005, 0.100292, 0.100208, 0.10025, 0.100209, 0.099792, 0.100208, 0.100125, 0.100208, 0.100417, 0.100291, 0.100208, 0.100542, 0.100375, 0.100125, 0.099917]
nonlast_F16_LogSumExp cast_f32 host median_ms=0.201875 p90_ms=0.207625 samples_ms=[0.202834, 0.200625, 0.205584, 0.201708, 0.199208, 0.308542, 0.20900000000000002, 0.1985, 0.204958, 0.20249999999999999, 0.201875, 0.197542, 0.19720800000000002, 0.206625, 0.210125, 0.202792, 0.202458, 0.207333, 0.196875, 0.19683299999999998, 0.199709, 0.205791, 0.204917, 0.20174999999999998, 0.207625, 0.201, 0.200583, 0.19804100000000002, 0.199125, 0.20233299999999999, 0.200167]
nonlast_F16_LogSumExp cast_f32 gpu median_ms=0.094958 p90_ms=0.095167 samples_ms=[0.095125, 0.0955, 0.094709, 0.095167, 0.094708, 0.094917, 0.0945, 0.095083, 0.0945, 0.094875, 0.094958, 0.094833, 0.094875, 0.09525, 0.095084, 0.095167, 0.094959, 0.095042, 0.09475, 0.094917, 0.095125, 0.094959, 0.094583, 0.095167, 0.094667, 0.095084, 0.094584, 0.095, 0.094625, 0.095083, 0.094792]
nonlast_F16_LogSumExp direct_low host median_ms=0.204417 p90_ms=0.207791 samples_ms=[0.19941699999999998, 0.20266699999999999, 0.205958, 0.201375, 0.20650000000000002, 0.206458, 0.211, 0.20425000000000001, 0.203291, 0.203333, 0.200458, 0.20366599999999999, 0.20650000000000002, 0.20525, 0.204167, 0.207791, 0.20654199999999998, 0.2075, 0.200375, 0.206084, 0.211375, 0.320709, 0.201875, 0.1975, 0.204541, 0.20441700000000002, 0.20525, 0.20125, 0.202417, 0.207208, 0.203125]
nonlast_F16_LogSumExp direct_low gpu median_ms=0.098375 p90_ms=0.098667 samples_ms=[0.098125, 0.098333, 0.098375, 0.098458, 0.098084, 0.0985, 0.098125, 0.098209, 0.097958, 0.098709, 0.098458, 0.098875, 0.098125, 0.09825, 0.098291, 0.098667, 0.098458, 0.098292, 0.098458, 0.098542, 0.0985, 0.098542, 0.098209, 0.098542, 0.098375, 0.098667, 0.098083, 0.098458, 0.098167, 0.09825, 0.098209]
nonlast_F16_Moments cast_f32 host median_ms=0.234541 p90_ms=0.238458 samples_ms=[0.233542, 0.233541, 0.234375, 0.235208, 0.257542, 0.23325, 0.22924999999999998, 0.233958, 0.232041, 0.23258299999999998, 0.230542, 0.236292, 0.234375, 0.24329199999999998, 0.23383400000000001, 0.238458, 0.234375, 0.237208, 0.236417, 0.234458, 0.229666, 0.235208, 0.23458299999999999, 0.23766600000000002, 0.354958, 0.235542, 0.234875, 0.234541, 0.229917, 0.238333, 0.23633300000000002]
nonlast_F16_Moments cast_f32 gpu median_ms=0.122500 p90_ms=0.122708 samples_ms=[0.123209, 0.122375, 0.1225, 0.122375, 0.1225, 0.122334, 0.122375, 0.122542, 0.122416, 0.122708, 0.122625, 0.122375, 0.122541, 0.122708, 0.1225, 0.122417, 0.122459, 0.122583, 0.122542, 0.122042, 0.122667, 0.122333, 0.122709, 0.122208, 0.122667, 0.122667, 0.122708, 0.122417, 0.122667, 0.122542, 0.1225]
nonlast_F16_Moments direct_low host median_ms=0.239542 p90_ms=0.242500 samples_ms=[0.23675000000000002, 0.24087499999999998, 0.240125, 0.2415, 0.239542, 0.239959, 0.238417, 0.241458, 0.24295799999999998, 0.242208, 0.239083, 0.239542, 0.237375, 0.236958, 0.240709, 0.247083, 0.23791700000000002, 0.238333, 0.23970799999999998, 0.237291, 0.238125, 0.235417, 0.236958, 0.241125, 0.23808400000000002, 0.240291, 0.242916, 0.239917, 0.236541, 0.24250000000000002, 0.23625]
nonlast_F16_Moments direct_low gpu median_ms=0.128042 p90_ms=0.128583 samples_ms=[0.128583, 0.127916, 0.12725, 0.1275, 0.128458, 0.128417, 0.128417, 0.127875, 0.127959, 0.127458, 0.128167, 0.127708, 0.128834, 0.127916, 0.128083, 0.128042, 0.1285, 0.128291, 0.12825, 0.127916, 0.128833, 0.127417, 0.12825, 0.127583, 0.1275, 0.128, 0.1285, 0.127792, 0.128083, 0.127834, 0.128667]
nonlast_F16_LayerNorm cast_f32 host median_ms=0.255208 p90_ms=0.259667 samples_ms=[0.257, 0.256209, 0.257625, 0.25837499999999997, 0.251834, 0.259667, 0.255042, 0.252, 0.255083, 0.330792, 0.258083, 0.255041, 0.252791, 0.257083, 0.25425, 0.254833, 0.257167, 0.254916, 0.253291, 0.26691600000000004, 0.254667, 0.258, 0.257666, 0.259167, 0.256333, 0.254667, 0.25475, 0.254083, 0.253459, 0.255208, 0.263459]
nonlast_F16_LayerNorm cast_f32 gpu median_ms=0.123833 p90_ms=0.124000 samples_ms=[0.123667, 0.124, 0.123875, 0.123625, 0.12375, 0.123834, 0.123667, 0.123625, 0.123667, 0.123959, 0.123916, 0.12375, 0.1235, 0.123916, 0.123958, 0.123583, 0.123583, 0.124, 0.123833, 0.123916, 0.123875, 0.123834, 0.123875, 0.124042, 0.12375, 0.123667, 0.123708, 0.124041, 0.12375, 0.123791, 0.124042]
nonlast_F16_LayerNorm direct_low host median_ms=0.259750 p90_ms=0.267500 samples_ms=[0.26233300000000004, 0.260959, 0.258083, 0.256667, 0.25887499999999997, 0.25775, 0.266208, 0.261334, 0.262542, 0.258666, 0.25725, 0.26287499999999997, 0.257875, 0.25675, 0.26287499999999997, 0.258, 0.261333, 0.266542, 0.25625000000000003, 0.2575, 0.259875, 0.25525, 0.25975, 0.257542, 0.269541, 0.268208, 0.262292, 0.35104199999999997, 0.25875, 0.2675, 0.258334]
nonlast_F16_LayerNorm direct_low gpu median_ms=0.128334 p90_ms=0.128666 samples_ms=[0.128666, 0.128417, 0.128167, 0.128209, 0.128542, 0.128042, 0.128833, 0.12875, 0.128291, 0.128292, 0.128292, 0.127958, 0.128625, 0.128625, 0.128166, 0.128167, 0.128375, 0.128459, 0.128125, 0.12825, 0.128334, 0.12825, 0.128584, 0.128417, 0.128291, 0.1285, 0.128791, 0.128208, 0.128333, 0.1285, 0.128583]
case=nonlast dtype=Bf16 rows=17 cols=4099 axis=0 transpose=false input_numel=69683 removed_f32_input_bytes=278732
nonlast_Bf16_Softmax cast_f32 host median_ms=0.226667 p90_ms=0.230209 samples_ms=[0.225166, 0.226667, 0.22616699999999998, 0.228292, 0.225083, 0.22625, 0.2255, 0.22491699999999998, 0.227458, 0.227458, 0.224542, 0.228458, 0.225416, 0.226667, 0.226875, 0.225209, 0.226792, 0.232625, 0.230209, 0.23016599999999998, 0.22975, 0.225625, 0.22595800000000002, 0.227583, 0.22491699999999998, 0.2285, 0.225334, 0.23154100000000002, 0.230958, 0.225583, 0.228708]
nonlast_Bf16_Softmax cast_f32 gpu median_ms=0.096250 p90_ms=0.096459 samples_ms=[0.096125, 0.096084, 0.096208, 0.09625, 0.09625, 0.095875, 0.096209, 0.096417, 0.096584, 0.096208, 0.096417, 0.096167, 0.096042, 0.096417, 0.096334, 0.096459, 0.096291, 0.0965, 0.096375, 0.0965, 0.095833, 0.096167, 0.096334, 0.096167, 0.096166, 0.096375, 0.096333, 0.096167, 0.096459, 0.096208, 0.096]
nonlast_Bf16_Softmax direct_low host median_ms=0.230250 p90_ms=0.237792 samples_ms=[0.290084, 0.226209, 0.229375, 0.228791, 0.22699999999999998, 0.22949999999999998, 0.29320799999999997, 0.228042, 0.230334, 0.229583, 0.229541, 0.229209, 0.244625, 0.22929100000000002, 0.236959, 0.23049999999999998, 0.23225, 0.23025, 0.23033299999999998, 0.23399999999999999, 0.230209, 0.231291, 0.23779199999999998, 0.22791599999999998, 0.234708, 0.23391699999999999, 0.2325, 0.232958, 0.229167, 0.228, 0.229958]
nonlast_Bf16_Softmax direct_low gpu median_ms=0.099375 p90_ms=0.099625 samples_ms=[0.099458, 0.099375, 0.0995, 0.099292, 0.099416, 0.099333, 0.099625, 0.09925, 0.099459, 0.099625, 0.099459, 0.099375, 0.099125, 0.099375, 0.099542, 0.099417, 0.099375, 0.099334, 0.099458, 0.099375, 0.099833, 0.09925, 0.099125, 0.0995, 0.09925, 0.099459, 0.099375, 0.099375, 0.099709, 0.099417, 0.099333]
nonlast_Bf16_LogSoftmax cast_f32 host median_ms=0.228834 p90_ms=0.233416 samples_ms=[0.226417, 0.228834, 0.232125, 0.233209, 0.22841699999999998, 0.226375, 0.22474999999999998, 0.231083, 0.23341599999999998, 0.2335, 0.228833, 0.237958, 0.235375, 0.231417, 0.228042, 0.229125, 0.22875, 0.227625, 0.228542, 0.226291, 0.227584, 0.230959, 0.228792, 0.228875, 0.233208, 0.229459, 0.233209, 0.228416, 0.232541, 0.228084, 0.22645900000000002]
nonlast_Bf16_LogSoftmax cast_f32 gpu median_ms=0.096458 p90_ms=0.096584 samples_ms=[0.096375, 0.096167, 0.096292, 0.096375, 0.09625, 0.096584, 0.096333, 0.095959, 0.096292, 0.096625, 0.096375, 0.096458, 0.096542, 0.0965, 0.096208, 0.096166, 0.096541, 0.096791, 0.096542, 0.096625, 0.0965, 0.096458, 0.096083, 0.096458, 0.096292, 0.096583, 0.096417, 0.0965, 0.096459, 0.096583, 0.096084]
nonlast_Bf16_LogSoftmax direct_low host median_ms=0.232167 p90_ms=0.239916 samples_ms=[0.232167, 0.231125, 0.233708, 0.230709, 0.230583, 0.231208, 0.229708, 0.239333, 0.24295799999999998, 0.23299999999999998, 0.349208, 0.241542, 0.23991600000000002, 0.23450000000000001, 0.230833, 0.232542, 0.228666, 0.229208, 0.23158299999999998, 0.229709, 0.233625, 0.233125, 0.23158299999999998, 0.235167, 0.234625, 0.23166699999999998, 0.230417, 0.230125, 0.232875, 0.233458, 0.226458]
nonlast_Bf16_LogSoftmax direct_low gpu median_ms=0.099583 p90_ms=0.099709 samples_ms=[0.099708, 0.099625, 0.099625, 0.099417, 0.099625, 0.099583, 0.099584, 0.099666, 0.099584, 0.099625, 0.099584, 0.099833, 0.099709, 0.099709, 0.0995, 0.099333, 0.0995, 0.0995, 0.099458, 0.099791, 0.099667, 0.099542, 0.0995, 0.0995, 0.099542, 0.099542, 0.099625, 0.099542, 0.0995, 0.099292, 0.0995]
nonlast_Bf16_LogSumExp cast_f32 host median_ms=0.205250 p90_ms=0.210584 samples_ms=[0.202958, 0.21125000000000002, 0.207625, 0.215125, 0.20916700000000002, 0.199292, 0.205791, 0.202791, 0.208542, 0.201125, 0.20875000000000002, 0.207708, 0.20475, 0.20525, 0.204542, 0.204875, 0.203541, 0.200125, 0.205583, 0.210584, 0.209333, 0.205084, 0.20775000000000002, 0.20316700000000001, 0.203208, 0.211333, 0.20625, 0.204458, 0.209416, 0.204708, 0.203708]
nonlast_Bf16_LogSumExp cast_f32 gpu median_ms=0.094791 p90_ms=0.095041 samples_ms=[0.095084, 0.094958, 0.094708, 0.094791, 0.095041, 0.0945, 0.095041, 0.094709, 0.094833, 0.094708, 0.095166, 0.094292, 0.095209, 0.094834, 0.095, 0.094792, 0.094833, 0.094417, 0.094792, 0.094625, 0.094708, 0.0945, 0.09475, 0.094541, 0.095041, 0.0945, 0.095041, 0.094583, 0.094834, 0.094542, 0.094583]
nonlast_Bf16_LogSumExp direct_low host median_ms=0.208958 p90_ms=0.216166 samples_ms=[0.209084, 0.209292, 0.21087499999999998, 0.207458, 0.205, 0.32895800000000003, 0.207333, 0.209625, 0.214792, 0.212834, 0.207708, 0.206875, 0.207166, 0.218417, 0.209166, 0.203709, 0.205042, 0.20858300000000002, 0.20995899999999998, 0.20174999999999998, 0.228958, 0.21475, 0.20895899999999998, 0.20845799999999998, 0.204542, 0.208375, 0.204, 0.20708400000000002, 0.208958, 0.216166, 0.209042]
nonlast_Bf16_LogSumExp direct_low gpu median_ms=0.097875 p90_ms=0.098208 samples_ms=[0.098208, 0.097917, 0.09775, 0.097916, 0.098416, 0.098041, 0.098, 0.09775, 0.097666, 0.097958, 0.097791, 0.097541, 0.098334, 0.097833, 0.097917, 0.097666, 0.098208, 0.097708, 0.098, 0.09775, 0.098208, 0.097625, 0.097959, 0.097791, 0.098291, 0.097708, 0.097917, 0.097542, 0.097875, 0.097833, 0.097833]
nonlast_Bf16_Moments cast_f32 host median_ms=0.244333 p90_ms=0.249042 samples_ms=[0.24520899999999998, 0.24675, 0.24774999999999997, 0.251959, 0.245, 0.24312499999999998, 0.24529199999999998, 0.23808400000000002, 0.24175, 0.240458, 0.243458, 0.23925, 0.240292, 0.23399999999999999, 0.24516700000000002, 0.244375, 0.248667, 0.244333, 0.24904199999999999, 0.243708, 0.241292, 0.240542, 0.240833, 0.241625, 0.238583, 0.24566699999999997, 0.24041700000000002, 0.251, 0.2505, 0.247084, 0.24774999999999997]
nonlast_Bf16_Moments cast_f32 gpu median_ms=0.122500 p90_ms=0.122833 samples_ms=[0.12275, 0.12225, 0.122667, 0.12225, 0.122833, 0.122167, 0.12275, 0.122333, 0.122875, 0.12225, 0.122709, 0.122417, 0.122792, 0.122292, 0.122833, 0.122584, 0.122834, 0.122417, 0.12275, 0.122458, 0.122375, 0.123041, 0.122333, 0.12225, 0.122709, 0.122667, 0.122417, 0.122458, 0.122542, 0.1225, 0.122334]
nonlast_Bf16_Moments direct_low host median_ms=0.247167 p90_ms=0.252542 samples_ms=[0.249459, 0.25254200000000004, 0.252708, 0.243625, 0.250083, 0.251708, 0.250083, 0.2455, 0.24716700000000003, 0.257416, 0.24912499999999999, 0.25216700000000003, 0.245334, 0.242709, 0.24520899999999998, 0.241833, 0.24608300000000002, 0.254417, 0.240375, 0.24670799999999998, 0.24737499999999998, 0.24879099999999998, 0.24304099999999998, 0.243458, 0.24575, 0.25220800000000004, 0.244959, 0.241166, 0.247208, 0.24295799999999998, 0.25141600000000003]
nonlast_Bf16_Moments direct_low gpu median_ms=0.128041 p90_ms=0.128250 samples_ms=[0.12825, 0.127958, 0.128125, 0.127625, 0.128167, 0.127875, 0.128042, 0.12775, 0.128041, 0.127875, 0.128, 0.1275, 0.128209, 0.127834, 0.128042, 0.127917, 0.127834, 0.127375, 0.128125, 0.127875, 0.128291, 0.127709, 0.128166, 0.127583, 0.128083, 0.127625, 0.128208, 0.12825, 0.128166, 0.128084, 0.1285]
nonlast_Bf16_LayerNorm cast_f32 host median_ms=0.722333 p90_ms=0.740875 samples_ms=[0.738375, 0.731625, 0.740875, 0.760542, 0.762, 0.731083, 0.729625, 0.7380000000000001, 0.72525, 0.712375, 0.717375, 0.732583, 0.720416, 0.718417, 0.716792, 0.725375, 0.7214590000000001, 0.7190420000000001, 0.7315, 0.732667, 0.728167, 0.712584, 0.717458, 0.72025, 0.720583, 0.722333, 0.7178329999999999, 0.7205, 0.720916, 0.792292, 0.7177089999999999]
nonlast_Bf16_LayerNorm cast_f32 gpu median_ms=0.560792 p90_ms=0.562125 samples_ms=[0.561375, 0.562375, 0.561834, 0.560625, 0.559958, 0.560417, 0.562708, 0.561958, 0.560792, 0.560292, 0.55975, 0.562125, 0.560334, 0.5595, 0.561209, 0.561833, 0.562542, 0.561, 0.559708, 0.56125, 0.561792, 0.560375, 0.560958, 0.561042, 0.560375, 0.559708, 0.560708, 0.562125, 0.560667, 0.559875, 0.560625]
nonlast_Bf16_LayerNorm direct_low host median_ms=0.749042 p90_ms=0.772458 samples_ms=[0.757542, 0.743375, 0.781625, 0.759125, 0.7872079999999999, 0.772458, 0.7476670000000001, 0.767083, 0.754875, 0.7452920000000001, 0.738625, 0.745167, 0.743417, 0.737375, 0.7555, 0.866125, 0.7516660000000001, 0.749625, 0.753834, 0.744, 0.7527499999999999, 0.753583, 0.7510410000000001, 0.742375, 0.749042, 0.747542, 0.737667, 0.741375, 0.746375, 0.741584, 0.745333]
nonlast_Bf16_LayerNorm direct_low gpu median_ms=0.588834 p90_ms=0.590541 samples_ms=[0.589208, 0.590625, 0.602416, 0.59475, 0.588375, 0.589125, 0.587541, 0.589292, 0.589375, 0.589417, 0.58775, 0.588458, 0.588958, 0.587667, 0.587916, 0.587459, 0.58875, 0.588333, 0.587708, 0.587833, 0.588791, 0.588834, 0.589833, 0.589625, 0.588417, 0.589583, 0.59, 0.588584, 0.588875, 0.5885, 0.590541]
