$ crates/target/release/examples/bench_tensor_low_attention
backend=metal;31 rotated samples;200ms warmup;resident low QKV;f32 output;reused programs;separate unprofiled host+readback and GPU shared-pass timings;independent dense f64 reference;every result checked after timing
case=small dtype=F16 Hq=1 Hkv=1 Lq=17 Lk=65 D=17 Dv=33 strided_masked=false removed_f32_input_bytes=14156
small_F16 cast_f32 host median_ms=0.167041 p90_ms=0.181667 samples_ms=[0.17737499999999998, 0.17875000000000002, 0.17575, 0.18016700000000002, 0.180958, 0.18104199999999998, 0.18104199999999998, 0.18187499999999998, 0.181667, 0.184, 0.183084, 0.170125, 0.169791, 0.1665, 0.167041, 0.165667, 0.164084, 0.16625, 0.164958, 0.175917, 0.17658300000000002, 0.163125, 0.161583, 0.160666, 0.159042, 0.165875, 0.165, 0.15975, 0.162375, 0.16037500000000002, 0.161834]
small_F16 cast_f32 gpu median_ms=0.061208 p90_ms=0.062125 samples_ms=[0.062625, 0.061, 0.061167, 0.062167, 0.060375, 0.061666, 0.060833, 0.061708, 0.062125, 0.060583, 0.061042, 0.060542, 0.060875, 0.06075, 0.060583, 0.060958, 0.06075, 0.060833, 0.062833, 0.061042, 0.060834, 0.0615, 0.061375, 0.061542, 0.061458, 0.0615, 0.061208, 0.06175, 0.061459, 0.061458, 0.061583]
small_F16 direct_low host median_ms=0.174541 p90_ms=0.190958 samples_ms=[0.193625, 0.190958, 0.186417, 0.18629099999999998, 0.190834, 0.188625, 0.182458, 0.187125, 0.174541, 0.186833, 0.177708, 0.167667, 0.186125, 0.174042, 0.314, 0.17408300000000002, 0.171375, 0.171959, 0.183875, 0.180458, 0.165792, 0.16699999999999998, 0.16729200000000002, 0.278458, 0.167375, 0.170833, 0.162833, 0.164292, 0.166792, 0.17200000000000001, 0.167458]
small_F16 direct_low gpu median_ms=0.068375 p90_ms=0.068750 samples_ms=[0.069084, 0.068916, 0.068125, 0.067667, 0.067708, 0.067666, 0.06775, 0.071083, 0.067792, 0.067666, 0.067708, 0.067625, 0.067708, 0.067875, 0.06775, 0.067958, 0.067792, 0.067625, 0.068708, 0.0685, 0.068417, 0.068417, 0.068583, 0.06875, 0.068667, 0.068417, 0.068459, 0.068417, 0.06875, 0.068542, 0.068375]
case=small dtype=Bf16 Hq=1 Hkv=1 Lq=17 Lk=65 D=17 Dv=33 strided_masked=false removed_f32_input_bytes=14156
small_Bf16 cast_f32 host median_ms=0.169292 p90_ms=0.385167 samples_ms=[0.169542, 0.169917, 0.169375, 0.17358400000000002, 0.168875, 0.289208, 0.169292, 0.16474999999999998, 0.17308300000000001, 0.17725, 0.16574999999999998, 0.165833, 0.163125, 0.163917, 0.163, 0.384458, 0.378125, 0.385167, 0.38620899999999997, 0.390333, 0.38566700000000004, 0.3815, 0.384958, 0.165792, 0.167458, 0.166166, 0.16525, 0.163917, 0.16279200000000002, 0.163833, 0.16491699999999998]
small_Bf16 cast_f32 gpu median_ms=0.060583 p90_ms=0.265875 samples_ms=[0.0605, 0.06025, 0.060583, 0.060792, 0.060375, 0.060375, 0.060584, 0.060625, 0.060375, 0.060583, 0.060458, 0.0605, 0.060292, 0.06025, 0.060625, 0.265542, 0.265667, 0.2655, 0.266084, 0.265875, 0.266167, 0.265208, 0.266833, 0.060541, 0.060583, 0.060417, 0.06075, 0.060416, 0.060459, 0.060416, 0.060625]
small_Bf16 direct_low host median_ms=0.172250 p90_ms=0.391000 samples_ms=[0.165792, 0.174708, 0.170958, 0.165375, 0.166042, 0.181416, 0.16775, 0.18229199999999998, 0.165417, 0.17225000000000001, 0.17149999999999999, 0.179167, 0.168125, 0.17625, 0.5647500000000001, 0.37725, 0.377958, 0.381458, 0.389625, 0.398125, 0.38754099999999997, 0.391, 0.390125, 0.504792, 0.168667, 0.165041, 0.167791, 0.16716699999999998, 0.167792, 0.165125, 0.16349999999999998]
small_Bf16 direct_low gpu median_ms=0.063625 p90_ms=0.270334 samples_ms=[0.063667, 0.063541, 0.063667, 0.0635, 0.063375, 0.063417, 0.063583, 0.0635, 0.063708, 0.063417, 0.063417, 0.063625, 0.063292, 0.063375, 0.248417, 0.270333, 0.270459, 0.270291, 0.270333, 0.270125, 0.270459, 0.270542, 0.270292, 0.270334, 0.063417, 0.063584, 0.06375, 0.063333, 0.063542, 0.063875, 0.063459]
case=decode dtype=F16 Hq=4 Hkv=2 Lq=1 Lk=4097 D=64 Dv=64 strided_masked=false removed_f32_input_bytes=4196352
decode_F16 cast_f32 host median_ms=0.409708 p90_ms=0.414667 samples_ms=[0.405375, 0.4765, 0.388542, 0.406083, 0.406083, 0.409708, 0.411084, 0.411084, 0.410417, 0.41187500000000005, 0.41670900000000005, 0.405541, 0.40487500000000004, 0.41075, 0.409333, 0.412208, 0.410167, 0.39637500000000003, 0.412, 0.41300000000000003, 0.411792, 0.396833, 0.399875, 0.3955, 0.39425, 0.414208, 0.398416, 0.414667, 0.415, 0.39808299999999996, 0.391]
decode_F16 cast_f32 gpu median_ms=0.282667 p90_ms=0.286167 samples_ms=[0.281125, 0.2785, 0.284625, 0.286167, 0.283, 0.286, 0.283542, 0.28575, 0.286167, 0.282667, 0.286208, 0.286167, 0.280375, 0.282292, 0.27625, 0.285833, 0.288875, 0.282375, 0.282208, 0.284916, 0.282042, 0.28525, 0.281292, 0.284667, 0.281791, 0.284875, 0.27575, 0.281709, 0.282667, 0.275084, 0.27975]
decode_F16 direct_low host median_ms=0.426875 p90_ms=0.432459 samples_ms=[0.416292, 0.417667, 0.432459, 0.41825, 0.433292, 0.430792, 0.421667, 0.430583, 0.422625, 0.430041, 0.429042, 0.43, 0.42925, 0.426875, 0.427666, 0.431666, 0.421792, 0.428041, 0.418167, 0.429416, 0.510667, 0.426791, 0.42012499999999997, 0.429542, 0.413125, 0.426625, 0.433541, 0.416625, 0.412917, 0.42012499999999997, 0.424]
decode_F16 direct_low gpu median_ms=0.306875 p90_ms=0.308042 samples_ms=[0.306666, 0.306125, 0.306959, 0.306667, 0.30775, 0.3045, 0.304041, 0.307583, 0.308042, 0.308292, 0.306375, 0.303834, 0.307917, 0.304458, 0.308291, 0.308291, 0.306792, 0.307041, 0.307583, 0.306833, 0.306875, 0.307084, 0.306125, 0.306625, 0.305166, 0.306875, 0.3075, 0.307042, 0.307334, 0.304292, 0.304125]
case=decode dtype=Bf16 Hq=4 Hkv=2 Lq=1 Lk=4097 D=64 Dv=64 strided_masked=false removed_f32_input_bytes=4196352
decode_Bf16 cast_f32 host median_ms=0.446458 p90_ms=0.453250 samples_ms=[0.449083, 0.441208, 0.44533300000000003, 0.44283300000000003, 0.448958, 0.447792, 0.452208, 0.452083, 0.449667, 0.461167, 0.446458, 0.447292, 0.447709, 0.446083, 0.44949999999999996, 0.452791, 0.463542, 0.456791, 0.4525, 0.43512500000000004, 0.45325, 0.422791, 0.428875, 0.423667, 0.43029199999999995, 0.420958, 0.42654200000000003, 0.42725, 0.433875, 0.410875, 0.426292]
decode_Bf16 cast_f32 gpu median_ms=0.277333 p90_ms=0.284792 samples_ms=[0.2855, 0.28325, 0.277958, 0.284292, 0.285375, 0.280958, 0.277375, 0.274042, 0.277333, 0.284792, 0.280375, 0.280833, 0.284417, 0.284375, 0.280125, 0.284084, 0.284833, 0.273958, 0.273542, 0.273583, 0.274042, 0.274125, 0.273583, 0.27425, 0.273792, 0.274709, 0.273125, 0.274125, 0.273416, 0.273333, 0.272792]
decode_Bf16 direct_low host median_ms=0.420209 p90_ms=0.440584 samples_ms=[0.42862500000000003, 0.391708, 0.421958, 0.420209, 0.436625, 0.438708, 0.437583, 0.421084, 0.44175, 0.437083, 0.5771660000000001, 0.398208, 0.437667, 0.415458, 0.56925, 0.440584, 0.42620800000000003, 0.431083, 0.401875, 0.408542, 0.42812500000000003, 0.418666, 0.406667, 0.418584, 0.406125, 0.409791, 0.417042, 0.40349999999999997, 0.412125, 0.416875, 0.41016600000000003]
decode_Bf16 direct_low gpu median_ms=0.266542 p90_ms=0.270000 samples_ms=[0.269708, 0.2695, 0.266542, 0.27, 0.275375, 0.269625, 0.269417, 0.266125, 0.266583, 0.266375, 0.269916, 0.266875, 0.266542, 0.269375, 0.274833, 0.269167, 0.270041, 0.26975, 0.266208, 0.265875, 0.266041, 0.266167, 0.26625, 0.266125, 0.266291, 0.266209, 0.266375, 0.266292, 0.266333, 0.264959, 0.263875]
case=prefill dtype=F16 Hq=2 Hkv=2 Lq=128 Lk=257 D=64 Dv=64 strided_masked=false removed_f32_input_bytes=328704
prefill_F16 cast_f32 host median_ms=0.384584 p90_ms=0.419250 samples_ms=[0.490542, 0.389625, 0.38379199999999997, 0.440167, 0.386833, 0.37845799999999996, 0.39970799999999995, 0.383917, 0.38325000000000004, 0.380208, 0.3805, 0.41925, 0.381834, 0.38629199999999997, 0.383625, 0.410708, 0.38387499999999997, 0.385959, 0.384584, 0.394375, 0.381834, 0.382333, 0.381917, 0.41800000000000004, 0.388667, 0.382416, 0.378209, 0.42325, 0.387709, 0.392041, 0.381958]
prefill_F16 cast_f32 gpu median_ms=0.235500 p90_ms=0.235958 samples_ms=[0.236083, 0.235791, 0.235583, 0.23525, 0.235292, 0.235709, 0.23525, 0.235958, 0.235459, 0.235458, 0.235458, 0.235917, 0.23525, 0.235458, 0.2355, 0.235666, 0.2355, 0.235834, 0.235291, 0.235916, 0.235458, 0.235541, 0.235417, 0.236, 0.235209, 0.236083, 0.23575, 0.235458, 0.235208, 0.235667, 0.23525]
prefill_F16 direct_low host median_ms=0.480083 p90_ms=0.483292 samples_ms=[0.482292, 0.481083, 0.48008300000000004, 0.477083, 0.483292, 0.48125, 0.482375, 0.48225, 0.47775, 0.475417, 0.47633400000000004, 0.47804199999999997, 0.481334, 0.476583, 0.478375, 0.476875, 0.481958, 0.479125, 0.475375, 0.4815, 0.479125, 0.482334, 0.48620800000000003, 0.478917, 0.47862499999999997, 0.47625, 0.480917, 0.48075, 0.48870800000000003, 0.479, 0.5035839999999999]
prefill_F16 direct_low gpu median_ms=0.332625 p90_ms=0.336625 samples_ms=[0.332417, 0.336416, 0.33225, 0.336625, 0.332084, 0.336125, 0.332334, 0.336417, 0.3325, 0.333042, 0.332458, 0.332625, 0.332083, 0.3365, 0.332375, 0.336833, 0.332416, 0.336333, 0.332625, 0.3365, 0.332417, 0.336542, 0.332292, 0.332625, 0.332625, 0.336625, 0.332459, 0.336625, 0.33225, 0.336375, 0.332291]
case=prefill dtype=Bf16 Hq=2 Hkv=2 Lq=128 Lk=257 D=64 Dv=64 strided_masked=false removed_f32_input_bytes=328704
prefill_Bf16 cast_f32 host median_ms=0.395625 p90_ms=0.404916 samples_ms=[0.377, 0.377875, 0.380458, 0.388625, 0.401542, 0.386041, 0.38870899999999997, 0.382417, 0.38575000000000004, 0.388666, 0.39399999999999996, 0.402, 0.392583, 0.396084, 0.395583, 0.39608299999999996, 0.386041, 0.404125, 0.404916, 0.40662499999999996, 0.400125, 0.4115, 0.40004199999999995, 0.40175, 0.407167, 0.39787500000000003, 0.390334, 0.395042, 0.403333, 0.404375, 0.395625]
prefill_Bf16 cast_f32 gpu median_ms=0.235209 p90_ms=0.236125 samples_ms=[0.235042, 0.235209, 0.234541, 0.235166, 0.235083, 0.235209, 0.235333, 0.235208, 0.235375, 0.235042, 0.235458, 0.23525, 0.234958, 0.235042, 0.236542, 0.235, 0.234958, 0.235084, 0.23525, 0.235167, 0.2345, 0.236625, 0.235417, 0.234791, 0.235583, 0.236083, 0.236125, 0.235333, 0.235959, 0.236333, 0.234583]
prefill_Bf16 direct_low host median_ms=0.454042 p90_ms=0.464250 samples_ms=[0.437792, 0.437708, 0.434958, 0.435875, 0.45029199999999997, 0.434834, 0.44775000000000004, 0.44983300000000004, 0.442209, 0.457667, 0.440625, 0.440458, 0.5079159999999999, 0.456959, 0.452292, 0.455583, 0.460042, 0.455625, 0.460708, 0.447584, 0.462375, 0.451625, 0.46299999999999997, 0.590583, 0.456333, 0.46425, 0.453917, 0.454042, 0.463833, 0.458958, 0.50225]
prefill_Bf16 direct_low gpu median_ms=0.292625 p90_ms=0.297458 samples_ms=[0.292666, 0.297542, 0.292375, 0.291375, 0.292417, 0.292958, 0.292417, 0.297458, 0.292125, 0.292625, 0.292417, 0.292833, 0.292625, 0.2985, 0.292708, 0.29175, 0.292583, 0.293833, 0.291792, 0.292, 0.296584, 0.296875, 0.292083, 0.292875, 0.29225, 0.293166, 0.292625, 0.292792, 0.292209, 0.29825, 0.293583]
case=wide_value_gqa dtype=F16 Hq=4 Hkv=2 Lq=65 Lk=257 D=32 Dv=129 strided_masked=false removed_f32_input_bytes=364296
wide_value_gqa_F16 cast_f32 host median_ms=0.508750 p90_ms=0.523875 samples_ms=[0.504, 0.510375, 0.5111669999999999, 0.587458, 0.5092500000000001, 0.506375, 0.509875, 0.49941700000000006, 0.515083, 0.5026670000000001, 0.5087499999999999, 0.603583, 0.5085419999999999, 0.527625, 0.504417, 0.507167, 0.502875, 0.5021249999999999, 0.505792, 0.506375, 0.511875, 0.5059170000000001, 0.506875, 0.5105, 0.523709, 0.506792, 0.5238750000000001, 0.512959, 0.514208, 0.51075, 0.508125]
wide_value_gqa_F16 cast_f32 gpu median_ms=0.351333 p90_ms=0.352167 samples_ms=[0.351, 0.352083, 0.351375, 0.351333, 0.348916, 0.352, 0.3515, 0.352167, 0.350542, 0.352791, 0.350125, 0.351, 0.349333, 0.35125, 0.352292, 0.349667, 0.349542, 0.352042, 0.351875, 0.351333, 0.351291, 0.351542, 0.351625, 0.349334, 0.350041, 0.352125, 0.350042, 0.351542, 0.35175, 0.351041, 0.3525]
wide_value_gqa_F16 direct_low host median_ms=0.625875 p90_ms=0.730583 samples_ms=[0.724541, 0.619792, 0.718916, 0.615625, 0.615959, 0.741542, 0.714125, 0.71375, 0.610625, 0.671667, 0.617375, 0.713875, 0.615792, 0.629875, 0.7490829999999999, 0.671667, 0.6102920000000001, 0.619667, 0.611417, 0.7307499999999999, 0.6258750000000001, 0.664709, 0.61175, 0.616708, 0.676083, 0.7184999999999999, 0.615916, 0.730583, 0.608584, 0.6168750000000001, 0.612708]
wide_value_gqa_F16 direct_low gpu median_ms=0.460959 p90_ms=0.462625 samples_ms=[0.463291, 0.461459, 0.45975, 0.462125, 0.461375, 0.460959, 0.460667, 0.460875, 0.460833, 0.460875, 0.46125, 0.460708, 0.461667, 0.460875, 0.460833, 0.460833, 0.460708, 0.460542, 0.462625, 0.462125, 0.462625, 0.460708, 0.462, 0.460416, 0.461167, 0.460667, 0.465167, 0.461875, 0.459875, 0.46125, 0.461958]
case=wide_value_gqa dtype=Bf16 Hq=4 Hkv=2 Lq=65 Lk=257 D=32 Dv=129 strided_masked=false removed_f32_input_bytes=364296
wide_value_gqa_Bf16 cast_f32 host median_ms=0.511334 p90_ms=0.520792 samples_ms=[0.500166, 0.5061249999999999, 0.513083, 0.51925, 0.5175829999999999, 0.5090830000000001, 0.5207919999999999, 0.506708, 0.516292, 0.512333, 0.512583, 0.504042, 0.510125, 0.6253749999999999, 0.496584, 0.508333, 0.511334, 0.508083, 0.513667, 0.568791, 0.492667, 0.5079589999999999, 0.509042, 0.514, 0.525583, 0.510791, 0.517625, 0.508084, 0.518417, 0.50825, 0.514959]
wide_value_gqa_Bf16 cast_f32 gpu median_ms=0.350583 p90_ms=0.352084 samples_ms=[0.351375, 0.352125, 0.349417, 0.351333, 0.352084, 0.350417, 0.351125, 0.350958, 0.352208, 0.349375, 0.3515, 0.350667, 0.350583, 0.346792, 0.347917, 0.348625, 0.348584, 0.349292, 0.349041, 0.351, 0.349167, 0.350167, 0.350667, 0.34975, 0.352042, 0.34725, 0.352959, 0.349958, 0.351625, 0.34925, 0.350792]
wide_value_gqa_Bf16 direct_low host median_ms=0.570416 p90_ms=0.577167 samples_ms=[0.569416, 0.576583, 0.567875, 0.571417, 0.568041, 0.569958, 0.561333, 0.771375, 0.56375, 0.573416, 0.5685, 0.5725, 0.570834, 0.5599999999999999, 0.568333, 0.568167, 0.570917, 0.564625, 0.570416, 0.569125, 0.6277919999999999, 0.577167, 0.568291, 0.570083, 0.583666, 0.571584, 0.5763330000000001, 0.571292, 0.570542, 0.5766249999999999, 0.56575]
wide_value_gqa_Bf16 direct_low gpu median_ms=0.411458 p90_ms=0.412791 samples_ms=[0.411458, 0.412, 0.411958, 0.411667, 0.410125, 0.412917, 0.410834, 0.411125, 0.412416, 0.410292, 0.412, 0.412791, 0.411041, 0.409584, 0.410041, 0.412625, 0.413083, 0.416167, 0.412375, 0.410708, 0.411875, 0.411083, 0.41025, 0.410875, 0.411791, 0.411333, 0.41225, 0.409916, 0.411167, 0.409834, 0.411833]
case=strided_masked dtype=F16 Hq=6 Hkv=2 Lq=7 Lk=65 D=17 Dv=33 strided_masked=true removed_f32_input_bytes=28856
strided_masked_F16 cast_f32 host median_ms=0.153959 p90_ms=0.159084 samples_ms=[0.1535, 0.152208, 0.1535, 0.155, 0.157333, 0.153333, 0.154416, 0.153959, 0.156167, 0.154458, 0.153041, 0.15083300000000002, 0.159084, 0.151375, 0.151125, 0.155167, 0.15775, 0.15329199999999998, 0.152542, 0.152, 0.15275, 0.160792, 0.17325000000000002, 0.152084, 0.296167, 0.154667, 0.154167, 0.153458, 0.155583, 0.15525, 0.15170799999999998]
strided_masked_F16 cast_f32 gpu median_ms=0.050041 p90_ms=0.050292 samples_ms=[0.050166, 0.050166, 0.049833, 0.049833, 0.049917, 0.04975, 0.050167, 0.050334, 0.050042, 0.049791, 0.050041, 0.050292, 0.049917, 0.050041, 0.049583, 0.05025, 0.050083, 0.049917, 0.049666, 0.050125, 0.050042, 0.05, 0.049917, 0.050333, 0.049875, 0.050292, 0.049709, 0.05025, 0.049875, 0.050166, 0.049875]
strided_masked_F16 direct_low host median_ms=0.157458 p90_ms=0.160416 samples_ms=[0.155708, 0.157333, 0.15954200000000002, 0.163625, 0.160416, 0.156292, 0.15975, 0.157458, 0.15895800000000002, 0.157417, 0.15812500000000002, 0.158333, 0.157, 0.156, 0.29508300000000004, 0.158208, 0.157542, 0.157916, 0.157291, 0.154875, 0.157, 0.15504099999999998, 0.15575, 0.162334, 0.159583, 0.156292, 0.158708, 0.157166, 0.156083, 0.15512499999999999, 0.157458]
strided_masked_F16 direct_low gpu median_ms=0.055083 p90_ms=0.055375 samples_ms=[0.055375, 0.054958, 0.055083, 0.055042, 0.054708, 0.05475, 0.054875, 0.054959, 0.055, 0.05525, 0.055, 0.054834, 0.055083, 0.0555, 0.055458, 0.055083, 0.0555, 0.055041, 0.055167, 0.055042, 0.055042, 0.055041, 0.055166, 0.055125, 0.05525, 0.055083, 0.055084, 0.055333, 0.055166, 0.055292, 0.055292]
case=strided_masked dtype=Bf16 Hq=6 Hkv=2 Lq=7 Lk=65 D=17 Dv=33 strided_masked=true removed_f32_input_bytes=28856
strided_masked_Bf16 cast_f32 host median_ms=0.163584 p90_ms=0.170708 samples_ms=[0.163208, 0.169875, 0.16366699999999998, 0.168458, 0.155291, 0.166542, 0.167333, 0.1555, 0.15675, 0.157375, 0.163417, 0.16783299999999998, 0.163584, 0.16725, 0.156583, 0.159917, 0.170791, 0.159333, 0.158583, 0.165459, 0.157917, 0.16825, 0.166916, 0.155625, 0.15970900000000002, 0.16658299999999998, 0.158458, 0.20366599999999999, 0.170708, 0.176542, 0.162917]
strided_masked_Bf16 cast_f32 gpu median_ms=0.050208 p90_ms=0.051125 samples_ms=[0.050917, 0.051209, 0.050625, 0.051167, 0.049917, 0.051125, 0.0505, 0.049875, 0.049542, 0.050792, 0.049625, 0.049875, 0.050291, 0.051209, 0.050417, 0.049917, 0.049958, 0.049375, 0.049666, 0.051, 0.050334, 0.051084, 0.049417, 0.051, 0.050208, 0.05025, 0.049917, 0.050166, 0.049959, 0.050084, 0.049625]
strided_masked_Bf16 direct_low host median_ms=0.162833 p90_ms=0.168208 samples_ms=[0.165083, 0.16820800000000002, 0.16629200000000002, 0.165375, 0.155666, 0.165291, 0.16195900000000002, 0.157417, 0.15312499999999998, 0.151833, 0.162833, 0.152709, 0.165083, 0.16275, 0.161, 0.165709, 0.163833, 0.15104199999999998, 0.155166, 0.168917, 0.165916, 0.16541599999999998, 0.16520900000000002, 0.167041, 0.159666, 0.15929200000000002, 0.16, 0.156292, 0.162208, 0.17108299999999999, 0.17033299999999998]
strided_masked_Bf16 direct_low gpu median_ms=0.049625 p90_ms=0.050167 samples_ms=[0.050042, 0.049958, 0.04975, 0.049791, 0.049292, 0.0495, 0.049208, 0.0495, 0.049375, 0.0495, 0.049209, 0.049458, 0.049666, 0.049584, 0.0495, 0.049542, 0.049417, 0.049458, 0.049584, 0.049458, 0.052833, 0.050125, 0.049625, 0.049792, 0.049916, 0.050125, 0.049792, 0.050167, 0.049875, 0.050167, 0.050417]
