warning: binary `wgsl_export` should have a kebab-case name
  |
1 | /Users/themoretheless/Documents/Sources/open-scad-viewer/crates/target/.../wgsl_export
  |                                                                            ^^^^^^^^^^^
  |
  = note: `cargo::non_kebab_case_bins` is set to `warn` by default
help: to change the binary name to `wgsl-export`, convert the file stem
  |
1 - src/bin/wgsl_export.rs
1 + src/bin/wgsl-export.rs
  |
warning: `raster-core` (manifest) generated 1 warning
    Finished `release` profile [optimized] target(s) in 0.05s
     Running `crates/target/release/examples/bench_tensor_low_scatter`
backend=metal;31 rotated samples;200ms warmup;resident low base/updates and u32 indices;reused programs;separate unprofiled host+readback and GPU shared-pass timings;all low values and invalid counts checked every run
case=small dtype=F16 rows=17 cols=19 indices=67 destinations=19 transpose=false base_numel=323 update_numel=1139 removed_f32_base_bytes=1292 removed_f32_updates_bytes=4556
small_F16_Replace cast_f32 host median_ms=0.143083 p90_ms=0.153125 samples_ms=[0.14308300000000002, 0.14529199999999998, 0.144667, 0.14266600000000002, 0.1385, 0.147917, 0.166375, 0.13699999999999998, 0.134792, 0.14533300000000002, 0.152959, 0.14316700000000002, 0.14308300000000002, 0.138667, 0.13941699999999999, 0.135584, 0.135125, 0.139958, 0.132583, 0.139333, 0.136709, 0.13712500000000002, 0.13362500000000002, 0.133292, 0.183917, 0.176875, 0.146167, 0.149208, 0.15312499999999998, 0.143375, 0.143125]
small_F16_Replace cast_f32 gpu median_ms=0.024958 p90_ms=0.025292 samples_ms=[0.025333, 0.025125, 0.025208, 0.025084, 0.025167, 0.024708, 0.024791, 0.024917, 0.025042, 0.024417, 0.025542, 0.024875, 0.025292, 0.025125, 0.024958, 0.024417, 0.024583, 0.024333, 0.024542, 0.024209, 0.024458, 0.024459, 0.024708, 0.024375, 0.024583, 0.025291, 0.025292, 0.025083, 0.025375, 0.025208, 0.025208]
small_F16_Replace direct_low host median_ms=0.132834 p90_ms=0.144125 samples_ms=[0.14100000000000001, 0.158167, 0.136458, 0.130916, 0.143375, 0.128833, 0.132042, 0.133375, 0.132875, 0.128583, 0.13075, 0.12983299999999998, 0.144125, 0.13262500000000002, 0.132834, 0.144208, 0.133875, 0.128833, 0.125292, 0.121833, 0.136375, 0.12375, 0.124583, 0.12995800000000002, 0.14158300000000001, 0.134709, 0.13125, 0.128291, 0.163375, 0.141291, 0.136875]
small_F16_Replace direct_low gpu median_ms=0.018208 p90_ms=0.018542 samples_ms=[0.018417, 0.018208, 0.018375, 0.018334, 0.018791, 0.017833, 0.017708, 0.017958, 0.018458, 0.017833, 0.018667, 0.018958, 0.018292, 0.018542, 0.018334, 0.018041, 0.017625, 0.018, 0.017833, 0.018, 0.017709, 0.017708, 0.017625, 0.017959, 0.017792, 0.01775, 0.018292, 0.018333, 0.018292, 0.018458, 0.018292]
small_F16_Add cast_f32 host median_ms=0.127208 p90_ms=0.134000 samples_ms=[0.12687500000000002, 0.12695800000000002, 0.127458, 0.127208, 0.127083, 0.127417, 0.125, 0.126917, 0.128333, 0.12754100000000002, 0.128208, 0.126333, 0.1265, 0.1265, 0.134, 0.12695800000000002, 0.126667, 0.129167, 0.119959, 0.127292, 0.12779100000000002, 0.12587500000000001, 0.12587500000000001, 0.126125, 0.128167, 0.240708, 0.124375, 0.133709, 0.13229100000000002, 0.152375, 0.135417]
small_F16_Add cast_f32 gpu median_ms=0.022083 p90_ms=0.022416 samples_ms=[0.021959, 0.0225, 0.022083, 0.022334, 0.021917, 0.02225, 0.022041, 0.022416, 0.021625, 0.022292, 0.022083, 0.022333, 0.021584, 0.022333, 0.02175, 0.022209, 0.02175, 0.022459, 0.021209, 0.022291, 0.021791, 0.022292, 0.021708, 0.022333, 0.021541, 0.022459, 0.02175, 0.022375, 0.021709, 0.022083, 0.021417]
small_F16_Add direct_low host median_ms=0.121834 p90_ms=0.125083 samples_ms=[0.124583, 0.121208, 0.12291599999999998, 0.12333400000000001, 0.123042, 0.1215, 0.121042, 0.12262500000000001, 0.12300000000000001, 0.121375, 0.121834, 0.12316700000000001, 0.121166, 0.12725, 0.12108300000000001, 0.120917, 0.12216700000000001, 0.12475, 0.121042, 0.121125, 0.12175000000000001, 0.121459, 0.12075, 0.125083, 0.1265, 0.12079200000000001, 0.121542, 0.121291, 0.12458400000000001, 0.12370799999999998, 0.1305]
small_F16_Add direct_low gpu median_ms=0.017958 p90_ms=0.018125 samples_ms=[0.017875, 0.018084, 0.018, 0.018042, 0.017917, 0.017958, 0.018, 0.017958, 0.017917, 0.018208, 0.017875, 0.018375, 0.018125, 0.018, 0.017959, 0.017834, 0.018042, 0.017875, 0.01775, 0.017959, 0.018, 0.017791, 0.018208, 0.018083, 0.017916, 0.017917, 0.018042, 0.017917, 0.017834, 0.017792, 0.017708]
small_F16_Multiply cast_f32 host median_ms=0.135500 p90_ms=0.141125 samples_ms=[0.136083, 0.13975, 0.141125, 0.140375, 0.13691699999999998, 0.143625, 0.139084, 0.1375, 0.13674999999999998, 0.13525, 0.135208, 0.14133400000000002, 0.136459, 0.13533299999999998, 0.242583, 0.13549999999999998, 0.13504200000000002, 0.138791, 0.13799999999999998, 0.13541599999999998, 0.134792, 0.13525, 0.135, 0.13333299999999998, 0.132791, 0.13362500000000002, 0.131833, 0.133917, 0.135459, 0.135792, 0.13316599999999998]
small_F16_Multiply cast_f32 gpu median_ms=0.022083 p90_ms=0.022333 samples_ms=[0.022, 0.022333, 0.021875, 0.022292, 0.021792, 0.02225, 0.021917, 0.02225, 0.022083, 0.02225, 0.021875, 0.022208, 0.021875, 0.022209, 0.021958, 0.022208, 0.022042, 0.022333, 0.021959, 0.02225, 0.021958, 0.022291, 0.02175, 0.022375, 0.022041, 0.022334, 0.021916, 0.02225, 0.022083, 0.022583, 0.021958]
small_F16_Multiply direct_low host median_ms=0.131542 p90_ms=0.134250 samples_ms=[0.12983299999999998, 0.130458, 0.13175, 0.129834, 0.131209, 0.131, 0.13395900000000002, 0.132208, 0.131625, 0.130875, 0.12995800000000002, 0.129625, 0.132542, 0.13154200000000002, 0.13175, 0.133125, 0.12999999999999998, 0.134833, 0.131875, 0.129959, 0.130792, 0.130666, 0.13224999999999998, 0.129875, 0.1375, 0.134458, 0.134042, 0.129583, 0.13170900000000002, 0.129042, 0.13425]
small_F16_Multiply direct_low gpu median_ms=0.018000 p90_ms=0.018250 samples_ms=[0.018583, 0.017958, 0.018041, 0.018166, 0.018125, 0.018125, 0.017958, 0.018, 0.017958, 0.018042, 0.018, 0.018, 0.017958, 0.018125, 0.01825, 0.018125, 0.018, 0.017958, 0.017875, 0.018, 0.018125, 0.017958, 0.018209, 0.017958, 0.018167, 0.017917, 0.0185, 0.018, 0.018625, 0.018, 0.017791]
small_F16_Min cast_f32 host median_ms=0.140459 p90_ms=0.178709 samples_ms=[0.14575, 0.135458, 0.136667, 0.188083, 0.18325, 0.15187499999999998, 0.14366600000000002, 0.14158300000000001, 0.17358400000000002, 0.13549999999999998, 0.131958, 0.207833, 0.178709, 0.133209, 0.133, 0.15125, 0.1375, 0.137875, 0.13729200000000003, 0.13679100000000002, 0.138791, 0.137291, 0.135666, 0.143542, 0.141042, 0.138584, 0.140459, 0.175042, 0.15125, 0.136292, 0.143041]
small_F16_Min cast_f32 gpu median_ms=0.021708 p90_ms=0.022167 samples_ms=[0.021959, 0.022208, 0.021958, 0.022167, 0.022125, 0.022125, 0.021917, 0.022041, 0.0215, 0.021666, 0.021292, 0.021292, 0.021542, 0.021792, 0.021625, 0.0215, 0.021333, 0.021625, 0.021583, 0.021708, 0.02125, 0.021583, 0.021333, 0.022041, 0.022292, 0.022166, 0.022042, 0.022208, 0.021583, 0.021708, 0.0215]
small_F16_Min direct_low host median_ms=0.128917 p90_ms=0.156666 samples_ms=[0.12925, 0.12462500000000001, 0.128917, 0.120584, 0.144875, 0.202042, 0.133, 0.139583, 0.156666, 0.128917, 0.121208, 0.12262500000000001, 0.163375, 0.124167, 0.128083, 0.12825, 0.134917, 0.15304199999999998, 0.125917, 0.14375, 0.12141700000000001, 0.125958, 0.111125, 0.118292, 0.146, 0.13316599999999998, 0.15054099999999998, 0.126583, 0.134583, 0.12675, 0.1685]
small_F16_Min direct_low gpu median_ms=0.016375 p90_ms=0.016833 samples_ms=[0.016833, 0.016959, 0.016875, 0.016417, 0.016666, 0.016125, 0.017125, 0.016709, 0.016292, 0.016166, 0.016541, 0.016167, 0.016042, 0.016291, 0.016625, 0.016125, 0.016292, 0.016292, 0.016333, 0.016084, 0.015916, 0.016125, 0.016375, 0.016666, 0.016709, 0.016792, 0.016542, 0.016542, 0.016375, 0.016084, 0.016708]
small_F16_Max cast_f32 host median_ms=0.136458 p90_ms=0.149958 samples_ms=[0.136458, 0.19325, 0.142542, 0.139708, 0.137208, 0.137291, 0.13825, 0.13983299999999999, 0.13525, 0.13883299999999998, 0.13262500000000002, 0.139917, 0.134084, 0.136459, 0.132084, 0.13345800000000002, 0.136417, 0.132708, 0.134625, 0.13379200000000002, 0.16325, 0.155042, 0.149958, 0.132, 0.135125, 0.134292, 0.13329100000000002, 0.13975, 0.144375, 0.135875, 0.132917]
small_F16_Max cast_f32 gpu median_ms=0.022500 p90_ms=0.022625 samples_ms=[0.022541, 0.022541, 0.022709, 0.0225, 0.0225, 0.02225, 0.022625, 0.022375, 0.022458, 0.0225, 0.022459, 0.022292, 0.022667, 0.022625, 0.0225, 0.022291, 0.022542, 0.022458, 0.022542, 0.022334, 0.0225, 0.022416, 0.022375, 0.022291, 0.0225, 0.02225, 0.022458, 0.022209, 0.022458, 0.022667, 0.022625]
small_F16_Max direct_low host median_ms=0.126708 p90_ms=0.151292 samples_ms=[0.12587500000000001, 0.121041, 0.129416, 0.120541, 0.123917, 0.122416, 0.13679100000000002, 0.11875, 0.171958, 0.125958, 0.13658299999999998, 0.1255, 0.132333, 0.150917, 0.124, 0.11733299999999999, 0.148875, 0.12670800000000002, 0.125083, 0.22675, 0.151292, 0.12904100000000002, 0.132833, 0.117667, 0.127625, 0.123166, 0.126375, 0.13224999999999998, 0.12379200000000001, 0.198416, 0.129334]
small_F16_Max direct_low gpu median_ms=0.017042 p90_ms=0.017208 samples_ms=[0.016875, 0.016958, 0.017084, 0.017125, 0.016708, 0.016833, 0.017042, 0.016917, 0.017084, 0.017208, 0.017166, 0.017208, 0.016917, 0.016792, 0.017125, 0.017291, 0.017083, 0.017292, 0.016833, 0.017125, 0.016791, 0.016834, 0.016917, 0.017333, 0.017084, 0.01675, 0.017042, 0.017125, 0.017084, 0.016958, 0.016958]
case=small dtype=Bf16 rows=17 cols=19 indices=67 destinations=19 transpose=false base_numel=323 update_numel=1139 removed_f32_base_bytes=1292 removed_f32_updates_bytes=4556
small_Bf16_Replace cast_f32 host median_ms=0.146125 p90_ms=0.160709 samples_ms=[0.143125, 0.15975, 0.156917, 0.14162499999999997, 0.14737499999999998, 0.137291, 0.14358400000000002, 0.147125, 0.143166, 0.14645899999999998, 0.1525, 0.144834, 0.142208, 0.15725, 0.14612499999999998, 0.158458, 0.160792, 0.16137500000000002, 0.153708, 0.152167, 0.143209, 0.16070900000000002, 0.155167, 0.13449999999999998, 0.133292, 0.144667, 0.217917, 0.133375, 0.132208, 0.138625, 0.133]
small_Bf16_Replace cast_f32 gpu median_ms=0.025291 p90_ms=0.028250 samples_ms=[0.025208, 0.025625, 0.02825, 0.025375, 0.02525, 0.025083, 0.025291, 0.028125, 0.025208, 0.024792, 0.024834, 0.025042, 0.0255, 0.028167, 0.02825, 0.024959, 0.025542, 0.026084, 0.025333, 0.025209, 0.028209, 0.0285, 0.028583, 0.0245, 0.024167, 0.027, 0.02725, 0.024209, 0.024417, 0.024333, 0.024416]
small_Bf16_Replace direct_low host median_ms=0.137167 p90_ms=0.149500 samples_ms=[0.13899999999999998, 0.133125, 0.149167, 0.1385, 0.131292, 0.129875, 0.254792, 0.15154099999999998, 0.133375, 0.134208, 0.14375, 0.129584, 0.147, 0.149375, 0.1495, 0.14275, 0.13716699999999998, 0.151292, 0.133375, 0.144375, 0.144291, 0.13241699999999998, 0.14716600000000002, 0.12975, 0.1295, 0.13025, 0.14283300000000002, 0.136417, 0.128542, 0.124, 0.126833]
small_Bf16_Replace direct_low gpu median_ms=0.019375 p90_ms=0.022292 samples_ms=[0.021541, 0.019459, 0.0215, 0.022333, 0.018292, 0.019458, 0.018584, 0.022375, 0.018708, 0.019375, 0.018583, 0.019333, 0.01975, 0.02225, 0.021666, 0.022292, 0.018333, 0.022, 0.018583, 0.019292, 0.020166, 0.022334, 0.021583, 0.018584, 0.018, 0.018917, 0.020542, 0.018542, 0.018, 0.01875, 0.018041]
small_Bf16_Add cast_f32 host median_ms=0.133333 p90_ms=0.138583 samples_ms=[0.138583, 0.12983299999999998, 0.13899999999999998, 0.13433299999999998, 0.137375, 0.13158399999999998, 0.13449999999999998, 0.12999999999999998, 0.128834, 0.133791, 0.135791, 0.137375, 0.136834, 0.24475000000000002, 0.136, 0.134583, 0.128833, 0.13333299999999998, 0.130166, 0.133292, 0.12945900000000002, 0.13037500000000002, 0.130875, 0.130625, 0.12925, 0.128875, 0.129333, 0.14075000000000001, 0.136083, 0.1305, 0.136167]
small_Bf16_Add cast_f32 gpu median_ms=0.021750 p90_ms=0.022042 samples_ms=[0.021542, 0.021292, 0.02175, 0.021792, 0.021625, 0.021834, 0.022, 0.021625, 0.022042, 0.021375, 0.02175, 0.022167, 0.022208, 0.02175, 0.021875, 0.021292, 0.021708, 0.021458, 0.022041, 0.021167, 0.022084, 0.02175, 0.021583, 0.021666, 0.021875, 0.021625, 0.021875, 0.021792, 0.021709, 0.021083, 0.0215]
small_Bf16_Add direct_low host median_ms=0.127500 p90_ms=0.133041 samples_ms=[0.133042, 0.13016699999999998, 0.133041, 0.245, 0.129875, 0.131292, 0.126125, 0.126375, 0.12233400000000001, 0.126083, 0.1275, 0.123709, 0.125, 0.12387499999999999, 0.133875, 0.125416, 0.132209, 0.12966599999999998, 0.12625, 0.130916, 0.12425000000000001, 0.123333, 0.128583, 0.126, 0.125917, 0.12579200000000001, 0.132042, 0.130042, 0.130917, 0.12291599999999998, 0.128834]
small_Bf16_Add direct_low gpu median_ms=0.017875 p90_ms=0.018125 samples_ms=[0.017875, 0.01775, 0.017708, 0.017875, 0.01775, 0.018291, 0.017625, 0.017916, 0.017667, 0.017709, 0.01825, 0.018042, 0.017916, 0.018125, 0.017625, 0.017875, 0.017792, 0.017625, 0.017917, 0.017667, 0.01775, 0.017875, 0.018083, 0.017958, 0.017625, 0.017958, 0.01775, 0.018125, 0.017958, 0.018083, 0.018042]
small_Bf16_Multiply cast_f32 host median_ms=0.136291 p90_ms=0.147958 samples_ms=[0.13275, 0.14458400000000002, 0.144833, 0.145375, 0.137333, 0.13208299999999998, 0.131291, 0.130417, 0.138042, 0.126167, 0.125333, 0.149334, 0.14945799999999998, 0.148084, 0.14441700000000002, 0.145708, 0.13012500000000002, 0.13175, 0.129, 0.12929200000000002, 0.129959, 0.13070900000000002, 0.12575, 0.147958, 0.139709, 0.135, 0.138542, 0.13070900000000002, 0.145625, 0.143458, 0.136291]
small_Bf16_Multiply cast_f32 gpu median_ms=0.021708 p90_ms=0.023666 samples_ms=[0.021542, 0.023917, 0.023583, 0.022875, 0.021666, 0.021334, 0.021625, 0.0215, 0.021708, 0.021708, 0.021625, 0.021334, 0.023666, 0.021334, 0.022792, 0.023958, 0.021542, 0.021792, 0.021875, 0.022833, 0.021708, 0.021916, 0.021625, 0.022834, 0.021583, 0.021458, 0.021708, 0.021875, 0.023833, 0.021458, 0.021959]
small_Bf16_Multiply direct_low host median_ms=0.133041 p90_ms=0.142625 samples_ms=[0.13020800000000002, 0.133666, 0.201584, 0.142625, 0.12625, 0.126, 0.12575, 0.12575, 0.120583, 0.121458, 0.1215, 0.12579200000000001, 0.13954200000000003, 0.124, 0.138875, 0.133833, 0.134792, 0.133041, 0.13333299999999998, 0.13924999999999998, 0.132167, 0.139084, 0.13954200000000003, 0.232083, 0.131292, 0.122583, 0.155167, 0.129166, 0.135208, 0.130458, 0.139042]
small_Bf16_Multiply direct_low gpu median_ms=0.017584 p90_ms=0.018917 samples_ms=[0.017375, 0.017667, 0.017542, 0.017625, 0.0175, 0.017584, 0.0175, 0.0175, 0.017542, 0.017583, 0.017542, 0.017584, 0.017833, 0.01725, 0.017625, 0.01775, 0.017583, 0.019166, 0.01775, 0.017917, 0.017458, 0.017791, 0.018917, 0.019042, 0.017584, 0.017792, 0.017375, 0.017416, 0.017416, 0.017542, 0.019084]
small_Bf16_Min cast_f32 host median_ms=0.144667 p90_ms=0.147333 samples_ms=[0.12975, 0.1365, 0.14841600000000002, 0.147042, 0.132958, 0.145875, 0.14508300000000002, 0.12387499999999999, 0.15525, 0.131042, 0.13045900000000002, 0.14854199999999998, 0.146042, 0.135417, 0.137792, 0.131667, 0.146875, 0.1315, 0.131625, 0.129334, 0.135458, 0.147209, 0.13054200000000002, 0.146666, 0.146625, 0.144875, 0.141208, 0.145334, 0.144667, 0.14733300000000002, 0.146375]
small_Bf16_Min cast_f32 gpu median_ms=0.022958 p90_ms=0.024208 samples_ms=[0.021834, 0.023875, 0.024208, 0.021917, 0.023833, 0.024625, 0.023791, 0.023916, 0.023958, 0.02225, 0.02175, 0.021875, 0.023666, 0.021709, 0.021791, 0.022084, 0.023625, 0.022041, 0.021833, 0.021958, 0.02175, 0.0245, 0.022, 0.024625, 0.021875, 0.024042, 0.023875, 0.022958, 0.023625, 0.022125, 0.0235]
small_Bf16_Min direct_low host median_ms=0.132750 p90_ms=0.138917 samples_ms=[0.123542, 0.132958, 0.129166, 0.125, 0.13275, 0.12475, 0.138667, 0.136292, 0.138917, 0.124084, 0.144458, 0.138375, 0.137625, 0.12820900000000002, 0.12504099999999999, 0.131625, 0.12224999999999998, 0.13045900000000002, 0.140375, 0.13241699999999998, 0.13549999999999998, 0.26175, 0.134917, 0.138667, 0.138792, 0.12487500000000001, 0.13241699999999998, 0.12787500000000002, 0.13325, 0.128375, 0.137916]
small_Bf16_Min direct_low gpu median_ms=0.016750 p90_ms=0.018250 samples_ms=[0.016625, 0.017833, 0.016459, 0.016167, 0.016834, 0.017833, 0.016208, 0.017, 0.018333, 0.016542, 0.0185, 0.018042, 0.016417, 0.016458, 0.016958, 0.015959, 0.01675, 0.016208, 0.01825, 0.018084, 0.018458, 0.018083, 0.018167, 0.016583, 0.015958, 0.015916, 0.016208, 0.016459, 0.016416, 0.017792, 0.018208]
small_Bf16_Max cast_f32 host median_ms=0.131792 p90_ms=0.139584 samples_ms=[0.133875, 0.131, 0.134709, 0.129917, 0.128625, 0.134042, 0.132666, 0.131791, 0.132125, 0.13045900000000002, 0.13054200000000002, 0.129166, 0.131792, 0.129458, 0.12925, 0.129834, 0.1315, 0.138708, 0.13958399999999999, 0.136459, 0.26495799999999997, 0.143125, 0.140208, 0.131167, 0.131292, 0.13549999999999998, 0.131708, 0.13275, 0.13349999999999998, 0.130625, 0.132709]
small_Bf16_Max cast_f32 gpu median_ms=0.022083 p90_ms=0.022375 samples_ms=[0.021584, 0.021958, 0.019708, 0.02225, 0.021625, 0.022375, 0.022458, 0.02225, 0.02225, 0.02225, 0.022083, 0.021917, 0.021542, 0.02225, 0.0215, 0.022292, 0.021958, 0.022375, 0.021625, 0.022084, 0.022083, 0.022458, 0.021792, 0.022334, 0.022, 0.022417, 0.022208, 0.022083, 0.021375, 0.022084, 0.021791]
small_Bf16_Max direct_low host median_ms=0.125583 p90_ms=0.133417 samples_ms=[0.13341699999999998, 0.152333, 0.128917, 0.12262500000000001, 0.121625, 0.12479200000000001, 0.125167, 0.127959, 0.126917, 0.258083, 0.12725, 0.12254200000000001, 0.12158300000000001, 0.12370799999999998, 0.12420899999999999, 0.123958, 0.12625, 0.127125, 0.124375, 0.124459, 0.13349999999999998, 0.12487500000000001, 0.129583, 0.125583, 0.126292, 0.128875, 0.12625, 0.12475, 0.12774999999999997, 0.12395900000000001, 0.123583]
small_Bf16_Max direct_low gpu median_ms=0.017000 p90_ms=0.017375 samples_ms=[0.016791, 0.01725, 0.016709, 0.016333, 0.01675, 0.017208, 0.017209, 0.01725, 0.01725, 0.017417, 0.016833, 0.017, 0.017334, 0.01725, 0.016875, 0.017375, 0.016959, 0.017375, 0.017042, 0.016958, 0.016959, 0.016959, 0.017041, 0.016917, 0.017208, 0.017125, 0.016958, 0.017417, 0.016667, 0.016708, 0.016709]
case=unique dtype=F16 rows=257 cols=1025 indices=1027 destinations=1025 transpose=false base_numel=263425 update_numel=263939 removed_f32_base_bytes=1053700 removed_f32_updates_bytes=1055756
unique_F16_Replace cast_f32 host median_ms=0.272334 p90_ms=0.278125 samples_ms=[0.255375, 0.257958, 0.257708, 0.278208, 0.277667, 0.2765, 0.26725000000000004, 0.262667, 0.26241600000000004, 0.25999999999999995, 0.26483300000000004, 0.366833, 0.27633300000000005, 0.27599999999999997, 0.268583, 0.278125, 0.272792, 0.272334, 0.263958, 0.265, 0.2765, 0.267125, 0.27799999999999997, 0.276375, 0.26337499999999997, 0.27549999999999997, 0.274625, 0.26658299999999996, 0.268584, 0.275958, 0.27833399999999997]
unique_F16_Replace cast_f32 gpu median_ms=0.090000 p90_ms=0.095041 samples_ms=[0.0895, 0.081041, 0.081, 0.0865, 0.089584, 0.09525, 0.081459, 0.0815, 0.084208, 0.087292, 0.095375, 0.094583, 0.090125, 0.0815, 0.094041, 0.09375, 0.081209, 0.094625, 0.093458, 0.082959, 0.094, 0.09, 0.095375, 0.086875, 0.091333, 0.084625, 0.084833, 0.090125, 0.090791, 0.091334, 0.095041]
unique_F16_Replace direct_low host median_ms=0.217291 p90_ms=0.222333 samples_ms=[0.223833, 0.209458, 0.213792, 0.21800000000000003, 0.206291, 0.217041, 0.21729099999999998, 0.216916, 0.211375, 0.222583, 0.218792, 0.20450000000000002, 0.223125, 0.20987499999999998, 0.216167, 0.218292, 0.21975, 0.209542, 0.21995900000000002, 0.218917, 0.22204200000000002, 0.222208, 0.212583, 0.217958, 0.20450000000000002, 0.20925, 0.22233299999999998, 0.21854200000000001, 0.217584, 0.210166, 0.217166]
unique_F16_Replace direct_low gpu median_ms=0.038709 p90_ms=0.040000 samples_ms=[0.038417, 0.038291, 0.037708, 0.038459, 0.038417, 0.04, 0.039375, 0.039541, 0.038125, 0.040375, 0.038417, 0.038209, 0.038209, 0.038042, 0.038083, 0.038709, 0.039458, 0.039667, 0.039417, 0.038583, 0.039709, 0.039416, 0.039, 0.038834, 0.037667, 0.038, 0.039916, 0.039084, 0.03825, 0.040125, 0.040208]
unique_F16_Add cast_f32 host median_ms=0.262667 p90_ms=0.273416 samples_ms=[0.271333, 0.253834, 0.24779199999999998, 0.254667, 0.282625, 0.266333, 0.252459, 0.267791, 0.257417, 0.268708, 0.262667, 0.256417, 0.256666, 0.254583, 0.251084, 0.250917, 0.26645800000000003, 0.24966700000000003, 0.262708, 0.251083, 0.252292, 0.266625, 0.278667, 0.253542, 0.273416, 0.266542, 0.271125, 0.413541, 0.269833, 0.26775, 0.25220899999999996]
unique_F16_Add cast_f32 gpu median_ms=0.081333 p90_ms=0.086583 samples_ms=[0.080792, 0.080541, 0.079, 0.078542, 0.078833, 0.080334, 0.083334, 0.086583, 0.081333, 0.077333, 0.08675, 0.0865, 0.081375, 0.081833, 0.07875, 0.078, 0.0805, 0.086458, 0.082708, 0.080875, 0.083791, 0.078333, 0.087084, 0.07975, 0.078833, 0.086542, 0.085667, 0.084667, 0.086709, 0.081791, 0.078541]
unique_F16_Add direct_low host median_ms=0.225834 p90_ms=0.242625 samples_ms=[0.22249999999999998, 0.216584, 0.219041, 0.221084, 0.227333, 0.3175, 0.220667, 0.238292, 0.237166, 0.235, 0.238583, 0.218791, 0.225834, 0.224875, 0.224584, 0.221125, 0.371292, 0.22720800000000002, 0.221417, 0.233625, 0.225375, 0.23258299999999998, 0.235541, 0.22387500000000002, 0.222125, 0.243209, 0.242625, 0.23325, 0.224709, 0.232625, 0.22425]
unique_F16_Add direct_low gpu median_ms=0.050917 p90_ms=0.054958 samples_ms=[0.050542, 0.050041, 0.049792, 0.053917, 0.055291, 0.050208, 0.048917, 0.054709, 0.049834, 0.054958, 0.049417, 0.049584, 0.049209, 0.0525, 0.048833, 0.050375, 0.051291, 0.054583, 0.053667, 0.051708, 0.053917, 0.048958, 0.057, 0.050083, 0.049583, 0.050917, 0.055417, 0.054834, 0.053291, 0.0545, 0.049417]
unique_F16_Multiply cast_f32 host median_ms=0.264917 p90_ms=0.274167 samples_ms=[0.265958, 0.273333, 0.253292, 0.2695, 0.268834, 0.259959, 0.252, 0.267708, 0.251042, 0.365, 0.273459, 0.2875, 0.26491699999999996, 0.257709, 0.263083, 0.268791, 0.257084, 0.282167, 0.274167, 0.27075, 0.260625, 0.25220800000000004, 0.25254200000000004, 0.259875, 0.25187499999999996, 0.261, 0.26275000000000004, 0.271625, 0.25462500000000005, 0.269875, 0.27125]
unique_F16_Multiply cast_f32 gpu median_ms=0.083792 p90_ms=0.086791 samples_ms=[0.078209, 0.084958, 0.07825, 0.083792, 0.087375, 0.085417, 0.081208, 0.083917, 0.087417, 0.085417, 0.087375, 0.086334, 0.078166, 0.085333, 0.086791, 0.08575, 0.082833, 0.078417, 0.082, 0.084084, 0.083583, 0.078291, 0.078, 0.081417, 0.082042, 0.081375, 0.078625, 0.085166, 0.078167, 0.084125, 0.086542]
unique_F16_Multiply direct_low host median_ms=0.229958 p90_ms=0.237542 samples_ms=[0.235625, 0.231292, 0.22420900000000002, 0.234333, 0.233291, 0.2205, 0.22175, 0.232833, 0.215083, 0.228209, 0.240708, 0.222791, 0.27075, 0.236125, 0.229958, 0.35387500000000005, 0.23566700000000002, 0.234875, 0.23274999999999998, 0.21800000000000003, 0.22908299999999998, 0.221375, 0.22204200000000002, 0.219667, 0.229791, 0.214209, 0.237542, 0.233375, 0.217584, 0.224334, 0.235625]
unique_F16_Multiply direct_low gpu median_ms=0.050125 p90_ms=0.055375 samples_ms=[0.049542, 0.055375, 0.055875, 0.049417, 0.053667, 0.056375, 0.055458, 0.051708, 0.049209, 0.054167, 0.048958, 0.049834, 0.049833, 0.049916, 0.055375, 0.05175, 0.049625, 0.051084, 0.049875, 0.051958, 0.048958, 0.049666, 0.049292, 0.04975, 0.051833, 0.049333, 0.050125, 0.050125, 0.050167, 0.05525, 0.055292]
unique_F16_Min cast_f32 host median_ms=0.261875 p90_ms=0.272000 samples_ms=[0.265959, 0.261875, 0.268625, 0.26691600000000004, 0.268167, 0.252625, 0.251417, 0.252291, 0.252625, 0.255792, 0.252875, 0.250791, 0.261833, 0.270208, 0.257333, 0.260708, 0.272459, 0.266333, 0.253291, 0.265166, 0.260791, 0.270917, 0.272, 0.259083, 0.27504199999999995, 0.249292, 0.27304199999999995, 0.26449999999999996, 0.26454099999999997, 0.24954099999999999, 0.268417]
unique_F16_Min cast_f32 gpu median_ms=0.082584 p90_ms=0.086542 samples_ms=[0.084292, 0.086917, 0.0835, 0.08725, 0.078334, 0.086542, 0.077583, 0.078792, 0.081792, 0.085209, 0.082584, 0.078583, 0.077792, 0.082, 0.08275, 0.078916, 0.08325, 0.0865, 0.081708, 0.086333, 0.084125, 0.077625, 0.077709, 0.084791, 0.081, 0.078209, 0.083041, 0.0825, 0.083208, 0.086833, 0.07825]
unique_F16_Min direct_low host median_ms=0.211583 p90_ms=0.219500 samples_ms=[0.21158400000000002, 0.21454199999999998, 0.213167, 0.35895900000000003, 0.213416, 0.211583, 0.207, 0.2115, 0.200334, 0.20049999999999998, 0.198625, 0.200708, 0.200625, 0.21775, 0.221, 0.214625, 0.19612500000000002, 0.214708, 0.199166, 0.215, 0.212542, 0.21075, 0.21537499999999998, 0.208042, 0.223583, 0.199333, 0.2195, 0.205958, 0.21212499999999998, 0.207667, 0.204291]
unique_F16_Min direct_low gpu median_ms=0.034833 p90_ms=0.035583 samples_ms=[0.035833, 0.035583, 0.035583, 0.034833, 0.035, 0.034791, 0.034791, 0.035166, 0.034208, 0.034291, 0.035292, 0.034542, 0.034667, 0.034416, 0.034875, 0.035041, 0.034458, 0.034167, 0.034833, 0.034833, 0.034958, 0.034042, 0.03475, 0.035583, 0.0345, 0.035291, 0.034708, 0.034958, 0.03675, 0.035333, 0.034542]
unique_F16_Max cast_f32 host median_ms=0.264833 p90_ms=0.270708 samples_ms=[0.25179199999999996, 0.252375, 0.2575, 0.26825, 0.268291, 0.257, 0.25366700000000003, 0.272083, 0.26575, 0.250958, 0.2745, 0.27170900000000003, 0.26425, 0.27025, 0.253291, 0.265791, 0.257375, 0.25429100000000004, 0.267125, 0.270708, 0.268209, 0.268334, 0.26575, 0.254875, 0.260708, 0.255875, 0.251084, 0.26483300000000004, 0.251417, 0.27, 0.267875]
unique_F16_Max cast_f32 gpu median_ms=0.083083 p90_ms=0.087333 samples_ms=[0.081334, 0.078667, 0.07825, 0.084375, 0.087417, 0.07925, 0.078166, 0.081708, 0.079584, 0.081917, 0.086417, 0.083375, 0.091416, 0.084041, 0.086166, 0.078459, 0.08725, 0.07875, 0.08725, 0.084542, 0.078083, 0.084, 0.086208, 0.083792, 0.087333, 0.081875, 0.078417, 0.0815, 0.083083, 0.078458, 0.087375]
unique_F16_Max direct_low host median_ms=0.210833 p90_ms=0.217625 samples_ms=[0.206417, 0.213875, 0.207541, 0.209042, 0.201083, 0.20249999999999999, 0.21395799999999998, 0.202708, 0.20620799999999997, 0.349833, 0.21225000000000002, 0.206042, 0.214333, 0.21558300000000002, 0.212, 0.21762499999999999, 0.214167, 0.223167, 0.20691700000000002, 0.208042, 0.21275, 0.211125, 0.209917, 0.215333, 0.21562499999999998, 0.203292, 0.199875, 0.198666, 0.202, 0.21770799999999998, 0.210833]
unique_F16_Max direct_low gpu median_ms=0.034792 p90_ms=0.035583 samples_ms=[0.034542, 0.034, 0.034708, 0.035084, 0.034084, 0.034, 0.035583, 0.034792, 0.034667, 0.034917, 0.035292, 0.034875, 0.034542, 0.035083, 0.034916, 0.035583, 0.033792, 0.034333, 0.037875, 0.035583, 0.035459, 0.0345, 0.035042, 0.035, 0.034375, 0.034417, 0.034584, 0.034833, 0.03375, 0.034333, 0.03525]
case=unique dtype=Bf16 rows=257 cols=1025 indices=1027 destinations=1025 transpose=false base_numel=263425 update_numel=263939 removed_f32_base_bytes=1053700 removed_f32_updates_bytes=1055756
unique_Bf16_Replace cast_f32 host median_ms=0.272834 p90_ms=0.280750 samples_ms=[0.26120899999999997, 0.274417, 0.272834, 0.27633399999999997, 0.27337500000000003, 0.255708, 0.278958, 0.276125, 0.272417, 0.26837500000000003, 0.269583, 0.26491699999999996, 0.278958, 0.25845799999999997, 0.376833, 0.25637499999999996, 0.25391600000000003, 0.265583, 0.281709, 0.351917, 0.25920899999999997, 0.265, 0.28075, 0.26495799999999997, 0.275625, 0.274375, 0.279333, 0.275625, 0.275167, 0.263542, 0.26316700000000004]
unique_Bf16_Replace cast_f32 gpu median_ms=0.089500 p90_ms=0.094333 samples_ms=[0.094041, 0.0815, 0.090084, 0.089125, 0.086292, 0.094583, 0.090208, 0.081084, 0.083708, 0.08975, 0.081625, 0.081042, 0.089708, 0.086833, 0.086125, 0.086083, 0.084459, 0.091542, 0.0895, 0.094333, 0.086708, 0.09175, 0.087958, 0.0895, 0.094, 0.090042, 0.088542, 0.094917, 0.08975, 0.08125, 0.094792]
unique_Bf16_Replace direct_low host median_ms=0.217625 p90_ms=0.222084 samples_ms=[0.21945800000000001, 0.21729099999999998, 0.219708, 0.21920800000000001, 0.22225, 0.211625, 0.207125, 0.223792, 0.22041699999999997, 0.222084, 0.206167, 0.205417, 0.212625, 0.21854099999999999, 0.204792, 0.207291, 0.206833, 0.208834, 0.2085, 0.21962500000000001, 0.21925, 0.219083, 0.21762499999999999, 0.211208, 0.220125, 0.216125, 0.212208, 0.221167, 0.22249999999999998, 0.209584, 0.219584]
unique_Bf16_Replace direct_low gpu median_ms=0.038375 p90_ms=0.040042 samples_ms=[0.039792, 0.03775, 0.03975, 0.037875, 0.040042, 0.040334, 0.038125, 0.03875, 0.038, 0.040375, 0.038375, 0.037917, 0.038, 0.040208, 0.038833, 0.038292, 0.038333, 0.03825, 0.038375, 0.037875, 0.0395, 0.038292, 0.038958, 0.039, 0.038208, 0.039792, 0.037792, 0.038292, 0.038875, 0.040042, 0.038416]
unique_Bf16_Add cast_f32 host median_ms=0.260917 p90_ms=0.271042 samples_ms=[0.249167, 0.269042, 0.255083, 0.248375, 0.250291, 0.25583300000000003, 0.268834, 0.25166700000000003, 0.351709, 0.27425000000000005, 0.2675, 0.269625, 0.260917, 0.2575, 0.262125, 0.25999999999999995, 0.27745800000000004, 0.257791, 0.271042, 0.264125, 0.268542, 0.26670900000000003, 0.266125, 0.251959, 0.253458, 0.253292, 0.266042, 0.251, 0.248833, 0.264291, 0.257208]
unique_Bf16_Add cast_f32 gpu median_ms=0.084417 p90_ms=0.086333 samples_ms=[0.082792, 0.077583, 0.077375, 0.078375, 0.077375, 0.07725, 0.085625, 0.07775, 0.086333, 0.085375, 0.089125, 0.07725, 0.086708, 0.084125, 0.083333, 0.077792, 0.084417, 0.0855, 0.085542, 0.085708, 0.077541, 0.085958, 0.086208, 0.077375, 0.086209, 0.083667, 0.087042, 0.085166, 0.085958, 0.082916, 0.085583]
unique_Bf16_Add direct_low host median_ms=0.229083 p90_ms=0.237083 samples_ms=[0.22566599999999998, 0.220917, 0.23491599999999999, 0.22004100000000001, 0.232083, 0.237083, 0.227667, 0.22387500000000002, 0.23299999999999998, 0.24075, 0.22908299999999998, 0.231666, 0.22858399999999998, 0.228208, 0.22908299999999998, 0.221833, 0.2285, 0.229875, 0.215333, 0.303875, 0.22612500000000002, 0.234375, 0.222417, 0.232083, 0.230875, 0.216416, 0.226584, 0.23033299999999998, 0.23358299999999999, 0.217083, 0.318583]
unique_Bf16_Add direct_low gpu median_ms=0.049542 p90_ms=0.053042 samples_ms=[0.049, 0.049541, 0.048792, 0.050167, 0.054334, 0.052125, 0.052667, 0.049041, 0.04825, 0.04875, 0.049542, 0.053042, 0.049542, 0.048417, 0.05125, 0.048083, 0.048333, 0.0485, 0.051417, 0.053333, 0.048292, 0.0515, 0.048417, 0.052375, 0.048916, 0.053333, 0.052625, 0.052208, 0.050833, 0.04875, 0.048416]
unique_Bf16_Multiply cast_f32 host median_ms=0.264166 p90_ms=0.273500 samples_ms=[0.26699999999999996, 0.265834, 0.26825, 0.26416599999999996, 0.251625, 0.263042, 0.26337499999999997, 0.254208, 0.261917, 0.25608400000000003, 0.25212500000000004, 0.265084, 0.26687500000000003, 0.270125, 0.268584, 0.252291, 0.255, 0.25675, 0.26125, 0.271667, 0.252917, 0.24966700000000003, 0.27537500000000004, 0.264291, 0.371125, 0.26325, 0.27349999999999997, 0.263917, 0.26891699999999996, 0.289167, 0.268416]
unique_Bf16_Multiply cast_f32 gpu median_ms=0.083083 p90_ms=0.086208 samples_ms=[0.0835, 0.086458, 0.077125, 0.080208, 0.083708, 0.081084, 0.076792, 0.077875, 0.076708, 0.082666, 0.08275, 0.086208, 0.083542, 0.086875, 0.077667, 0.08625, 0.080791, 0.077334, 0.082667, 0.085833, 0.078125, 0.085292, 0.083083, 0.085708, 0.086084, 0.08125, 0.08325, 0.084667, 0.083625, 0.085917, 0.082417]
unique_Bf16_Multiply direct_low host median_ms=0.229709 p90_ms=0.234417 samples_ms=[0.233083, 0.23191699999999998, 0.236208, 0.235625, 0.22070900000000002, 0.229709, 0.219708, 0.221667, 0.221125, 0.231584, 0.227625, 0.23325, 0.233333, 0.22949999999999998, 0.221958, 0.229875, 0.23274999999999998, 0.232334, 0.3615, 0.22008299999999997, 0.230459, 0.228959, 0.22075, 0.23399999999999999, 0.231208, 0.216333, 0.23441700000000001, 0.225708, 0.226792, 0.2215, 0.22]
unique_Bf16_Multiply direct_low gpu median_ms=0.050000 p90_ms=0.053250 samples_ms=[0.055792, 0.048416, 0.05, 0.049833, 0.0485, 0.049833, 0.048542, 0.048792, 0.048542, 0.048833, 0.051583, 0.048167, 0.049209, 0.05, 0.051583, 0.048875, 0.050166, 0.049375, 0.053333, 0.05325, 0.052792, 0.053292, 0.052875, 0.05275, 0.050208, 0.049292, 0.050417, 0.052834, 0.049083, 0.048459, 0.052625]
unique_Bf16_Min cast_f32 host median_ms=0.256459 p90_ms=0.259500 samples_ms=[0.250167, 0.24991599999999997, 0.250334, 0.257708, 0.25858400000000004, 0.25183300000000003, 0.2595, 0.257708, 0.250083, 0.252875, 0.24975000000000003, 0.257375, 0.24825, 0.247417, 0.24758400000000003, 0.2455, 0.24783299999999997, 0.25595799999999996, 0.26337499999999997, 0.254208, 0.257958, 0.2565, 0.258208, 0.259333, 0.263, 0.259375, 0.255541, 0.25791699999999995, 0.259917, 0.25870899999999997, 0.256459]
unique_Bf16_Min cast_f32 gpu median_ms=0.077333 p90_ms=0.080583 samples_ms=[0.077042, 0.0805, 0.082625, 0.079667, 0.086459, 0.078, 0.077333, 0.080291, 0.077333, 0.077125, 0.07775, 0.076875, 0.079417, 0.080916, 0.077792, 0.076417, 0.080583, 0.076958, 0.076875, 0.07625, 0.077542, 0.076834, 0.077042, 0.077333, 0.076875, 0.077625, 0.076708, 0.077125, 0.077875, 0.076584, 0.07675]
unique_Bf16_Min direct_low host median_ms=0.203417 p90_ms=0.212416 samples_ms=[0.202208, 0.20333400000000001, 0.203333, 0.201709, 0.202666, 0.206625, 0.216875, 0.200625, 0.20341700000000001, 0.19775, 0.198458, 0.199792, 0.20249999999999999, 0.198708, 0.200958, 0.196834, 0.199541, 0.210125, 0.207417, 0.20725, 0.20933400000000002, 0.201958, 0.314334, 0.212416, 0.207333, 0.20825, 0.208042, 0.204583, 0.20450000000000002, 0.208, 0.314]
unique_Bf16_Min direct_low gpu median_ms=0.033709 p90_ms=0.034000 samples_ms=[0.033541, 0.033416, 0.03425, 0.034, 0.033917, 0.033875, 0.03375, 0.033584, 0.033625, 0.033208, 0.033667, 0.033, 0.033709, 0.033709, 0.034125, 0.033917, 0.033459, 0.03375, 0.033959, 0.033709, 0.033542, 0.0335, 0.03375, 0.033709, 0.033, 0.034125, 0.033792, 0.033583, 0.033625, 0.033875, 0.033958]
unique_Bf16_Max cast_f32 host median_ms=0.253834 p90_ms=0.262292 samples_ms=[0.253834, 0.245875, 0.253, 0.25591600000000003, 0.251375, 0.25975, 0.246167, 0.251708, 0.251125, 0.263542, 0.25887499999999997, 0.25758299999999995, 0.262292, 0.253791, 0.253167, 0.26425, 0.26295799999999997, 0.24925000000000003, 0.24570800000000004, 0.254334, 0.26079199999999997, 0.254083, 0.24883400000000003, 0.258125, 0.245417, 0.257291, 0.24875, 0.254792, 0.25183300000000003, 0.25404099999999996, 0.249625]
unique_Bf16_Max cast_f32 gpu median_ms=0.082833 p90_ms=0.084042 samples_ms=[0.084042, 0.081875, 0.083833, 0.084042, 0.083709, 0.077416, 0.082833, 0.08375, 0.077042, 0.077875, 0.081, 0.077084, 0.083042, 0.084959, 0.08375, 0.08375, 0.080584, 0.079708, 0.08275, 0.076959, 0.082834, 0.076958, 0.084166, 0.08325, 0.077333, 0.078167, 0.077458, 0.077042, 0.082917, 0.083709, 0.083167]
unique_Bf16_Max direct_low host median_ms=0.198792 p90_ms=0.204584 samples_ms=[0.19612500000000002, 0.198333, 0.20341700000000001, 0.20133299999999998, 0.21654199999999998, 0.196, 0.20525, 0.200125, 0.199792, 0.197625, 0.19833399999999998, 0.198792, 0.19941699999999998, 0.191875, 0.197875, 0.19854200000000002, 0.197917, 0.19854200000000002, 0.202042, 0.197042, 0.20458400000000002, 0.19720800000000002, 0.200125, 0.202208, 0.1985, 0.20900000000000002, 0.20125, 0.197834, 0.199209, 0.199708, 0.197083]
unique_Bf16_Max direct_low gpu median_ms=0.033791 p90_ms=0.034250 samples_ms=[0.034042, 0.034417, 0.033875, 0.03425, 0.03375, 0.033583, 0.03375, 0.033084, 0.033584, 0.034, 0.03425, 0.0335, 0.033916, 0.034209, 0.034792, 0.033708, 0.033833, 0.03375, 0.033917, 0.033791, 0.033459, 0.03375, 0.033458, 0.033666, 0.033709, 0.033875, 0.033709, 0.033791, 0.033625, 0.034042, 0.034042]
case=spread dtype=F16 rows=129 cols=1025 indices=2053 destinations=1025 transpose=false base_numel=132225 update_numel=264837 removed_f32_base_bytes=528900 removed_f32_updates_bytes=1059348
spread_F16_Replace cast_f32 host median_ms=0.212875 p90_ms=0.218917 samples_ms=[0.212667, 0.21241700000000002, 0.21000000000000002, 0.21350000000000002, 0.212458, 0.20725, 0.210625, 0.219292, 0.21662499999999998, 0.212875, 0.21366700000000002, 0.210542, 0.218917, 0.215167, 0.21125000000000002, 0.212375, 0.211708, 0.21225000000000002, 0.293834, 0.214541, 0.21975, 0.210416, 0.213875, 0.21104199999999998, 0.213042, 0.215125, 0.215125, 0.209458, 0.213792, 0.21475, 0.21275]
spread_F16_Replace cast_f32 gpu median_ms=0.068292 p90_ms=0.070000 samples_ms=[0.06875, 0.069916, 0.068417, 0.069584, 0.065791, 0.06925, 0.065583, 0.069333, 0.068459, 0.067208, 0.068125, 0.070208, 0.065167, 0.071292, 0.065333, 0.066375, 0.069708, 0.069292, 0.068292, 0.068041, 0.065375, 0.066291, 0.068625, 0.066417, 0.068916, 0.07, 0.068208, 0.066542, 0.065542, 0.070083, 0.06525]
spread_F16_Replace direct_low host median_ms=0.177708 p90_ms=0.181875 samples_ms=[0.181667, 0.176, 0.178666, 0.178, 0.18187499999999998, 0.190417, 0.182834, 0.180583, 0.18125, 0.17845799999999998, 0.17825, 0.17633300000000002, 0.1735, 0.177708, 0.177875, 0.176042, 0.17891700000000002, 0.175583, 0.179375, 0.17575, 0.17754199999999998, 0.175791, 0.17625, 0.17658300000000002, 0.176625, 0.311166, 0.177417, 0.181459, 0.175875, 0.176458, 0.177167]
spread_F16_Replace direct_low gpu median_ms=0.035833 p90_ms=0.036167 samples_ms=[0.03525, 0.036167, 0.035417, 0.035667, 0.035917, 0.036, 0.036167, 0.036625, 0.03575, 0.036125, 0.035833, 0.035875, 0.035208, 0.035583, 0.035833, 0.036125, 0.03525, 0.035667, 0.03525, 0.036125, 0.035375, 0.035833, 0.036084, 0.035875, 0.035792, 0.035708, 0.035125, 0.035959, 0.035667, 0.036416, 0.036209]
spread_F16_Add cast_f32 host median_ms=0.211542 p90_ms=0.216458 samples_ms=[0.210583, 0.230708, 0.217333, 0.215209, 0.215875, 0.214959, 0.214, 0.20862499999999998, 0.20725, 0.210583, 0.21108300000000002, 0.209083, 0.21087499999999998, 0.2175, 0.211542, 0.21004199999999998, 0.211542, 0.211208, 0.21120899999999998, 0.21604099999999998, 0.216292, 0.213, 0.215083, 0.21350000000000002, 0.210917, 0.21645799999999998, 0.212917, 0.209583, 0.214875, 0.21004199999999998, 0.206625]
spread_F16_Add cast_f32 gpu median_ms=0.063083 p90_ms=0.063500 samples_ms=[0.062542, 0.062917, 0.062166, 0.063125, 0.063125, 0.063209, 0.063167, 0.063667, 0.062708, 0.062917, 0.063, 0.063958, 0.063292, 0.063458, 0.063167, 0.062208, 0.062667, 0.062458, 0.063541, 0.0635, 0.062459, 0.062667, 0.063083, 0.062792, 0.0635, 0.063333, 0.063209, 0.063417, 0.062833, 0.062834, 0.062542]
spread_F16_Add direct_low host median_ms=0.189458 p90_ms=0.197208 samples_ms=[0.197084, 0.19720800000000002, 0.187709, 0.19525, 0.194291, 0.18812500000000001, 0.191208, 0.18395799999999998, 0.189, 0.182708, 0.183709, 0.305375, 0.19025, 0.189958, 0.194333, 0.193292, 0.183, 0.189458, 0.184, 0.18670899999999999, 0.188875, 0.201125, 0.184209, 0.19179200000000002, 0.18225000000000002, 0.297875, 0.181958, 0.183916, 0.19474999999999998, 0.18725, 0.194792]
spread_F16_Add direct_low gpu median_ms=0.040542 p90_ms=0.040958 samples_ms=[0.04025, 0.039667, 0.040625, 0.039958, 0.040833, 0.040833, 0.0405, 0.039958, 0.040958, 0.041125, 0.0405, 0.039875, 0.04075, 0.039959, 0.04, 0.04, 0.040708, 0.040667, 0.040666, 0.041, 0.039958, 0.039375, 0.040708, 0.040917, 0.040791, 0.040542, 0.039959, 0.04075, 0.040375, 0.039791, 0.041]
spread_F16_Multiply cast_f32 host median_ms=0.217875 p90_ms=0.223667 samples_ms=[0.221166, 0.223667, 0.208292, 0.214625, 0.21787499999999999, 0.22325, 0.222125, 0.22354100000000002, 0.223375, 0.224208, 0.22058399999999997, 0.223792, 0.223, 0.217584, 0.211708, 0.21104199999999998, 0.207333, 0.213916, 0.20691700000000002, 0.21070799999999998, 0.208417, 0.20475, 0.20683400000000002, 0.227584, 0.208375, 0.218833, 0.22175, 0.2155, 0.21854200000000001, 0.216416, 0.220666]
spread_F16_Multiply cast_f32 gpu median_ms=0.064125 p90_ms=0.067458 samples_ms=[0.067458, 0.065083, 0.061792, 0.065584, 0.067708, 0.06475, 0.065834, 0.064708, 0.062875, 0.063292, 0.0675, 0.065458, 0.067708, 0.06575, 0.062125, 0.062625, 0.062042, 0.063041, 0.062209, 0.062125, 0.066417, 0.062833, 0.065833, 0.062334, 0.065208, 0.06225, 0.064125, 0.0635, 0.062125, 0.063708, 0.067334]
spread_F16_Multiply direct_low host median_ms=0.187375 p90_ms=0.197667 samples_ms=[0.202792, 0.199458, 0.194667, 0.181583, 0.19349999999999998, 0.194125, 0.18312499999999998, 0.194458, 0.184959, 0.19595800000000002, 0.193916, 0.18675, 0.198291, 0.180208, 0.184584, 0.193958, 0.18575, 0.184291, 0.185042, 0.181542, 0.189, 0.183208, 0.196834, 0.175542, 0.192459, 0.18737499999999999, 0.18420799999999998, 0.186083, 0.183084, 0.197667, 0.194417]
spread_F16_Multiply direct_low gpu median_ms=0.040333 p90_ms=0.041625 samples_ms=[0.041958, 0.041292, 0.039542, 0.0415, 0.041417, 0.041959, 0.040208, 0.041625, 0.040042, 0.040291, 0.040417, 0.041291, 0.041917, 0.0395, 0.039958, 0.040167, 0.040333, 0.039208, 0.040083, 0.039541, 0.039542, 0.039625, 0.041167, 0.03975, 0.040958, 0.040583, 0.039292, 0.040958, 0.04125, 0.039791, 0.04075]
spread_F16_Min cast_f32 host median_ms=0.224458 p90_ms=0.229250 samples_ms=[0.22474999999999998, 0.22525, 0.224792, 0.213875, 0.226042, 0.21870799999999999, 0.230959, 0.221542, 0.22512500000000002, 0.224458, 0.224459, 0.262375, 0.22924999999999998, 0.21229199999999998, 0.21187499999999998, 0.21241700000000002, 0.215166, 0.227583, 0.220917, 0.22387500000000002, 0.213083, 0.22375, 0.22841699999999998, 0.223667, 0.228416, 0.223583, 0.308834, 0.22737500000000002, 0.218333, 0.226042, 0.220833]
spread_F16_Min cast_f32 gpu median_ms=0.066667 p90_ms=0.067500 samples_ms=[0.063458, 0.067625, 0.066667, 0.067125, 0.066333, 0.067541, 0.066792, 0.066833, 0.063125, 0.067, 0.066791, 0.067, 0.066333, 0.064625, 0.064583, 0.065292, 0.062625, 0.063083, 0.066916, 0.067416, 0.064792, 0.0675, 0.062333, 0.065375, 0.06275, 0.067208, 0.067041, 0.06975, 0.062166, 0.067167, 0.066417]
spread_F16_Min direct_low host median_ms=0.187792 p90_ms=0.191292 samples_ms=[0.188, 0.187917, 0.18837500000000001, 0.187792, 0.177125, 0.187542, 0.19129100000000002, 0.17808400000000002, 0.189458, 0.18720799999999999, 0.19266699999999998, 0.18912500000000002, 0.192, 0.17216599999999999, 0.174167, 0.173292, 0.17512499999999998, 0.17433300000000002, 0.186875, 0.189333, 0.171583, 0.189, 0.191292, 0.185833, 0.189, 0.181291, 0.177792, 0.20149999999999998, 0.18925, 0.185583, 0.18812500000000001]
spread_F16_Min direct_low gpu median_ms=0.032625 p90_ms=0.033625 samples_ms=[0.033166, 0.033375, 0.031667, 0.033459, 0.032291, 0.032084, 0.032417, 0.033042, 0.033709, 0.032042, 0.0325, 0.033042, 0.033625, 0.032, 0.032583, 0.032375, 0.032625, 0.032417, 0.032541, 0.035834, 0.032417, 0.031958, 0.032958, 0.032792, 0.033625, 0.033542, 0.032208, 0.032125, 0.033375, 0.033625, 0.033333]
spread_F16_Max cast_f32 host median_ms=0.219291 p90_ms=0.226250 samples_ms=[0.208042, 0.225584, 0.209625, 0.225208, 0.227166, 0.21454199999999998, 0.213708, 0.219291, 0.205541, 0.211833, 0.208958, 0.221209, 0.22395800000000002, 0.23075, 0.21575000000000003, 0.210083, 0.207458, 0.220292, 0.216875, 0.221292, 0.224792, 0.22625, 0.222833, 0.208667, 0.213334, 0.222, 0.22225, 0.236292, 0.220042, 0.215125, 0.211167]
spread_F16_Max cast_f32 gpu median_ms=0.065417 p90_ms=0.067666 samples_ms=[0.06525, 0.065083, 0.063083, 0.066625, 0.063125, 0.06225, 0.065125, 0.062583, 0.068083, 0.066041, 0.065583, 0.066875, 0.068, 0.063042, 0.065792, 0.064875, 0.062834, 0.062458, 0.062417, 0.0665, 0.067792, 0.066125, 0.067625, 0.062416, 0.065417, 0.066834, 0.063375, 0.066875, 0.066125, 0.063167, 0.067666]
spread_F16_Max direct_low host median_ms=0.187709 p90_ms=0.193209 samples_ms=[0.17550000000000002, 0.188708, 0.181625, 0.18450000000000003, 0.17862499999999998, 0.306833, 0.184959, 0.193458, 0.19287500000000002, 0.18825, 0.186916, 0.187709, 0.186125, 0.18154099999999998, 0.171958, 0.188875, 0.17441700000000002, 0.1885, 0.178541, 0.308375, 0.177667, 0.190541, 0.187833, 0.19020800000000002, 0.189417, 0.184833, 0.185417, 0.19062500000000002, 0.191666, 0.19320900000000002, 0.186459]
spread_F16_Max direct_low gpu median_ms=0.032875 p90_ms=0.033542 samples_ms=[0.032417, 0.032208, 0.032625, 0.033459, 0.032125, 0.032167, 0.033542, 0.033167, 0.03375, 0.033375, 0.033416, 0.033542, 0.033208, 0.033333, 0.032333, 0.032792, 0.032167, 0.032416, 0.032458, 0.032375, 0.032042, 0.033084, 0.033208, 0.03325, 0.032875, 0.03375, 0.032791, 0.032583, 0.033625, 0.032875, 0.032709]
case=spread dtype=Bf16 rows=129 cols=1025 indices=2053 destinations=1025 transpose=false base_numel=132225 update_numel=264837 removed_f32_base_bytes=528900 removed_f32_updates_bytes=1059348
spread_Bf16_Replace cast_f32 host median_ms=0.220834 p90_ms=0.229208 samples_ms=[0.21575000000000003, 0.212625, 0.210667, 0.22699999999999998, 0.21208300000000002, 0.217166, 0.212917, 0.213084, 0.229208, 0.214792, 0.219125, 0.2265, 0.217125, 0.21229199999999998, 0.23241599999999998, 0.22737500000000002, 0.212833, 0.22391699999999998, 0.230375, 0.228209, 0.22858399999999998, 0.228042, 0.226875, 0.22933299999999998, 0.218041, 0.220834, 0.21925, 0.224208, 0.227042, 0.210458, 0.22145800000000002]
spread_Bf16_Replace cast_f32 gpu median_ms=0.071208 p90_ms=0.071625 samples_ms=[0.068625, 0.067209, 0.068209, 0.070959, 0.068209, 0.071542, 0.064542, 0.071458, 0.071584, 0.071625, 0.071417, 0.071208, 0.0715, 0.065709, 0.066167, 0.070791, 0.071458, 0.066416, 0.0715, 0.071875, 0.071333, 0.070959, 0.071292, 0.072042, 0.065667, 0.070708, 0.0685, 0.071625, 0.071709, 0.07125, 0.065334]
spread_Bf16_Replace direct_low host median_ms=0.190708 p90_ms=0.193792 samples_ms=[0.191, 0.1795, 0.190875, 0.193792, 0.182375, 0.191958, 0.198042, 0.1915, 0.18312499999999998, 0.189667, 0.18625, 0.190708, 0.18454199999999998, 0.19062500000000002, 0.191833, 0.186292, 0.180917, 0.1915, 0.325625, 0.196958, 0.178958, 0.176, 0.19124999999999998, 0.190917, 0.182917, 0.193458, 0.192542, 0.177292, 0.190083, 0.19095900000000002, 0.19037500000000002]
spread_Bf16_Replace direct_low gpu median_ms=0.036792 p90_ms=0.038417 samples_ms=[0.038083, 0.038625, 0.038459, 0.038041, 0.0365, 0.03625, 0.035833, 0.038333, 0.03625, 0.036792, 0.036792, 0.038083, 0.037791, 0.038417, 0.038084, 0.036166, 0.035875, 0.036375, 0.037917, 0.036041, 0.035958, 0.03575, 0.038209, 0.035667, 0.03575, 0.03825, 0.035792, 0.035959, 0.03825, 0.037625, 0.038417]
spread_Bf16_Add cast_f32 host median_ms=0.214042 p90_ms=0.225541 samples_ms=[0.211084, 0.225541, 0.224875, 0.202542, 0.210375, 0.214042, 0.22575, 0.212333, 0.226542, 0.225709, 0.2235, 0.224708, 0.221666, 0.211167, 0.208, 0.21875, 0.221583, 0.220667, 0.2085, 0.211084, 0.21195799999999998, 0.211125, 0.21225000000000002, 0.20637499999999998, 0.209042, 0.203792, 0.22425, 0.224792, 0.22474999999999998, 0.2145, 0.208417]
spread_Bf16_Add cast_f32 gpu median_ms=0.063709 p90_ms=0.067708 samples_ms=[0.062041, 0.06275, 0.06725, 0.063709, 0.065125, 0.065417, 0.062125, 0.062667, 0.067416, 0.0635, 0.072167, 0.06525, 0.066958, 0.062208, 0.063042, 0.062625, 0.067708, 0.069542, 0.067916, 0.062917, 0.065667, 0.062166, 0.062042, 0.06225, 0.064666, 0.066667, 0.067125, 0.062375, 0.067125, 0.062416, 0.062166]
spread_Bf16_Add direct_low host median_ms=0.194666 p90_ms=0.200416 samples_ms=[0.18920800000000002, 0.18929200000000002, 0.198959, 0.195875, 0.183333, 0.181333, 0.1965, 0.197792, 0.196333, 0.189541, 0.196, 0.33475, 0.186708, 0.191416, 0.20408300000000001, 0.181417, 0.194834, 0.199958, 0.197333, 0.195709, 0.19645900000000002, 0.18641600000000003, 0.200416, 0.186875, 0.181542, 0.229916, 0.194666, 0.189792, 0.185, 0.18375, 0.1855]
spread_Bf16_Add direct_low gpu median_ms=0.040541 p90_ms=0.041750 samples_ms=[0.040167, 0.040833, 0.041084, 0.040792, 0.039208, 0.039959, 0.041459, 0.040792, 0.04175, 0.041416, 0.041208, 0.039583, 0.040041, 0.041666, 0.039708, 0.039292, 0.041375, 0.039833, 0.04175, 0.039667, 0.041667, 0.042333, 0.040042, 0.040042, 0.039333, 0.04, 0.0415, 0.04175, 0.039709, 0.040541, 0.039584]
spread_Bf16_Multiply cast_f32 host median_ms=0.220417 p90_ms=0.227333 samples_ms=[0.231208, 0.211833, 0.225291, 0.214833, 0.21375, 0.22041699999999997, 0.21945800000000001, 0.226959, 0.213458, 0.224708, 0.230916, 0.227333, 0.225083, 0.2255, 0.22354100000000002, 0.214666, 0.215292, 0.210416, 0.346667, 0.21725, 0.20975, 0.22375, 0.220459, 0.219125, 0.22474999999999998, 0.224167, 0.225042, 0.206291, 0.20916700000000002, 0.207875, 0.208083]
spread_Bf16_Multiply cast_f32 gpu median_ms=0.065250 p90_ms=0.067084 samples_ms=[0.06525, 0.067084, 0.066291, 0.066125, 0.062375, 0.067125, 0.061834, 0.0665, 0.062292, 0.066584, 0.064625, 0.066917, 0.0665, 0.066708, 0.06625, 0.062, 0.062458, 0.062333, 0.062875, 0.064833, 0.064292, 0.067333, 0.064125, 0.0675, 0.066375, 0.06575, 0.066708, 0.061834, 0.062, 0.064708, 0.064375]
spread_Bf16_Multiply direct_low host median_ms=0.191542 p90_ms=0.199750 samples_ms=[0.19145800000000002, 0.1955, 0.194959, 0.198291, 0.188042, 0.199, 0.183708, 0.200209, 0.182792, 0.19574999999999998, 0.19320900000000002, 0.19975, 0.196208, 0.197541, 0.199791, 0.189333, 0.18812500000000001, 0.18670899999999999, 0.184, 0.191542, 0.18170799999999998, 0.180042, 0.19404200000000002, 0.198458, 0.200125, 0.198459, 0.185167, 0.183083, 0.185042, 0.18425, 0.18545899999999998]
spread_Bf16_Multiply direct_low gpu median_ms=0.039666 p90_ms=0.040708 samples_ms=[0.040542, 0.040417, 0.040416, 0.038833, 0.039333, 0.039666, 0.038833, 0.039375, 0.040333, 0.040084, 0.040542, 0.040625, 0.04075, 0.041875, 0.039208, 0.040375, 0.03925, 0.039375, 0.039375, 0.039375, 0.039542, 0.0405, 0.039125, 0.040458, 0.040708, 0.04075, 0.038959, 0.039125, 0.039, 0.03975, 0.039208]
spread_Bf16_Min cast_f32 host median_ms=0.213250 p90_ms=0.226875 samples_ms=[0.206792, 0.21854200000000001, 0.21325, 0.20670899999999998, 0.208083, 0.2105, 0.211709, 0.207291, 0.208667, 0.21954200000000001, 0.226875, 0.2255, 0.254042, 0.213625, 0.211333, 0.214042, 0.211125, 0.225917, 0.218417, 0.21000000000000002, 0.229459, 0.216541, 0.2195, 0.21670899999999998, 0.22629200000000002, 0.21275, 0.294292, 0.21141700000000002, 0.210292, 0.21275, 0.2095]
spread_Bf16_Min cast_f32 gpu median_ms=0.064542 p90_ms=0.066750 samples_ms=[0.065208, 0.065292, 0.065125, 0.061666, 0.06275, 0.064708, 0.066417, 0.061583, 0.064542, 0.064291, 0.066958, 0.06675, 0.065334, 0.064167, 0.064458, 0.066417, 0.067333, 0.065916, 0.062083, 0.064666, 0.064375, 0.066166, 0.061833, 0.066708, 0.067417, 0.061583, 0.0625, 0.062, 0.062292, 0.061709, 0.06175]
spread_Bf16_Min direct_low host median_ms=0.177167 p90_ms=0.188416 samples_ms=[0.171542, 0.173875, 0.174875, 0.17325000000000002, 0.17320899999999997, 0.175542, 0.177334, 0.17200000000000001, 0.185083, 0.169875, 0.195792, 0.187834, 0.18775, 0.174875, 0.173084, 0.177167, 0.186334, 0.18645799999999998, 0.176958, 0.178916, 0.18845900000000002, 0.183, 0.183792, 0.185875, 0.182375, 0.17450000000000002, 0.18904100000000001, 0.175917, 0.176541, 0.17200000000000001, 0.188416]
spread_Bf16_Min direct_low gpu median_ms=0.032084 p90_ms=0.032708 samples_ms=[0.032, 0.032375, 0.032458, 0.031584, 0.032084, 0.031791, 0.031666, 0.032125, 0.032583, 0.031417, 0.031958, 0.031208, 0.033084, 0.032541, 0.0315, 0.031375, 0.032667, 0.032708, 0.031875, 0.035, 0.0325, 0.032, 0.032125, 0.032167, 0.031959, 0.032708, 0.032625, 0.03175, 0.031709, 0.031417, 0.032667]
spread_Bf16_Max cast_f32 host median_ms=0.223875 p90_ms=0.227167 samples_ms=[0.2205, 0.22325, 0.223167, 0.216834, 0.225083, 0.22254100000000002, 0.222375, 0.20900000000000002, 0.224333, 0.225667, 0.224541, 0.211208, 0.21275, 0.22387500000000002, 0.22716699999999998, 0.22420900000000002, 0.22125, 0.225834, 0.224916, 0.22287500000000002, 0.224458, 0.222375, 0.222833, 0.227875, 0.224083, 0.225209, 0.22891599999999998, 0.230625, 0.219417, 0.222125, 0.224625]
spread_Bf16_Max cast_f32 gpu median_ms=0.064125 p90_ms=0.067458 samples_ms=[0.064292, 0.067458, 0.061792, 0.06475, 0.062667, 0.067292, 0.065334, 0.06525, 0.064125, 0.067084, 0.061916, 0.067292, 0.061584, 0.0675, 0.062, 0.067792, 0.062667, 0.062917, 0.064, 0.067416, 0.061375, 0.062209, 0.062875, 0.067291, 0.064125, 0.067792, 0.061875, 0.06725, 0.062792, 0.062375, 0.061708]
spread_Bf16_Max direct_low host median_ms=0.182166 p90_ms=0.191833 samples_ms=[0.17124999999999999, 0.18670899999999999, 0.17758300000000002, 0.17433300000000002, 0.188458, 0.187167, 0.182166, 0.185167, 0.18770799999999999, 0.18025, 0.176375, 0.19737500000000002, 0.191833, 0.17875000000000002, 0.190667, 0.17300000000000001, 0.18654199999999999, 0.17479099999999997, 0.18075, 0.328208, 0.178209, 0.172375, 0.17541700000000002, 0.188916, 0.175167, 0.186125, 0.189875, 0.187917, 0.19225, 0.17308300000000001, 0.171875]
spread_Bf16_Max direct_low gpu median_ms=0.032583 p90_ms=0.033500 samples_ms=[0.032583, 0.032375, 0.0315, 0.031916, 0.0335, 0.03325, 0.033666, 0.032208, 0.033333, 0.032541, 0.031375, 0.031875, 0.0335, 0.032458, 0.031417, 0.033583, 0.033167, 0.032375, 0.033792, 0.032959, 0.033416, 0.032042, 0.032708, 0.032917, 0.032, 0.032167, 0.033417, 0.03325, 0.032834, 0.031458, 0.032208]
case=hot dtype=F16 rows=17 cols=19 indices=4101 destinations=1 transpose=false base_numel=323 update_numel=69717 removed_f32_base_bytes=1292 removed_f32_updates_bytes=278868
hot_F16_Replace cast_f32 host median_ms=0.159416 p90_ms=0.162084 samples_ms=[0.142542, 0.158333, 0.162084, 0.147708, 0.144458, 0.16108299999999998, 0.160541, 0.15975, 0.154666, 0.159416, 0.16141699999999998, 0.153792, 0.159, 0.153375, 0.14175000000000001, 0.160917, 0.151208, 0.1615, 0.16366699999999998, 0.163542, 0.159917, 0.161916, 0.15937500000000002, 0.15975, 0.15537499999999999, 0.160667, 0.16258399999999998, 0.16037500000000002, 0.153667, 0.158458, 0.155416]
hot_F16_Replace cast_f32 gpu median_ms=0.035083 p90_ms=0.035541 samples_ms=[0.032167, 0.035542, 0.035167, 0.032041, 0.032208, 0.035417, 0.035209, 0.035208, 0.035166, 0.035708, 0.035375, 0.035541, 0.032917, 0.031875, 0.032334, 0.035667, 0.035166, 0.031792, 0.035125, 0.033167, 0.03475, 0.035458, 0.035083, 0.031916, 0.034959, 0.032042, 0.035208, 0.03525, 0.034958, 0.035, 0.033333]
hot_F16_Replace direct_low host median_ms=0.145917 p90_ms=0.148667 samples_ms=[0.135417, 0.270083, 0.146417, 0.147125, 0.13383399999999998, 0.144583, 0.14529199999999998, 0.144958, 0.147792, 0.134375, 0.14783400000000002, 0.148667, 0.14629199999999998, 0.15062499999999998, 0.147084, 0.146083, 0.145917, 0.13224999999999998, 0.136125, 0.145917, 0.1495, 0.142542, 0.148083, 0.138333, 0.140625, 0.142667, 0.147042, 0.147083, 0.146334, 0.141541, 0.139333]
hot_F16_Replace direct_low gpu median_ms=0.022750 p90_ms=0.024417 samples_ms=[0.021583, 0.022459, 0.022625, 0.021917, 0.021667, 0.022542, 0.022708, 0.021916, 0.024208, 0.024667, 0.022792, 0.022375, 0.024042, 0.024417, 0.02275, 0.024417, 0.024125, 0.021875, 0.022834, 0.024458, 0.024041, 0.02425, 0.021667, 0.021917, 0.024125, 0.022041, 0.022625, 0.024167, 0.024292, 0.023708, 0.021708]
hot_F16_Add cast_f32 host median_ms=5.188583 p90_ms=5.292208 samples_ms=[5.207541000000001, 5.212625, 5.292208, 5.1606250000000005, 5.180958, 5.123959, 5.198292, 5.090333, 5.139292, 5.227334, 5.152125, 5.156333, 5.145042, 5.111542, 5.228667000000001, 5.221875, 5.149375, 5.188583, 5.346834, 5.240583, 5.366875, 5.168167, 5.239875, 5.274166999999999, 5.282875000000001, 5.132208, 5.1991249999999996, 5.067792, 5.173, 5.181291, 5.330833]
hot_F16_Add cast_f32 gpu median_ms=4.963875 p90_ms=5.037167 samples_ms=[5.055875, 4.899084, 4.9275, 4.870458, 4.966375, 4.885, 4.929792, 4.928959, 4.915792, 4.941459, 4.991292, 4.986958, 4.925917, 4.963916, 4.941958, 5.006334, 5.10025, 4.997209, 5.006375, 4.927541, 5.045083, 5.00425, 4.981417, 4.944458, 4.969584, 4.913583, 4.913375, 4.963875, 5.004958, 4.952791, 5.037167]
hot_F16_Add direct_low host median_ms=5.014250 p90_ms=5.128209 samples_ms=[4.9935, 5.129583, 5.0985, 5.032291000000001, 4.961250000000001, 5.029167, 5.068625, 5.005042, 4.996958, 5.044458, 4.915832999999999, 5.101541999999999, 5.006375, 5.227208, 4.9735, 4.997416, 5.045375, 5.10475, 4.9402919999999995, 5.00575, 4.945209, 5.128209, 5.000084, 4.96025, 5.047625, 4.953375, 5.01425, 5.16775, 4.912416, 5.107292, 5.061833]
hot_F16_Add direct_low gpu median_ms=4.815583 p90_ms=4.965584 samples_ms=[4.982125, 4.77925, 4.9775, 4.697291, 4.965584, 4.785625, 4.908208, 4.776375, 4.80675, 4.753416, 4.815708, 4.798917, 4.89575, 4.778166, 4.971458, 4.846125, 4.955375, 4.953167, 4.805709, 4.815583, 4.919541, 4.859916, 4.86175, 4.784583, 4.797084, 4.850125, 4.803208, 4.815959, 4.786833, 4.810958, 4.790166]
hot_F16_Multiply cast_f32 host median_ms=0.174708 p90_ms=0.188209 samples_ms=[0.175542, 0.167959, 0.18258400000000002, 0.1855, 0.179125, 0.165959, 0.230458, 0.16841699999999998, 0.16520900000000002, 0.180958, 0.16866599999999998, 0.19512500000000002, 0.187583, 0.181833, 0.171, 0.188209, 0.171209, 0.181709, 0.18229199999999998, 0.166167, 0.16162500000000002, 0.180458, 0.168333, 0.1725, 0.17945799999999998, 0.174042, 0.171459, 0.171167, 0.171625, 0.18825, 0.174708]
hot_F16_Multiply cast_f32 gpu median_ms=0.057583 p90_ms=0.059792 samples_ms=[0.057833, 0.057583, 0.058292, 0.061416, 0.057959, 0.058375, 0.058791, 0.055333, 0.0555, 0.059, 0.055833, 0.058334, 0.054167, 0.0555, 0.055541, 0.05975, 0.060125, 0.055833, 0.060208, 0.055417, 0.055917, 0.057166, 0.056375, 0.05475, 0.056792, 0.054792, 0.057917, 0.055167, 0.059375, 0.059292, 0.059792]
hot_F16_Multiply direct_low host median_ms=0.172833 p90_ms=0.184416 samples_ms=[0.17283300000000001, 0.171542, 0.16612500000000002, 0.17316700000000002, 0.176792, 0.17479099999999997, 0.178083, 0.170292, 0.178584, 0.166083, 0.179708, 0.163209, 0.174042, 0.177875, 0.248375, 0.16375, 0.17341700000000002, 0.174917, 0.16037500000000002, 0.15529199999999999, 0.158625, 0.16354100000000002, 0.158208, 0.301, 0.16641599999999998, 0.16449999999999998, 0.166875, 0.162708, 0.184416, 0.18000000000000002, 0.18629099999999998]
hot_F16_Multiply direct_low gpu median_ms=0.051292 p90_ms=0.054417 samples_ms=[0.051083, 0.052333, 0.051208, 0.052167, 0.049416, 0.049208, 0.056208, 0.047125, 0.045375, 0.05475, 0.052834, 0.050666, 0.051792, 0.049709, 0.051875, 0.047042, 0.054834, 0.0525, 0.0515, 0.049083, 0.053375, 0.046375, 0.04925, 0.051292, 0.052333, 0.051792, 0.047625, 0.049542, 0.052458, 0.054417, 0.049333]
hot_F16_Min cast_f32 host median_ms=0.161917 p90_ms=0.165500 samples_ms=[0.152542, 0.160666, 0.16449999999999998, 0.165, 0.163792, 0.16349999999999998, 0.153792, 0.275625, 0.1545, 0.162916, 0.156667, 0.163625, 0.154583, 0.14550000000000002, 0.16141699999999998, 0.16124999999999998, 0.162375, 0.165584, 0.161917, 0.149375, 0.149334, 0.16470800000000002, 0.163084, 0.161917, 0.149, 0.1655, 0.163625, 0.151041, 0.171042, 0.15045799999999998, 0.149166]
hot_F16_Min cast_f32 gpu median_ms=0.041667 p90_ms=0.042250 samples_ms=[0.038667, 0.041667, 0.041917, 0.041458, 0.03975, 0.04175, 0.041667, 0.041708, 0.042417, 0.041541, 0.041166, 0.04225, 0.038625, 0.041792, 0.042083, 0.041875, 0.042458, 0.041833, 0.042042, 0.039625, 0.038875, 0.04225, 0.041542, 0.042333, 0.039875, 0.040417, 0.041333, 0.041208, 0.039583, 0.041959, 0.038917]
hot_F16_Min direct_low host median_ms=0.158000 p90_ms=0.162375 samples_ms=[0.158875, 0.149459, 0.158542, 0.158584, 0.156583, 0.166541, 0.160333, 0.158875, 0.162292, 0.158, 0.148458, 0.158875, 0.15287499999999998, 0.15604200000000001, 0.158083, 0.147125, 0.157333, 0.162375, 0.16366699999999998, 0.14837499999999998, 0.146709, 0.145125, 0.143792, 0.154708, 0.15825, 0.158458, 0.159458, 0.15187499999999998, 0.148209, 0.164125, 0.146458]
hot_F16_Min direct_low gpu median_ms=0.039125 p90_ms=0.039833 samples_ms=[0.038291, 0.039583, 0.039125, 0.039833, 0.038375, 0.037667, 0.03875, 0.039708, 0.039042, 0.039125, 0.039167, 0.039292, 0.037459, 0.03925, 0.039083, 0.039625, 0.038208, 0.039, 0.039208, 0.037667, 0.038166, 0.037583, 0.039625, 0.039208, 0.039958, 0.037625, 0.039875, 0.041083, 0.0395, 0.03775, 0.037375]
hot_F16_Max cast_f32 host median_ms=0.156750 p90_ms=0.162750 samples_ms=[0.157417, 0.158833, 0.15425, 0.162916, 0.157583, 0.157083, 0.166083, 0.15675, 0.16124999999999998, 0.158541, 0.152083, 0.274667, 0.153167, 0.161167, 0.15625, 0.151791, 0.154833, 0.152542, 0.15475, 0.153583, 0.153291, 0.15275, 0.152292, 0.15629099999999999, 0.159, 0.154875, 0.155584, 0.157834, 0.16020800000000002, 0.158458, 0.16275]
hot_F16_Max cast_f32 gpu median_ms=0.048000 p90_ms=0.048834 samples_ms=[0.048583, 0.048875, 0.048834, 0.0475, 0.048041, 0.046208, 0.047, 0.047584, 0.048, 0.04875, 0.0485, 0.046583, 0.047666, 0.047125, 0.04825, 0.0475, 0.048666, 0.045917, 0.048, 0.048375, 0.048541, 0.047875, 0.047791, 0.047792, 0.047333, 0.048875, 0.048125, 0.045833, 0.048125, 0.049084, 0.047209]
hot_F16_Max direct_low host median_ms=0.157667 p90_ms=0.163416 samples_ms=[0.16004100000000002, 0.160084, 0.28620799999999996, 0.163416, 0.16387500000000002, 0.15954200000000002, 0.157291, 0.155, 0.15712500000000001, 0.15895800000000002, 0.157667, 0.15275, 0.15325000000000003, 0.15825, 0.15437499999999998, 0.157458, 0.156583, 0.155042, 0.154708, 0.158083, 0.156416, 0.21895799999999999, 0.157583, 0.15712500000000001, 0.159042, 0.15775, 0.16120800000000002, 0.16262500000000002, 0.159541, 0.157458, 0.15675]
hot_F16_Max direct_low gpu median_ms=0.050375 p90_ms=0.051750 samples_ms=[0.050083, 0.0515, 0.050292, 0.050375, 0.0485, 0.051334, 0.051042, 0.050333, 0.050959, 0.052584, 0.050042, 0.049916, 0.052209, 0.049375, 0.051167, 0.050459, 0.049917, 0.050125, 0.050792, 0.05175, 0.050583, 0.049584, 0.050333, 0.050667, 0.052166, 0.047458, 0.0515, 0.048541, 0.04975, 0.049875, 0.0515]
case=hot dtype=Bf16 rows=17 cols=19 indices=4101 destinations=1 transpose=false base_numel=323 update_numel=69717 removed_f32_base_bytes=1292 removed_f32_updates_bytes=278868
hot_Bf16_Replace cast_f32 host median_ms=0.140917 p90_ms=0.143084 samples_ms=[0.139708, 0.14008299999999999, 0.13899999999999998, 0.142042, 0.141459, 0.140333, 0.144375, 0.141958, 0.14024999999999999, 0.139667, 0.13937500000000003, 0.142291, 0.1415, 0.137959, 0.143084, 0.1485, 0.14629199999999998, 0.13975, 0.14183300000000001, 0.13725, 0.142292, 0.13916699999999999, 0.141083, 0.138042, 0.14091700000000001, 0.142583, 0.140959, 0.140125, 0.138667, 0.137916, 0.1415]
hot_Bf16_Replace cast_f32 gpu median_ms=0.032208 p90_ms=0.032625 samples_ms=[0.032042, 0.03225, 0.032084, 0.032, 0.032292, 0.032417, 0.031875, 0.032584, 0.031667, 0.032333, 0.032125, 0.032416, 0.031875, 0.03225, 0.032625, 0.032208, 0.032042, 0.032625, 0.031917, 0.032083, 0.032584, 0.032125, 0.032458, 0.032167, 0.031917, 0.032167, 0.0325, 0.032417, 0.032666, 0.032833, 0.032041]
hot_Bf16_Replace direct_low host median_ms=0.128708 p90_ms=0.132875 samples_ms=[0.128708, 0.13016699999999998, 0.128375, 0.124666, 0.126625, 0.127792, 0.12758299999999997, 0.127666, 0.12787500000000002, 0.13016699999999998, 0.132875, 0.12929200000000002, 0.125917, 0.12679100000000001, 0.129166, 0.13054200000000002, 0.133125, 0.13075, 0.1285, 0.1325, 0.12995800000000002, 0.128375, 0.129708, 0.128792, 0.125917, 0.12975, 0.127833, 0.137333, 0.12787500000000002, 0.250209, 0.127291]
hot_Bf16_Replace direct_low gpu median_ms=0.022250 p90_ms=0.022833 samples_ms=[0.022416, 0.022042, 0.022833, 0.022042, 0.022208, 0.022042, 0.0225, 0.022333, 0.022166, 0.022208, 0.022417, 0.022042, 0.022375, 0.022041, 0.023084, 0.022709, 0.022208, 0.022292, 0.02225, 0.022083, 0.022875, 0.022125, 0.022333, 0.022, 0.022167, 0.022416, 0.022375, 0.021959, 0.022416, 0.022042, 0.022916]
hot_Bf16_Add cast_f32 host median_ms=5.171834 p90_ms=5.234500 samples_ms=[5.258667, 5.211791000000001, 5.473125, 5.154417, 5.141541999999999, 5.131667, 5.126582999999999, 5.172124999999999, 5.234417, 5.147417, 5.108542, 5.120292, 5.197375, 5.164542, 5.192416, 5.2059999999999995, 5.1718340000000005, 5.104791, 5.089125, 5.142209, 5.103833000000001, 5.136125, 5.2345, 5.2021250000000006, 5.174207999999999, 5.132375, 5.18, 5.2177500000000006, 5.206125, 5.23825, 5.159583]
hot_Bf16_Add cast_f32 gpu median_ms=4.965917 p90_ms=5.019834 samples_ms=[5.080458, 5.047583, 4.921417, 5.012333, 4.956042, 4.965917, 4.978542, 4.965959, 5.017334, 4.905792, 4.921625, 4.866417, 4.972458, 4.921375, 4.935916, 4.995958, 4.978541, 4.973584, 4.979458, 5.019834, 4.920708, 4.948667, 4.969209, 4.960833, 4.956292, 4.954125, 4.95975, 5.058084, 4.885, 4.960458, 5.013792]
hot_Bf16_Add direct_low host median_ms=5.073208 p90_ms=5.144791 samples_ms=[5.054708, 5.066, 4.941, 5.185833, 5.071667000000001, 4.966375, 5.0427919999999995, 5.078792, 5.116375000000001, 4.936667, 5.178542, 5.110792, 5.030792, 4.991791, 5.144791000000001, 5.080208, 5.133, 5.09725, 5.096458, 5.058083, 5.0742080000000005, 5.1530830000000005, 5.018042, 4.894125, 5.098084, 5.139875, 5.073208, 5.040167, 5.137499999999999, 5.045875, 5.001917]
hot_Bf16_Add direct_low gpu median_ms=4.897875 p90_ms=4.959125 samples_ms=[4.798958, 4.882833, 4.896166, 4.878833, 4.898292, 4.922375, 4.96575, 5.00225, 4.94525, 4.905084, 4.719625, 4.905791, 4.905, 4.956458, 4.919542, 4.884875, 4.897875, 4.9125, 4.961542, 4.894166, 4.908292, 4.872875, 4.886708, 4.773834, 4.8965, 4.865791, 4.814792, 4.796958, 4.959125, 4.78975, 4.901791]
hot_Bf16_Multiply cast_f32 host median_ms=0.162167 p90_ms=0.165875 samples_ms=[0.16004100000000002, 0.163792, 0.162583, 0.160416, 0.165875, 0.16145800000000002, 0.158667, 0.158625, 0.166208, 0.162667, 0.16162500000000002, 0.26687500000000003, 0.162333, 0.164292, 0.160291, 0.163208, 0.166, 0.163833, 0.159291, 0.159083, 0.159917, 0.162333, 0.161292, 0.163792, 0.16020800000000002, 0.158708, 0.159458, 0.158833, 0.163791, 0.162167, 0.162208]
hot_Bf16_Multiply cast_f32 gpu median_ms=0.056417 p90_ms=0.058916 samples_ms=[0.054625, 0.060166, 0.058375, 0.058917, 0.060958, 0.056083, 0.056834, 0.055417, 0.057042, 0.0575, 0.055292, 0.056417, 0.056833, 0.055875, 0.056584, 0.05575, 0.057292, 0.058916, 0.053667, 0.055917, 0.057958, 0.055041, 0.054916, 0.0575, 0.058667, 0.057375, 0.054125, 0.05475, 0.053625, 0.055666, 0.054958]
hot_Bf16_Multiply direct_low host median_ms=0.154500 p90_ms=0.158750 samples_ms=[0.155083, 0.15554199999999999, 0.15504099999999998, 0.155834, 0.151833, 0.15341700000000003, 0.154334, 0.15754100000000001, 0.159583, 0.1545, 0.154875, 0.151208, 0.1525, 0.154666, 0.15875, 0.155709, 0.15429199999999998, 0.15125, 0.153584, 0.150917, 0.150042, 0.25383300000000003, 0.15475, 0.153458, 0.152667, 0.15895800000000002, 0.151583, 0.156083, 0.15645799999999999, 0.152, 0.150459]
hot_Bf16_Multiply direct_low gpu median_ms=0.049000 p90_ms=0.052084 samples_ms=[0.046583, 0.052084, 0.050375, 0.0495, 0.050125, 0.050291, 0.048375, 0.047917, 0.052417, 0.045292, 0.0465, 0.051875, 0.0525, 0.047666, 0.050625, 0.049542, 0.048959, 0.048917, 0.048125, 0.049208, 0.046625, 0.047875, 0.045417, 0.053167, 0.051416, 0.049084, 0.050166, 0.044875, 0.049, 0.047, 0.048167]
hot_Bf16_Min cast_f32 host median_ms=0.144792 p90_ms=0.148167 samples_ms=[0.14737499999999998, 0.145709, 0.14387499999999998, 0.145625, 0.14737499999999998, 0.144375, 0.144333, 0.144792, 0.145, 0.144208, 0.144833, 0.143709, 0.144833, 0.14525000000000002, 0.14529199999999998, 0.144458, 0.144416, 0.148167, 0.144875, 0.155, 0.15645799999999999, 0.145, 0.14341700000000002, 0.134208, 0.136167, 0.135083, 0.13366699999999998, 0.138333, 0.244125, 0.135125, 0.136125]
hot_Bf16_Min cast_f32 gpu median_ms=0.039500 p90_ms=0.040292 samples_ms=[0.039458, 0.0395, 0.039709, 0.038709, 0.040041, 0.040084, 0.041541, 0.0395, 0.039417, 0.039125, 0.039791, 0.039083, 0.040375, 0.039708, 0.039, 0.041625, 0.039709, 0.039042, 0.0395, 0.039167, 0.039791, 0.039959, 0.03975, 0.039334, 0.040042, 0.038417, 0.040292, 0.038417, 0.03975, 0.038541, 0.038917]
hot_Bf16_Min direct_low host median_ms=0.141042 p90_ms=0.143833 samples_ms=[0.14383300000000002, 0.141458, 0.141042, 0.140667, 0.14308300000000002, 0.141542, 0.140583, 0.1415, 0.142042, 0.143459, 0.14024999999999999, 0.14091700000000001, 0.14016699999999999, 0.143125, 0.142125, 0.141125, 0.140458, 0.140625, 0.14625, 0.15125, 0.152167, 0.141291, 0.143292, 0.133709, 0.128709, 0.134041, 0.13075, 0.1305, 0.130708, 0.132791, 0.13037500000000002]
hot_Bf16_Min direct_low gpu median_ms=0.037208 p90_ms=0.037542 samples_ms=[0.037208, 0.037542, 0.036792, 0.037458, 0.03725, 0.037041, 0.03625, 0.037541, 0.037, 0.03675, 0.037959, 0.03725, 0.037333, 0.037541, 0.037042, 0.037209, 0.037208, 0.037667, 0.037209, 0.037334, 0.036834, 0.037542, 0.036958, 0.036583, 0.037166, 0.03725, 0.036541, 0.036667, 0.03675, 0.037333, 0.036667]
hot_Bf16_Max cast_f32 host median_ms=0.155541 p90_ms=0.161292 samples_ms=[0.156375, 0.157542, 0.156791, 0.153416, 0.15804200000000002, 0.158625, 0.157041, 0.16425, 0.162583, 0.161292, 0.16124999999999998, 0.160958, 0.16574999999999998, 0.155875, 0.155583, 0.154, 0.154041, 0.154625, 0.152917, 0.155541, 0.154167, 0.15295799999999998, 0.153458, 0.15512499999999999, 0.154458, 0.154834, 0.15425, 0.15225, 0.154834, 0.159083, 0.15312499999999998]
hot_Bf16_Max cast_f32 gpu median_ms=0.047959 p90_ms=0.048875 samples_ms=[0.047584, 0.047708, 0.048583, 0.048333, 0.048041, 0.048834, 0.049041, 0.047375, 0.048875, 0.048834, 0.046542, 0.048584, 0.047833, 0.049792, 0.047625, 0.048459, 0.047709, 0.04825, 0.047042, 0.047541, 0.048542, 0.048375, 0.049625, 0.047959, 0.047625, 0.048708, 0.047917, 0.047708, 0.0475, 0.047, 0.047792]
hot_Bf16_Max direct_low host median_ms=0.156917 p90_ms=0.162125 samples_ms=[0.160541, 0.155333, 0.156917, 0.155291, 0.153208, 0.154625, 0.162125, 0.200542, 0.15895800000000002, 0.159417, 0.158583, 0.159458, 0.164125, 0.16674999999999998, 0.155792, 0.158208, 0.159417, 0.156541, 0.155167, 0.15425, 0.154042, 0.157709, 0.153834, 0.15729200000000002, 0.15712500000000001, 0.15595900000000001, 0.157583, 0.152959, 0.153375, 0.154833, 0.155416]
hot_Bf16_Max direct_low gpu median_ms=0.050792 p90_ms=0.052000 samples_ms=[0.051542, 0.051292, 0.0525, 0.050917, 0.052709, 0.05125, 0.051083, 0.049792, 0.052, 0.05025, 0.049042, 0.049583, 0.050958, 0.050542, 0.050083, 0.050792, 0.051917, 0.051542, 0.048666, 0.050583, 0.049667, 0.050584, 0.051792, 0.051083, 0.052625, 0.049708, 0.049708, 0.051959, 0.050333, 0.04875, 0.050584]
case=strided dtype=F16 rows=257 cols=1025 indices=515 destinations=1025 transpose=true base_numel=263425 update_numel=132355 removed_f32_base_bytes=1053700 removed_f32_updates_bytes=529420
strided_F16_Replace cast_f32 host median_ms=0.241291 p90_ms=0.245625 samples_ms=[0.240041, 0.247209, 0.241542, 0.241625, 0.245625, 0.23795899999999998, 0.24333300000000002, 0.238417, 0.237834, 0.238791, 0.243625, 0.246709, 0.2475, 0.244625, 0.240833, 0.242542, 0.24016700000000002, 0.244042, 0.241708, 0.241291, 0.241125, 0.24212499999999998, 0.2405, 0.237334, 0.236458, 0.237292, 0.23816700000000002, 0.240583, 0.244709, 0.242417, 0.238209]
strided_F16_Replace cast_f32 gpu median_ms=0.070666 p90_ms=0.074541 samples_ms=[0.070666, 0.073542, 0.070291, 0.070625, 0.075375, 0.074625, 0.073792, 0.070417, 0.072583, 0.073208, 0.074541, 0.069875, 0.069667, 0.074, 0.073125, 0.073167, 0.069917, 0.07, 0.070167, 0.073, 0.073334, 0.074625, 0.070375, 0.070292, 0.070209, 0.070125, 0.070541, 0.07075, 0.070541, 0.073125, 0.070542]
strided_F16_Replace direct_low host median_ms=0.196083 p90_ms=0.204917 samples_ms=[0.19487500000000002, 0.194291, 0.194334, 0.197333, 0.19487500000000002, 0.195833, 0.194167, 0.197708, 0.241625, 0.197125, 0.195875, 0.204917, 0.203792, 0.194083, 0.197875, 0.19574999999999998, 0.194833, 0.196083, 0.197917, 0.197625, 0.20829099999999998, 0.19675, 0.198292, 0.197084, 0.193, 0.19425, 0.195166, 0.297625, 0.19529200000000002, 0.193792, 0.19824999999999998]
strided_F16_Replace direct_low gpu median_ms=0.031083 p90_ms=0.031416 samples_ms=[0.030833, 0.031375, 0.03075, 0.030791, 0.031084, 0.030916, 0.031083, 0.031083, 0.031459, 0.030875, 0.031417, 0.031833, 0.030708, 0.031042, 0.031083, 0.031, 0.030708, 0.031125, 0.03125, 0.031084, 0.031334, 0.031166, 0.03075, 0.031083, 0.031416, 0.031208, 0.030958, 0.031084, 0.031292, 0.030875, 0.031125]
strided_F16_Add cast_f32 host median_ms=0.235917 p90_ms=0.238458 samples_ms=[0.22924999999999998, 0.234125, 0.237125, 0.237458, 0.236542, 0.238584, 0.232708, 0.23658300000000002, 0.23450000000000001, 0.234875, 0.232666, 0.23725, 0.237875, 0.238458, 0.232375, 0.23800000000000002, 0.234334, 0.23258299999999998, 0.232708, 0.237875, 0.233208, 0.23591700000000002, 0.23591700000000002, 0.245959, 0.249292, 0.236208, 0.236833, 0.235042, 0.233542, 0.235083, 0.236]
strided_F16_Add cast_f32 gpu median_ms=0.069167 p90_ms=0.071792 samples_ms=[0.066666, 0.071792, 0.069333, 0.069167, 0.071666, 0.071416, 0.071917, 0.069292, 0.072709, 0.068875, 0.071917, 0.065959, 0.069958, 0.069417, 0.066042, 0.065583, 0.066958, 0.070916, 0.069792, 0.065791, 0.069333, 0.065708, 0.07, 0.066958, 0.068708, 0.065958, 0.066167, 0.066292, 0.069333, 0.06625, 0.066333]
strided_F16_Add direct_low host median_ms=0.209250 p90_ms=0.217000 samples_ms=[0.208542, 0.211583, 0.210083, 0.207792, 0.2075, 0.211708, 0.20925, 0.20845799999999998, 0.207834, 0.208542, 0.212, 0.324208, 0.209208, 0.20916700000000002, 0.212458, 0.212375, 0.209084, 0.20925, 0.209708, 0.24475000000000002, 0.20891700000000002, 0.208083, 0.217, 0.216333, 0.217834, 0.208667, 0.207958, 0.209458, 0.207458, 0.209209, 0.21195799999999998]
strided_F16_Add direct_low gpu median_ms=0.044625 p90_ms=0.047000 samples_ms=[0.044709, 0.044333, 0.044584, 0.047, 0.046875, 0.043833, 0.045125, 0.046708, 0.04975, 0.044875, 0.04475, 0.043917, 0.044209, 0.04425, 0.047, 0.044041, 0.044625, 0.044583, 0.048, 0.044208, 0.0465, 0.044167, 0.045125, 0.044167, 0.0445, 0.044083, 0.049334, 0.044458, 0.04475, 0.044334, 0.045083]
strided_F16_Multiply cast_f32 host median_ms=0.235958 p90_ms=0.238167 samples_ms=[0.235542, 0.236958, 0.239125, 0.23591700000000002, 0.236334, 0.23450000000000001, 0.235958, 0.23583400000000002, 0.236458, 0.23075, 0.236417, 0.23608400000000002, 0.23966600000000002, 0.231916, 0.238459, 0.23383400000000001, 0.233166, 0.23633300000000002, 0.233625, 0.233625, 0.23650000000000002, 0.23766600000000002, 0.236875, 0.23525, 0.23816700000000002, 0.235083, 0.234208, 0.233125, 0.236916, 0.23775000000000002, 0.23399999999999999]
strided_F16_Multiply cast_f32 gpu median_ms=0.066041 p90_ms=0.069708 samples_ms=[0.0665, 0.069083, 0.069292, 0.066292, 0.065458, 0.065833, 0.069708, 0.065417, 0.065666, 0.066, 0.066459, 0.0655, 0.065167, 0.065375, 0.065375, 0.066375, 0.065583, 0.069125, 0.071291, 0.066125, 0.069375, 0.070834, 0.065458, 0.065833, 0.065916, 0.071208, 0.069458, 0.066583, 0.065916, 0.066041, 0.065833]
strided_F16_Multiply direct_low host median_ms=0.212125 p90_ms=0.220375 samples_ms=[0.215166, 0.209834, 0.209375, 0.208542, 0.21412499999999998, 0.210375, 0.213792, 0.207, 0.213, 0.209166, 0.212583, 0.21070799999999998, 0.21075, 0.323125, 0.217584, 0.211125, 0.213, 0.215958, 0.225875, 0.20791700000000002, 0.211, 0.212875, 0.223833, 0.21212499999999998, 0.22037500000000002, 0.21475, 0.209542, 0.20725, 0.211625, 0.216292, 0.209917]
strided_F16_Multiply direct_low gpu median_ms=0.044917 p90_ms=0.047417 samples_ms=[0.044542, 0.0445, 0.04475, 0.044959, 0.0455, 0.044167, 0.044667, 0.047084, 0.045208, 0.04425, 0.044625, 0.0445, 0.047542, 0.044792, 0.045041, 0.044459, 0.045209, 0.047417, 0.044708, 0.046, 0.044958, 0.044375, 0.045, 0.044334, 0.044958, 0.047458, 0.044708, 0.044917, 0.048125, 0.044792, 0.045125]
strided_F16_Min cast_f32 host median_ms=0.235958 p90_ms=0.240750 samples_ms=[0.232125, 0.232167, 0.237208, 0.235042, 0.23450000000000001, 0.235833, 0.236375, 0.23650000000000002, 0.239208, 0.239542, 0.334625, 0.235958, 0.237208, 0.237291, 0.236375, 0.234791, 0.232208, 0.23274999999999998, 0.235958, 0.23558300000000001, 0.23550000000000001, 0.234291, 0.24566699999999997, 0.23766600000000002, 0.236208, 0.24075, 0.243625, 0.232208, 0.232958, 0.231542, 0.231666]
strided_F16_Min cast_f32 gpu median_ms=0.069125 p90_ms=0.073917 samples_ms=[0.065875, 0.069417, 0.066, 0.070042, 0.069542, 0.066042, 0.071792, 0.070542, 0.069042, 0.072083, 0.073917, 0.068416, 0.069709, 0.075208, 0.066292, 0.069125, 0.075167, 0.074709, 0.0695, 0.067708, 0.069291, 0.06675, 0.066375, 0.066333, 0.069708, 0.06525, 0.066875, 0.065958, 0.066125, 0.069208, 0.066417]
strided_F16_Min direct_low host median_ms=0.190416 p90_ms=0.194833 samples_ms=[0.1885, 0.18795800000000001, 0.187875, 0.189167, 0.189583, 0.19720800000000002, 0.18975, 0.189083, 0.189916, 0.190667, 0.19162500000000002, 0.189958, 0.190416, 0.190583, 0.191958, 0.1945, 0.189083, 0.196166, 0.194833, 0.191208, 0.19249999999999998, 0.191, 0.189708, 0.19062500000000002, 0.19612500000000002, 0.190417, 0.188917, 0.18829200000000001, 0.188917, 0.190666, 0.188333]
strided_F16_Min direct_low gpu median_ms=0.027083 p90_ms=0.027458 samples_ms=[0.027083, 0.027125, 0.026875, 0.02675, 0.026917, 0.026833, 0.026917, 0.027458, 0.0275, 0.026833, 0.026791, 0.027625, 0.027084, 0.027333, 0.027209, 0.027084, 0.026458, 0.027083, 0.027292, 0.027083, 0.027083, 0.02675, 0.026833, 0.027167, 0.027083, 0.027041, 0.02725, 0.026875, 0.026959, 0.028042, 0.027125]
strided_F16_Max cast_f32 host median_ms=0.235958 p90_ms=0.245000 samples_ms=[0.259292, 0.238291, 0.23374999999999999, 0.23183399999999998, 0.238541, 0.237459, 0.23775000000000002, 0.23475, 0.235791, 0.23170800000000003, 0.23758300000000002, 0.23274999999999998, 0.236625, 0.235958, 0.232709, 0.2385, 0.23875, 0.239375, 0.23550000000000001, 0.238083, 0.262708, 0.233208, 0.235208, 0.245, 0.24683399999999997, 0.230875, 0.234042, 0.235791, 0.236625, 0.235042, 0.235875]
strided_F16_Max cast_f32 gpu median_ms=0.068709 p90_ms=0.070042 samples_ms=[0.066416, 0.068625, 0.066, 0.06975, 0.06925, 0.066125, 0.070625, 0.065875, 0.065459, 0.069917, 0.069917, 0.068709, 0.070042, 0.069041, 0.069333, 0.065792, 0.069583, 0.068625, 0.06625, 0.069125, 0.069459, 0.065667, 0.069708, 0.071333, 0.066541, 0.065667, 0.070584, 0.06925, 0.0665, 0.065917, 0.06625]
strided_F16_Max direct_low host median_ms=0.190375 p90_ms=0.203292 samples_ms=[0.187917, 0.191125, 0.191125, 0.19037500000000002, 0.18925, 0.190125, 0.19045800000000002, 0.240459, 0.188708, 0.190459, 0.192583, 0.18937500000000002, 0.188625, 0.19145800000000002, 0.18912500000000002, 0.206, 0.189417, 0.19233299999999998, 0.188583, 0.20133299999999998, 0.189584, 0.189417, 0.204, 0.190708, 0.190292, 0.189083, 0.203292, 0.19104100000000002, 0.190083, 0.191917, 0.19037500000000002]
strided_F16_Max direct_low gpu median_ms=0.027042 p90_ms=0.027209 samples_ms=[0.027125, 0.026792, 0.027, 0.027208, 0.027125, 0.027, 0.026916, 0.027125, 0.027125, 0.027042, 0.026833, 0.027375, 0.026791, 0.02725, 0.027084, 0.027208, 0.027, 0.027083, 0.026792, 0.026875, 0.027209, 0.027042, 0.027, 0.027083, 0.026834, 0.02675, 0.027083, 0.027041, 0.02725, 0.026875, 0.027042]
case=strided dtype=Bf16 rows=257 cols=1025 indices=515 destinations=1025 transpose=true base_numel=263425 update_numel=132355 removed_f32_base_bytes=1053700 removed_f32_updates_bytes=529420
strided_Bf16_Replace cast_f32 host median_ms=0.241458 p90_ms=0.246500 samples_ms=[0.24158400000000002, 0.239042, 0.24004199999999998, 0.24737499999999998, 0.24125000000000002, 0.237291, 0.24266700000000002, 0.24295799999999998, 0.239292, 0.24225, 0.239041, 0.241458, 0.251042, 0.243458, 0.241625, 0.24041700000000002, 0.237417, 0.23758300000000002, 0.24649999999999997, 0.24016700000000002, 0.24179099999999998, 0.244584, 0.238375, 0.24225, 0.239333, 0.242875, 0.241208, 0.30762500000000004, 0.24020899999999998, 0.241167, 0.24233300000000002]
strided_Bf16_Replace cast_f32 gpu median_ms=0.070584 p90_ms=0.073541 samples_ms=[0.072375, 0.06975, 0.070125, 0.069666, 0.069583, 0.070584, 0.073667, 0.069875, 0.07275, 0.07, 0.069916, 0.073417, 0.07325, 0.072625, 0.069709, 0.070334, 0.074833, 0.06975, 0.072667, 0.072458, 0.069834, 0.073459, 0.073125, 0.069542, 0.072417, 0.070292, 0.073958, 0.06975, 0.072625, 0.070541, 0.073541]
strided_Bf16_Replace direct_low host median_ms=0.196667 p90_ms=0.204666 samples_ms=[0.20916700000000002, 0.198084, 0.198458, 0.193417, 0.203834, 0.195375, 0.196083, 0.199208, 0.19525, 0.195833, 0.19799999999999998, 0.1965, 0.196042, 0.195833, 0.199375, 0.26720900000000003, 0.198666, 0.196667, 0.198667, 0.195083, 0.19704100000000002, 0.204666, 0.19816699999999998, 0.196917, 0.19495800000000002, 0.19470800000000002, 0.19625, 0.192584, 0.19608399999999998, 0.22429200000000002, 0.195625]
strided_Bf16_Replace direct_low gpu median_ms=0.031125 p90_ms=0.031375 samples_ms=[0.030959, 0.031, 0.030667, 0.031208, 0.030792, 0.03125, 0.031208, 0.031167, 0.031209, 0.0315, 0.031, 0.031375, 0.031084, 0.031125, 0.030792, 0.031459, 0.031042, 0.031166, 0.031042, 0.031, 0.030708, 0.031333, 0.030875, 0.031334, 0.031125, 0.031417, 0.030875, 0.031292, 0.031041, 0.031167, 0.030792]
strided_Bf16_Add cast_f32 host median_ms=0.236042 p90_ms=0.241667 samples_ms=[0.23675000000000002, 0.235833, 0.235417, 0.232083, 0.234125, 0.248875, 0.235125, 0.236042, 0.241667, 0.236334, 0.23383400000000001, 0.233958, 0.236417, 0.23900000000000002, 0.23633300000000002, 0.232709, 0.235291, 0.36325, 0.234375, 0.23566700000000002, 0.2475, 0.23450000000000001, 0.235916, 0.23258299999999998, 0.237333, 0.236209, 0.236208, 0.236, 0.23725, 0.238583, 0.238875]
strided_Bf16_Add cast_f32 gpu median_ms=0.068125 p90_ms=0.070084 samples_ms=[0.069792, 0.069042, 0.069125, 0.064917, 0.066417, 0.0655, 0.065208, 0.06625, 0.070291, 0.06475, 0.065541, 0.065375, 0.068125, 0.070292, 0.065375, 0.06575, 0.071625, 0.068792, 0.065083, 0.068375, 0.0685, 0.070084, 0.069792, 0.068291, 0.064791, 0.068958, 0.065625, 0.068875, 0.065625, 0.069625, 0.066167]
strided_Bf16_Add direct_low host median_ms=0.211083 p90_ms=0.213333 samples_ms=[0.21475, 0.21208300000000002, 0.210792, 0.207625, 0.21108300000000002, 0.20862499999999998, 0.209209, 0.21275, 0.211375, 0.209583, 0.210084, 0.20983300000000002, 0.215209, 0.211, 0.208542, 0.209916, 0.212084, 0.21245899999999998, 0.21333300000000002, 0.212917, 0.219333, 0.213167, 0.21204199999999998, 0.20975, 0.208958, 0.207875, 0.213208, 0.208125, 0.210542, 0.21208300000000002, 0.21204199999999998]
strided_Bf16_Add direct_low gpu median_ms=0.044292 p90_ms=0.047375 samples_ms=[0.045125, 0.043833, 0.043958, 0.043875, 0.043791, 0.044167, 0.047333, 0.043667, 0.047792, 0.043667, 0.047375, 0.044, 0.047458, 0.04375, 0.0445, 0.043625, 0.047459, 0.044417, 0.044875, 0.043833, 0.044375, 0.043875, 0.044833, 0.044, 0.044625, 0.044292, 0.044791, 0.043667, 0.044917, 0.04375, 0.044375]
strided_Bf16_Multiply cast_f32 host median_ms=0.236125 p90_ms=0.244209 samples_ms=[0.252292, 0.24004199999999998, 0.240416, 0.233083, 0.237708, 0.230917, 0.233209, 0.304042, 0.238125, 0.23762499999999998, 0.238416, 0.23170800000000003, 0.231375, 0.235375, 0.258, 0.234459, 0.235041, 0.236292, 0.23308399999999999, 0.233459, 0.23174999999999998, 0.234625, 0.2385, 0.240625, 0.232333, 0.237208, 0.231792, 0.244209, 0.23875, 0.233542, 0.236125]
strided_Bf16_Multiply cast_f32 gpu median_ms=0.065750 p90_ms=0.069625 samples_ms=[0.065584, 0.072334, 0.068834, 0.064458, 0.065334, 0.065125, 0.06575, 0.064541, 0.065709, 0.064875, 0.065208, 0.065333, 0.06525, 0.068583, 0.065125, 0.068625, 0.066, 0.066167, 0.068708, 0.069625, 0.068959, 0.068417, 0.070625, 0.065792, 0.065625, 0.069167, 0.070125, 0.06825, 0.06525, 0.065458, 0.065542]
strided_Bf16_Multiply direct_low host median_ms=0.210625 p90_ms=0.213542 samples_ms=[0.214833, 0.210208, 0.211166, 0.208375, 0.211375, 0.207208, 0.212625, 0.206625, 0.207167, 0.21075, 0.21350000000000002, 0.212084, 0.210833, 0.210292, 0.213708, 0.20791700000000002, 0.209375, 0.207292, 0.21179099999999998, 0.20875000000000002, 0.208208, 0.210083, 0.210625, 0.20925, 0.219334, 0.210625, 0.213542, 0.212375, 0.211542, 0.21033400000000002, 0.208709]
strided_Bf16_Multiply direct_low gpu median_ms=0.044250 p90_ms=0.047292 samples_ms=[0.044459, 0.04425, 0.044, 0.044208, 0.044167, 0.043708, 0.044208, 0.044125, 0.044166, 0.044417, 0.046208, 0.044375, 0.043917, 0.044042, 0.043667, 0.044042, 0.047, 0.047333, 0.046541, 0.044417, 0.044167, 0.047292, 0.046958, 0.044167, 0.044125, 0.047667, 0.045291, 0.044125, 0.049, 0.04675, 0.046]
strided_Bf16_Min cast_f32 host median_ms=0.238292 p90_ms=0.243958 samples_ms=[0.24158400000000002, 0.23879199999999998, 0.235042, 0.235708, 0.361541, 0.235209, 0.243958, 0.243917, 0.23966600000000002, 0.24087499999999998, 0.233959, 0.23987499999999998, 0.235083, 0.232833, 0.238875, 0.237417, 0.240959, 0.238625, 0.238292, 0.233333, 0.238416, 0.235375, 0.23825, 0.24608300000000002, 0.246667, 0.23341599999999998, 0.241666, 0.23458400000000001, 0.232959, 0.235458, 0.23625]
strided_Bf16_Min cast_f32 gpu median_ms=0.065916 p90_ms=0.069875 samples_ms=[0.065792, 0.065583, 0.072292, 0.065875, 0.065625, 0.065209, 0.06625, 0.069625, 0.06925, 0.065416, 0.0705, 0.06575, 0.066583, 0.065916, 0.069458, 0.065334, 0.0655, 0.065416, 0.065709, 0.066792, 0.069208, 0.065833, 0.065292, 0.065375, 0.0655, 0.068833, 0.06925, 0.070666, 0.066667, 0.068666, 0.069875]
strided_Bf16_Min direct_low host median_ms=0.191500 p90_ms=0.197000 samples_ms=[0.19487500000000002, 0.190875, 0.190708, 0.19145800000000002, 0.192917, 0.19699999999999998, 0.189958, 0.1915, 0.192041, 0.189625, 0.190958, 0.18825, 0.191917, 0.193459, 0.19037500000000002, 0.195, 0.19799999999999998, 0.192791, 0.192459, 0.18954200000000002, 0.189667, 0.190666, 0.19262500000000002, 0.19104100000000002, 0.195708, 0.189917, 0.190583, 0.19062500000000002, 0.19804100000000002, 0.329542, 0.191542]
strided_Bf16_Min direct_low gpu median_ms=0.026833 p90_ms=0.027167 samples_ms=[0.027, 0.027, 0.026708, 0.026375, 0.027, 0.026459, 0.027417, 0.026958, 0.027375, 0.0265, 0.026833, 0.026709, 0.027166, 0.026167, 0.02675, 0.027167, 0.027, 0.0265, 0.027084, 0.026625, 0.026917, 0.026791, 0.026875, 0.026708, 0.026708, 0.026792, 0.027333, 0.026792, 0.026916, 0.026458, 0.027125]
strided_Bf16_Max cast_f32 host median_ms=0.236583 p90_ms=0.246958 samples_ms=[0.23258299999999998, 0.23970799999999998, 0.23450000000000001, 0.234541, 0.236083, 0.232417, 0.23825, 0.23575000000000002, 0.23983300000000002, 0.23425, 0.234208, 0.231084, 0.23374999999999999, 0.244, 0.237125, 0.23274999999999998, 0.233584, 0.239667, 0.243708, 0.380458, 0.246416, 0.234042, 0.237875, 0.24891699999999997, 0.24250000000000002, 0.25216700000000003, 0.24695799999999998, 0.232459, 0.23825, 0.23658300000000002, 0.23491599999999999]
strided_Bf16_Max cast_f32 gpu median_ms=0.065417 p90_ms=0.068833 samples_ms=[0.065208, 0.069, 0.064959, 0.067875, 0.066625, 0.065333, 0.068542, 0.065125, 0.064875, 0.065833, 0.064833, 0.065291, 0.069625, 0.069042, 0.066458, 0.068541, 0.064584, 0.065084, 0.065083, 0.065167, 0.064542, 0.065667, 0.065125, 0.065375, 0.065417, 0.065417, 0.0655, 0.068833, 0.068291, 0.065917, 0.066291]
strided_Bf16_Max direct_low host median_ms=0.191209 p90_ms=0.204625 samples_ms=[0.1885, 0.19304200000000002, 0.1895, 0.191375, 0.190584, 0.189792, 0.190875, 0.20654199999999998, 0.191958, 0.19141699999999998, 0.189958, 0.187709, 0.189875, 0.190083, 0.19045800000000002, 0.194167, 0.187625, 0.19249999999999998, 0.214583, 0.20149999999999998, 0.219958, 0.204625, 0.191209, 0.190166, 0.188291, 0.196959, 0.189875, 0.19249999999999998, 0.191042, 0.19354100000000002, 0.198875]
strided_Bf16_Max direct_low gpu median_ms=0.026667 p90_ms=0.027041 samples_ms=[0.026625, 0.026875, 0.026667, 0.027083, 0.026667, 0.026833, 0.026792, 0.0265, 0.026375, 0.026958, 0.026459, 0.027083, 0.02675, 0.026708, 0.026583, 0.026625, 0.026167, 0.026875, 0.026625, 0.0265, 0.026416, 0.027041, 0.026625, 0.026541, 0.02675, 0.026958, 0.027083, 0.026625, 0.026666, 0.026833, 0.026875]
