warning: binary `wgsl_export` should have a kebab-case name
  |
1 | /Users/themoretheless/Documents/Sources/open-scad-viewer/crates/target/.../wgsl_export
  |                                                                            ^^^^^^^^^^^
  |
  = note: `cargo::non_kebab_case_bins` is set to `warn` by default
help: to change the binary name to `wgsl-export`, convert the file stem
  |
1 - src/bin/wgsl_export.rs
1 + src/bin/wgsl-export.rs
  |
warning: `raster-core` (manifest) generated 1 warning
    Finished `release` profile [optimized] target(s) in 0.05s
     Running `crates/target/release/examples/bench_tensor_low_stats`
backend=metal;31 rotated samples;200ms warmup;resident low inputs;f32 outputs;reused programs;separate unprofiled host+readback and GPU shared-pass timings;independent f64 reference and every result buffer checked after timing;epsilon=0.125
case=small dtype=F16 rows=32 cols=33 axis=1 transpose=false input_numel=1056 removed_f32_input_bytes=4224
small_F16_Softmax cast_f32 host median_ms=0.110375 p90_ms=0.115084 samples_ms=[0.116125, 0.11524999999999999, 0.111834, 0.110333, 0.112334, 0.110375, 0.110209, 0.11462499999999999, 0.11412499999999999, 0.110375, 0.111375, 0.109875, 0.109875, 0.111875, 0.109833, 0.109542, 0.109791, 0.114, 0.108917, 0.11508399999999999, 0.110416, 0.11758300000000001, 0.11025, 0.10975, 0.10875, 0.111666, 0.110375, 0.10975, 0.109792, 0.112958, 0.107709]
small_F16_Softmax cast_f32 gpu median_ms=0.012041 p90_ms=0.012208 samples_ms=[0.011875, 0.011917, 0.012209, 0.012167, 0.011958, 0.012125, 0.011541, 0.012166, 0.012042, 0.011875, 0.012041, 0.012041, 0.012125, 0.011875, 0.012125, 0.012208, 0.012083, 0.012167, 0.012125, 0.012209, 0.01175, 0.012208, 0.011792, 0.012041, 0.012042, 0.011959, 0.011833, 0.01175, 0.011916, 0.011709, 0.011875]
small_F16_Softmax direct_low host median_ms=0.110125 p90_ms=0.113167 samples_ms=[0.11316699999999999, 0.113084, 0.111916, 0.109834, 0.104167, 0.112167, 0.1105, 0.113292, 0.106375, 0.110042, 0.110917, 0.11012499999999999, 0.110833, 0.11012499999999999, 0.109417, 0.109833, 0.109709, 0.107542, 0.112125, 0.110458, 0.11349999999999999, 0.108875, 0.10875, 0.109084, 0.107417, 0.108541, 0.111667, 0.110792, 0.106417, 0.120541, 0.108625]
small_F16_Softmax direct_low gpu median_ms=0.009834 p90_ms=0.010041 samples_ms=[0.010041, 0.009834, 0.010042, 0.009875, 0.010041, 0.00975, 0.009666, 0.009708, 0.009917, 0.009875, 0.01, 0.009875, 0.010083, 0.009833, 0.009917, 0.009917, 0.009709, 0.01, 0.01, 0.009708, 0.009708, 0.009958, 0.009791, 0.009708, 0.009792, 0.009625, 0.009542, 0.009833, 0.009833, 0.009625, 0.009875]
small_F16_LogSoftmax cast_f32 host median_ms=0.112458 p90_ms=0.158542 samples_ms=[0.156625, 0.159042, 0.158542, 0.15312499999999998, 0.150834, 0.167916, 0.159166, 0.11825000000000001, 0.113417, 0.113042, 0.11675, 0.11666699999999999, 0.111833, 0.110708, 0.111916, 0.106959, 0.113459, 0.110792, 0.110166, 0.112458, 0.112458, 0.11220799999999999, 0.112084, 0.110834, 0.110375, 0.11375, 0.111334, 0.109625, 0.10875, 0.1105, 0.11012499999999999]
small_F16_LogSoftmax cast_f32 gpu median_ms=0.012084 p90_ms=0.044291 samples_ms=[0.044041, 0.044291, 0.043917, 0.044667, 0.043666, 0.044666, 0.043792, 0.044333, 0.012, 0.012125, 0.011875, 0.012042, 0.011834, 0.012042, 0.011917, 0.011834, 0.012, 0.012208, 0.012042, 0.012208, 0.011958, 0.012292, 0.011666, 0.012292, 0.012084, 0.0115, 0.011709, 0.012125, 0.012, 0.01225, 0.012]
small_F16_LogSoftmax direct_low host median_ms=0.112541 p90_ms=0.149792 samples_ms=[0.14841600000000002, 0.150167, 0.14979199999999998, 0.15575, 0.142541, 0.148667, 0.14550000000000002, 0.158625, 0.111292, 0.112792, 0.118792, 0.110375, 0.1145, 0.110667, 0.11075, 0.112583, 0.109875, 0.110208, 0.110709, 0.11254199999999999, 0.121042, 0.112541, 0.11124999999999999, 0.11, 0.109083, 0.111458, 0.111, 0.1095, 0.109042, 0.118, 0.1095]
small_F16_LogSoftmax direct_low gpu median_ms=0.009917 p90_ms=0.036416 samples_ms=[0.036542, 0.036416, 0.036208, 0.036333, 0.036584, 0.036125, 0.03625, 0.036917, 0.00975, 0.009708, 0.009833, 0.00975, 0.009792, 0.01, 0.009792, 0.010083, 0.009875, 0.009917, 0.01, 0.009875, 0.009625, 0.009708, 0.009875, 0.009916, 0.01, 0.00975, 0.010041, 0.010042, 0.009833, 0.009584, 0.01]
small_F16_LogSumExp cast_f32 host median_ms=0.109375 p90_ms=0.113167 samples_ms=[0.114709, 0.111542, 0.110333, 0.109833, 0.111209, 0.11, 0.109375, 0.10787500000000001, 0.108333, 0.108208, 0.108125, 0.110417, 0.110625, 0.109208, 0.11316699999999999, 0.108333, 0.112917, 0.112541, 0.113792, 0.109125, 0.109083, 0.10770800000000001, 0.107459, 0.11266599999999999, 0.113417, 0.108792, 0.109333, 0.111708, 0.109209, 0.10579100000000001, 0.109292]
small_F16_LogSumExp cast_f32 gpu median_ms=0.011875 p90_ms=0.012083 samples_ms=[0.011708, 0.0115, 0.011833, 0.011792, 0.012084, 0.011875, 0.012, 0.01175, 0.012041, 0.011833, 0.011875, 0.011792, 0.012042, 0.011875, 0.011916, 0.011875, 0.012125, 0.011583, 0.012083, 0.011708, 0.012041, 0.011625, 0.012209, 0.011667, 0.011791, 0.011917, 0.011958, 0.011959, 0.012, 0.011792, 0.011958]
small_F16_LogSumExp direct_low host median_ms=0.108708 p90_ms=0.111375 samples_ms=[0.114333, 0.108708, 0.109042, 0.108459, 0.109542, 0.107667, 0.110417, 0.10625, 0.106792, 0.108708, 0.229208, 0.10775, 0.110667, 0.108708, 0.109833, 0.108, 0.111375, 0.108167, 0.108416, 0.110875, 0.106458, 0.106875, 0.106959, 0.10900000000000001, 0.109125, 0.109709, 0.107417, 0.107791, 0.111375, 0.108, 0.108708]
small_F16_LogSumExp direct_low gpu median_ms=0.009834 p90_ms=0.010125 samples_ms=[0.010166, 0.009917, 0.01, 0.009834, 0.010125, 0.009709, 0.00975, 0.009833, 0.009708, 0.009958, 0.00975, 0.009833, 0.009834, 0.009708, 0.009833, 0.009958, 0.010208, 0.009875, 0.009917, 0.009875, 0.009875, 0.009667, 0.00975, 0.009958, 0.009709, 0.009667, 0.009958, 0.009708, 0.010333, 0.009875, 0.00975]
small_F16_Moments cast_f32 host median_ms=0.113000 p90_ms=0.117875 samples_ms=[0.111833, 0.110833, 0.111208, 0.117125, 0.1125, 0.115291, 0.116, 0.111167, 0.113875, 0.110875, 0.110708, 0.117833, 0.111708, 0.113041, 0.112583, 0.121959, 0.12375, 0.11299999999999999, 0.11225, 0.11429199999999999, 0.116958, 0.11204199999999999, 0.112708, 0.113208, 0.113458, 0.11299999999999999, 0.2505, 0.112125, 0.11787500000000001, 0.109958, 0.11445799999999999]
small_F16_Moments cast_f32 gpu median_ms=0.013333 p90_ms=0.013459 samples_ms=[0.013375, 0.013458, 0.013417, 0.013375, 0.013375, 0.01325, 0.013458, 0.013334, 0.013167, 0.013042, 0.013334, 0.013333, 0.013333, 0.013458, 0.013666, 0.013208, 0.013334, 0.013083, 0.013459, 0.0135, 0.013333, 0.013584, 0.012958, 0.013458, 0.013166, 0.013125, 0.013125, 0.013083, 0.013084, 0.013084, 0.013041]
small_F16_Moments direct_low host median_ms=0.111625 p90_ms=0.115042 samples_ms=[0.109875, 0.110833, 0.12345800000000001, 0.111625, 0.11820800000000001, 0.111709, 0.110834, 0.112458, 0.111583, 0.109667, 0.111292, 0.111333, 0.112959, 0.113375, 0.114542, 0.11412499999999999, 0.118667, 0.110416, 0.110583, 0.112125, 0.11124999999999999, 0.11458299999999999, 0.112166, 0.109958, 0.110917, 0.113833, 0.11045899999999999, 0.110666, 0.115042, 0.112458, 0.11029199999999999]
small_F16_Moments direct_low gpu median_ms=0.011625 p90_ms=0.011792 samples_ms=[0.011459, 0.011458, 0.01175, 0.011667, 0.011625, 0.011625, 0.011416, 0.011625, 0.0115, 0.011666, 0.011667, 0.011375, 0.011625, 0.012, 0.011416, 0.011584, 0.011458, 0.011792, 0.011792, 0.011584, 0.011583, 0.011666, 0.011708, 0.011333, 0.011625, 0.011833, 0.011666, 0.011333, 0.0115, 0.011708, 0.011667]
small_F16_LayerNorm cast_f32 host median_ms=0.124250 p90_ms=0.131750 samples_ms=[0.108917, 0.11299999999999999, 0.128833, 0.12425000000000001, 0.12345800000000001, 0.12625, 0.132333, 0.12495799999999999, 0.12075, 0.12379200000000001, 0.12245800000000001, 0.12575, 0.12245800000000001, 0.12320899999999999, 0.123833, 0.12629100000000001, 0.20900000000000002, 0.12220800000000001, 0.125083, 0.125542, 0.123917, 0.147083, 0.13175, 0.12475, 0.12479200000000001, 0.12191700000000001, 0.121791, 0.115958, 0.12670800000000002, 0.123917, 0.124833]
small_F16_LayerNorm cast_f32 gpu median_ms=0.014042 p90_ms=0.014250 samples_ms=[0.014083, 0.014084, 0.014042, 0.014125, 0.014291, 0.013583, 0.014208, 0.013583, 0.0135, 0.014208, 0.013583, 0.014084, 0.014292, 0.014166, 0.013917, 0.013125, 0.014042, 0.014167, 0.013375, 0.014, 0.013583, 0.013458, 0.014125, 0.014084, 0.014208, 0.014333, 0.01425, 0.013125, 0.013459, 0.013417, 0.013333]
small_F16_LayerNorm direct_low host median_ms=0.123083 p90_ms=0.127416 samples_ms=[0.123292, 0.11920900000000001, 0.122166, 0.12462500000000001, 0.12237500000000001, 0.116, 0.11808400000000001, 0.12345800000000001, 0.129042, 0.12279200000000001, 0.128, 0.12308299999999998, 0.121333, 0.12570800000000001, 0.1215, 0.111916, 0.123958, 0.12504099999999999, 0.11804100000000001, 0.12545800000000001, 0.123583, 0.12375, 0.128916, 0.12741599999999997, 0.113083, 0.12433299999999999, 0.123208, 0.117916, 0.11904200000000001, 0.12283300000000001, 0.11933300000000001]
small_F16_LayerNorm direct_low gpu median_ms=0.011541 p90_ms=0.011708 samples_ms=[0.011709, 0.011208, 0.011667, 0.011541, 0.01125, 0.011334, 0.011291, 0.011375, 0.011708, 0.0115, 0.011083, 0.011208, 0.011625, 0.011708, 0.011542, 0.011292, 0.011625, 0.0115, 0.011667, 0.011625, 0.011, 0.011541, 0.011625, 0.011708, 0.011166, 0.011667, 0.01175, 0.011375, 0.0115, 0.011625, 0.011334]
case=small dtype=Bf16 rows=32 cols=33 axis=1 transpose=false input_numel=1056 removed_f32_input_bytes=4224
small_Bf16_Softmax cast_f32 host median_ms=0.123125 p90_ms=0.129625 samples_ms=[0.125917, 0.128458, 0.125667, 0.123125, 0.12604200000000002, 0.11925, 0.11395799999999999, 0.1265, 0.12929200000000002, 0.117958, 0.117375, 0.111, 0.126625, 0.129625, 0.120583, 0.11870800000000001, 0.116334, 0.129625, 0.11637499999999999, 0.132042, 0.130875, 0.113792, 0.11491699999999999, 0.11625, 0.118667, 0.12462500000000001, 0.12408300000000001, 0.117667, 0.113542, 0.12375, 0.12479200000000001]
small_Bf16_Softmax cast_f32 gpu median_ms=0.012125 p90_ms=0.012791 samples_ms=[0.012625, 0.011917, 0.012667, 0.012792, 0.01275, 0.011958, 0.011708, 0.012875, 0.012666, 0.012791, 0.01175, 0.0125, 0.012584, 0.011833, 0.0115, 0.012667, 0.011459, 0.012791, 0.011541, 0.012625, 0.012666, 0.012125, 0.011791, 0.011834, 0.011792, 0.012458, 0.012625, 0.011833, 0.011792, 0.012, 0.011709]
small_Bf16_Softmax direct_low host median_ms=0.123292 p90_ms=0.126458 samples_ms=[0.125583, 0.119125, 0.12258399999999998, 0.12320899999999999, 0.127125, 0.11729200000000001, 0.112083, 0.113042, 0.125583, 0.12575, 0.124375, 0.1255, 0.121041, 0.111459, 0.12475, 0.123292, 0.111916, 0.124833, 0.12795800000000002, 0.124, 0.12645800000000001, 0.117125, 0.126, 0.12562500000000001, 0.12387499999999999, 0.12725, 0.122791, 0.11541599999999999, 0.117542, 0.114208, 0.123208]
small_Bf16_Softmax direct_low gpu median_ms=0.009917 p90_ms=0.010167 samples_ms=[0.010083, 0.009916, 0.010125, 0.009667, 0.010125, 0.010208, 0.009958, 0.009208, 0.010208, 0.009958, 0.010125, 0.009959, 0.010084, 0.009833, 0.009875, 0.009709, 0.00975, 0.00975, 0.009875, 0.009917, 0.009583, 0.009833, 0.010042, 0.00975, 0.010167, 0.01025, 0.010083, 0.009916, 0.009708, 0.00975, 0.01]
small_Bf16_LogSoftmax cast_f32 host median_ms=0.120958 p90_ms=0.130333 samples_ms=[0.122875, 0.107666, 0.11, 0.12491600000000001, 0.12125000000000001, 0.121333, 0.212709, 0.12475, 0.11333299999999999, 0.114042, 0.125958, 0.1145, 0.11541699999999999, 0.12095800000000001, 0.11966700000000001, 0.105417, 0.111958, 0.11995800000000001, 0.11474999999999999, 0.133583, 0.128291, 0.126417, 0.122708, 0.1205, 0.117958, 0.130333, 0.12741599999999997, 0.248, 0.129667, 0.112, 0.111875]
small_Bf16_LogSoftmax cast_f32 gpu median_ms=0.011709 p90_ms=0.012542 samples_ms=[0.011916, 0.011584, 0.011625, 0.011458, 0.011583, 0.011625, 0.011917, 0.011833, 0.011583, 0.011542, 0.011667, 0.011709, 0.01175, 0.011458, 0.011583, 0.011708, 0.011417, 0.011709, 0.011916, 0.011709, 0.012875, 0.012542, 0.012708, 0.011708, 0.011958, 0.012042, 0.012417, 0.012542, 0.0125, 0.011708, 0.012]
small_Bf16_LogSoftmax direct_low host median_ms=0.120458 p90_ms=0.130708 samples_ms=[0.12125000000000001, 0.11574999999999999, 0.10804200000000001, 0.13125, 0.113041, 0.129, 0.130708, 0.11283299999999999, 0.11541699999999999, 0.129583, 0.111959, 0.110541, 0.108625, 0.110625, 0.12075, 0.10875, 0.127666, 0.119917, 0.13449999999999998, 0.119959, 0.128917, 0.126792, 0.131125, 0.12045800000000001, 0.120084, 0.127292, 0.122042, 0.129625, 0.12575, 0.11574999999999999, 0.116792]
small_Bf16_LogSoftmax direct_low gpu median_ms=0.009750 p90_ms=0.010000 samples_ms=[0.009708, 0.009791, 0.0095, 0.009875, 0.009667, 0.009625, 0.009541, 0.00975, 0.00975, 0.009458, 0.009584, 0.009917, 0.009667, 0.01, 0.009583, 0.00975, 0.00975, 0.009959, 0.009583, 0.009875, 0.009917, 0.00975, 0.01025, 0.010125, 0.009542, 0.009709, 0.009709, 0.00975, 0.010083, 0.009541, 0.009959]
small_Bf16_LogSumExp cast_f32 host median_ms=0.111750 p90_ms=0.121834 samples_ms=[0.108541, 0.110875, 0.11124999999999999, 0.109167, 0.110083, 0.120875, 0.114375, 0.11175, 0.110792, 0.111334, 0.110625, 0.110458, 0.11220899999999999, 0.11574999999999999, 0.11429199999999999, 0.11220899999999999, 0.110583, 0.11299999999999999, 0.112167, 0.110833, 0.117542, 0.13745900000000003, 0.111125, 0.110583, 0.10787500000000001, 0.110375, 0.12295900000000001, 0.121834, 0.121833, 0.12204100000000001, 0.12012500000000001]
small_Bf16_LogSumExp cast_f32 gpu median_ms=0.011917 p90_ms=0.012167 samples_ms=[0.012084, 0.011834, 0.011708, 0.012167, 0.012167, 0.011791, 0.012042, 0.012042, 0.012084, 0.011875, 0.012208, 0.012, 0.011875, 0.012167, 0.011792, 0.012084, 0.011916, 0.012, 0.012, 0.01175, 0.01175, 0.011791, 0.011917, 0.011708, 0.011542, 0.011959, 0.011792, 0.012834, 0.011792, 0.012042, 0.011833]
small_Bf16_LogSumExp direct_low host median_ms=0.110500 p90_ms=0.120792 samples_ms=[0.11124999999999999, 0.109958, 0.112667, 0.107959, 0.115791, 0.115334, 0.108667, 0.11625, 0.108125, 0.108916, 0.116167, 0.111959, 0.105292, 0.110458, 0.108958, 0.10975, 0.108625, 0.11158399999999999, 0.110417, 0.109709, 0.108292, 0.113125, 0.109584, 0.106833, 0.111209, 0.1105, 0.12208400000000001, 0.12079200000000001, 0.121375, 0.121834, 0.113792]
small_Bf16_LogSumExp direct_low gpu median_ms=0.009792 p90_ms=0.010042 samples_ms=[0.009708, 0.009542, 0.009917, 0.010042, 0.009666, 0.009792, 0.009625, 0.009792, 0.009542, 0.009959, 0.009584, 0.010083, 0.009792, 0.010084, 0.009792, 0.01, 0.009875, 0.009833, 0.009625, 0.009792, 0.009666, 0.009791, 0.009917, 0.009917, 0.009792, 0.010042, 0.01, 0.009875, 0.010042, 0.010333, 0.009708]
small_Bf16_Moments cast_f32 host median_ms=0.127000 p90_ms=0.128625 samples_ms=[0.12625, 0.127625, 0.127375, 0.121208, 0.120084, 0.12875, 0.124334, 0.126292, 0.122917, 0.115916, 0.121084, 0.128375, 0.128625, 0.131084, 0.126125, 0.13712500000000002, 0.128083, 0.127334, 0.127166, 0.11933300000000001, 0.117208, 0.11854200000000001, 0.123375, 0.123542, 0.11529199999999999, 0.127292, 0.12774999999999997, 0.128, 0.1275, 0.127, 0.127542]
small_Bf16_Moments cast_f32 gpu median_ms=0.013958 p90_ms=0.014125 samples_ms=[0.014, 0.014, 0.013375, 0.013167, 0.013041, 0.013458, 0.014125, 0.014083, 0.014, 0.012959, 0.013125, 0.01325, 0.013459, 0.013958, 0.014083, 0.014125, 0.013916, 0.013167, 0.013958, 0.014208, 0.014125, 0.01325, 0.013542, 0.013375, 0.014125, 0.013833, 0.014, 0.014084, 0.014084, 0.013875, 0.013958]
small_Bf16_Moments direct_low host median_ms=0.125833 p90_ms=0.128209 samples_ms=[0.12587500000000001, 0.124375, 0.112292, 0.12016700000000001, 0.125833, 0.126292, 0.126208, 0.12358399999999999, 0.126709, 0.11574999999999999, 0.116625, 0.11574999999999999, 0.134959, 0.126667, 0.12570800000000001, 0.127792, 0.116958, 0.126375, 0.114041, 0.12654100000000001, 0.121959, 0.120417, 0.131875, 0.124542, 0.12820900000000002, 0.127625, 0.12375, 0.126292, 0.12425000000000001, 0.126625, 0.230042]
small_Bf16_Moments direct_low gpu median_ms=0.011667 p90_ms=0.011959 samples_ms=[0.012, 0.011583, 0.011958, 0.011667, 0.011959, 0.01125, 0.011667, 0.011833, 0.011958, 0.011791, 0.011667, 0.011708, 0.011583, 0.011375, 0.011666, 0.011583, 0.011959, 0.011708, 0.011583, 0.011791, 0.011625, 0.0115, 0.012042, 0.011958, 0.011917, 0.011541, 0.011625, 0.011667, 0.011792, 0.011417, 0.011542]
small_Bf16_LayerNorm cast_f32 host median_ms=0.123166 p90_ms=0.125667 samples_ms=[0.110625, 0.11412499999999999, 0.11412499999999999, 0.112584, 0.12562500000000001, 0.12491600000000001, 0.12308299999999998, 0.125667, 0.11983400000000001, 0.115542, 0.114084, 0.125375, 0.12525, 0.12375, 0.124459, 0.117625, 0.122667, 0.12466699999999999, 0.125125, 0.242792, 0.114333, 0.12091600000000001, 0.113208, 0.12062500000000001, 0.123166, 0.122292, 0.128542, 0.126208, 0.12479200000000001, 0.12475, 0.12466699999999999]
small_Bf16_LayerNorm cast_f32 gpu median_ms=0.013292 p90_ms=0.013834 samples_ms=[0.013084, 0.014125, 0.013166, 0.013292, 0.013708, 0.013917, 0.012917, 0.013834, 0.012833, 0.01325, 0.013084, 0.013708, 0.01375, 0.012916, 0.01375, 0.013791, 0.01375, 0.013834, 0.012917, 0.013292, 0.013084, 0.01325, 0.013041, 0.013375, 0.013833, 0.012958, 0.012875, 0.012959, 0.013792, 0.014041, 0.01325]
small_Bf16_LayerNorm direct_low host median_ms=0.124000 p90_ms=0.127167 samples_ms=[0.12820900000000002, 0.12375, 0.12491600000000001, 0.112583, 0.12404199999999999, 0.124125, 0.124416, 0.124, 0.115625, 0.117958, 0.11825000000000001, 0.12387499999999999, 0.124292, 0.127167, 0.1235, 0.12433299999999999, 0.12341699999999999, 0.12404199999999999, 0.120875, 0.1265, 0.11333299999999999, 0.115792, 0.12466699999999999, 0.121042, 0.117916, 0.113542, 0.126583, 0.12379200000000001, 0.12820900000000002, 0.128583, 0.126333]
small_Bf16_LayerNorm direct_low gpu median_ms=0.011458 p90_ms=0.011625 samples_ms=[0.011583, 0.011584, 0.011208, 0.011583, 0.01175, 0.011583, 0.011458, 0.011375, 0.011209, 0.01125, 0.011541, 0.011625, 0.011416, 0.011375, 0.0115, 0.011583, 0.011292, 0.011084, 0.011375, 0.011083, 0.011709, 0.011083, 0.011458, 0.011458, 0.011125, 0.01125, 0.011625, 0.011584, 0.011625, 0.011583, 0.011709]
case=rows dtype=F16 rows=1024 cols=257 axis=1 transpose=false input_numel=263168 removed_f32_input_bytes=1052672
rows_F16_Softmax cast_f32 host median_ms=0.312458 p90_ms=0.317583 samples_ms=[0.313042, 0.317583, 0.311, 0.30945799999999996, 0.313875, 0.29725, 0.3035, 0.315666, 0.3145, 0.31220800000000004, 0.316416, 0.311333, 0.31725, 0.312459, 0.3215, 0.29912500000000003, 0.306667, 0.312458, 0.316125, 0.294417, 0.30554200000000004, 0.306458, 0.31175, 0.30129100000000003, 0.298, 0.316334, 0.316875, 0.30333299999999996, 0.31366700000000003, 0.322125, 0.318125]
rows_F16_Softmax cast_f32 gpu median_ms=0.086375 p90_ms=0.089375 samples_ms=[0.090291, 0.086625, 0.087291, 0.089375, 0.081875, 0.084792, 0.083041, 0.085792, 0.090459, 0.085042, 0.08525, 0.084291, 0.08725, 0.086125, 0.091292, 0.08425, 0.085042, 0.087333, 0.086375, 0.086458, 0.086667, 0.086625, 0.082916, 0.081583, 0.085416, 0.084833, 0.087041, 0.087709, 0.0865, 0.084208, 0.086875]
rows_F16_Softmax direct_low host median_ms=0.299042 p90_ms=0.307541 samples_ms=[0.309958, 0.291333, 0.28825, 0.287167, 0.292833, 0.30374999999999996, 0.306375, 0.304917, 0.31024999999999997, 0.29175, 0.301417, 0.30529199999999995, 0.29904200000000003, 0.309125, 0.307541, 0.30495799999999995, 0.291833, 0.29104199999999997, 0.303, 0.30541599999999997, 0.29, 0.303, 0.294458, 0.288875, 0.307334, 0.2915, 0.284667, 0.302292, 0.291708, 0.298875, 0.292792]
rows_F16_Softmax direct_low gpu median_ms=0.080208 p90_ms=0.081041 samples_ms=[0.081084, 0.076083, 0.076375, 0.08075, 0.078625, 0.08075, 0.074375, 0.080916, 0.078792, 0.079333, 0.081, 0.073959, 0.079666, 0.082083, 0.081041, 0.080833, 0.073459, 0.07425, 0.080291, 0.080375, 0.079917, 0.0795, 0.08075, 0.081, 0.073417, 0.0805, 0.080208, 0.081708, 0.078667, 0.081, 0.079833]
rows_F16_LogSoftmax cast_f32 host median_ms=0.303125 p90_ms=0.368583 samples_ms=[0.312417, 0.43116600000000005, 0.29912500000000003, 0.302417, 0.30275, 0.319583, 0.30312500000000003, 0.289584, 0.3035, 0.300125, 0.42562500000000003, 0.31262500000000004, 0.31791600000000003, 0.296541, 0.427292, 0.310084, 0.30991599999999997, 0.312417, 0.368583, 0.296708, 0.319709, 0.29875, 0.296625, 0.315084, 0.313083, 0.300083, 0.29741700000000004, 0.300875, 0.303, 0.302459, 0.30091599999999996]
rows_F16_LogSoftmax cast_f32 gpu median_ms=0.086125 p90_ms=0.088250 samples_ms=[0.087167, 0.083083, 0.081458, 0.086125, 0.085, 0.086917, 0.086041, 0.087375, 0.086667, 0.086417, 0.085084, 0.086875, 0.085875, 0.081708, 0.081791, 0.086333, 0.087042, 0.085958, 0.084833, 0.089541, 0.08675, 0.090667, 0.08475, 0.086583, 0.086584, 0.089625, 0.081292, 0.081167, 0.085292, 0.084333, 0.08825]
rows_F16_LogSoftmax direct_low host median_ms=0.304750 p90_ms=0.312333 samples_ms=[0.31020800000000004, 0.290084, 0.2915, 0.29516600000000004, 0.31066699999999997, 0.306667, 0.291834, 0.31233299999999997, 0.300292, 0.30824999999999997, 0.291583, 0.30824999999999997, 0.3105, 0.291292, 0.312375, 0.289542, 0.306958, 0.30416699999999997, 0.29320799999999997, 0.30583299999999997, 0.305875, 0.30475, 0.3005, 0.302917, 0.30775, 0.291541, 0.300083, 0.308458, 0.32025, 0.292834, 0.319083]
rows_F16_LogSoftmax direct_low gpu median_ms=0.080208 p90_ms=0.081000 samples_ms=[0.080875, 0.072, 0.073416, 0.079042, 0.08, 0.078666, 0.0735, 0.081541, 0.080875, 0.080667, 0.08025, 0.080667, 0.078208, 0.079, 0.080625, 0.073375, 0.079916, 0.080208, 0.080542, 0.079708, 0.0805, 0.081, 0.080375, 0.080708, 0.075584, 0.081208, 0.081083, 0.07325, 0.080333, 0.07275, 0.072625]
rows_F16_LogSumExp cast_f32 host median_ms=0.200625 p90_ms=0.207917 samples_ms=[0.1785, 0.18229199999999998, 0.187875, 0.180625, 0.17858300000000002, 0.180959, 0.188541, 0.186417, 0.185667, 0.193208, 0.204875, 0.19, 0.190917, 0.205208, 0.188042, 0.200625, 0.20258299999999999, 0.20233299999999999, 0.20791700000000002, 0.204, 0.20491600000000001, 0.18745799999999999, 0.208542, 0.206875, 0.204833, 0.205167, 0.207333, 0.268667, 0.190708, 0.20862499999999998, 0.206292]
rows_F16_LogSumExp cast_f32 gpu median_ms=0.074917 p90_ms=0.077666 samples_ms=[0.075, 0.070667, 0.070584, 0.070667, 0.069875, 0.070125, 0.073167, 0.072125, 0.074917, 0.073875, 0.079458, 0.078208, 0.070625, 0.075584, 0.077167, 0.073333, 0.07175, 0.0745, 0.076166, 0.077666, 0.076166, 0.078167, 0.075667, 0.07675, 0.071875, 0.075708, 0.076667, 0.073292, 0.071292, 0.075708, 0.07575]
rows_F16_LogSumExp direct_low host median_ms=0.190625 p90_ms=0.197833 samples_ms=[0.185708, 0.167041, 0.167875, 0.19062500000000002, 0.17024999999999998, 0.169792, 0.172917, 0.181375, 0.188209, 0.200167, 0.18104199999999998, 0.195166, 0.19783299999999998, 0.193459, 0.194334, 0.179875, 0.178791, 0.189458, 0.17925, 0.199125, 0.194125, 0.195041, 0.197292, 0.195375, 0.19508399999999998, 0.19683299999999998, 0.199542, 0.197166, 0.184916, 0.193666, 0.17862499999999998]
rows_F16_LogSumExp direct_low gpu median_ms=0.069375 p90_ms=0.070959 samples_ms=[0.069375, 0.066667, 0.06925, 0.064, 0.068, 0.06175, 0.068125, 0.065208, 0.061542, 0.0715, 0.061584, 0.069833, 0.070375, 0.070375, 0.071083, 0.062042, 0.0695, 0.065125, 0.064291, 0.067833, 0.070875, 0.070625, 0.070959, 0.070416, 0.070916, 0.071625, 0.070459, 0.07025, 0.064833, 0.07025, 0.066916]
rows_F16_Moments cast_f32 host median_ms=0.226042 p90_ms=0.231041 samples_ms=[0.231041, 0.22924999999999998, 0.361209, 0.226042, 0.212542, 0.223125, 0.230542, 0.223667, 0.23075, 0.207625, 0.21225000000000002, 0.22683299999999998, 0.230958, 0.226917, 0.231625, 0.223167, 0.229125, 0.21558300000000002, 0.21525, 0.224667, 0.230292, 0.230125, 0.22975, 0.21375, 0.223375, 0.210208, 0.21804199999999999, 0.22474999999999998, 0.219584, 0.233042, 0.22945800000000002]
rows_F16_Moments cast_f32 gpu median_ms=0.102917 p90_ms=0.104666 samples_ms=[0.103333, 0.103542, 0.099375, 0.101792, 0.095667, 0.103917, 0.103417, 0.104666, 0.104917, 0.094083, 0.102917, 0.099541, 0.104458, 0.094041, 0.101417, 0.099209, 0.101542, 0.099917, 0.100042, 0.105, 0.103834, 0.104834, 0.103917, 0.10425, 0.10375, 0.103166, 0.101125, 0.104125, 0.09675, 0.095583, 0.102125]
rows_F16_Moments direct_low host median_ms=0.218000 p90_ms=0.227000 samples_ms=[0.227541, 0.205292, 0.218416, 0.213541, 0.2155, 0.20049999999999998, 0.21870799999999999, 0.22170800000000002, 0.21104199999999998, 0.202916, 0.22187500000000002, 0.223125, 0.214792, 0.22395800000000002, 0.21800000000000003, 0.20325000000000001, 0.219041, 0.20825, 0.217834, 0.209292, 0.22354100000000002, 0.22187500000000002, 0.207292, 0.326875, 0.209917, 0.223459, 0.22699999999999998, 0.223375, 0.206916, 0.20450000000000002, 0.312667]
rows_F16_Moments direct_low gpu median_ms=0.097709 p90_ms=0.099375 samples_ms=[0.097833, 0.092917, 0.099375, 0.099208, 0.095416, 0.098792, 0.093209, 0.098, 0.09375, 0.097375, 0.098542, 0.098, 0.089625, 0.099417, 0.098583, 0.097709, 0.099167, 0.090459, 0.103917, 0.098334, 0.099084, 0.089792, 0.104125, 0.093208, 0.089625, 0.09475, 0.089708, 0.098125, 0.096625, 0.093666, 0.092458]
rows_F16_LayerNorm cast_f32 host median_ms=0.336208 p90_ms=0.344500 samples_ms=[0.32449999999999996, 0.32041600000000003, 0.34675, 0.33675000000000005, 0.321916, 0.33425000000000005, 0.336667, 0.325416, 0.343916, 0.341875, 0.325625, 0.323541, 0.330917, 0.34004100000000004, 0.33837500000000004, 0.319625, 0.322667, 0.323542, 0.324458, 0.352459, 0.344042, 0.347625, 0.330417, 0.337917, 0.339375, 0.344375, 0.34450000000000003, 0.336208, 0.325209, 0.338042, 0.323917]
rows_F16_LayerNorm cast_f32 gpu median_ms=0.110209 p90_ms=0.115042 samples_ms=[0.116709, 0.110791, 0.107459, 0.113917, 0.114333, 0.118291, 0.113792, 0.113959, 0.112667, 0.1075, 0.105834, 0.107334, 0.110209, 0.111208, 0.105833, 0.111167, 0.10525, 0.106333, 0.113667, 0.106958, 0.10625, 0.104542, 0.110917, 0.109042, 0.105875, 0.106, 0.108375, 0.115, 0.115042, 0.106541, 0.118375]
rows_F16_LayerNorm direct_low host median_ms=0.333083 p90_ms=0.343209 samples_ms=[0.333083, 0.32075000000000004, 0.330375, 0.33595800000000003, 0.332542, 0.39325, 0.336792, 0.332125, 0.337125, 0.319708, 0.32033300000000003, 0.337792, 0.330667, 0.33349999999999996, 0.332, 0.33433399999999996, 0.331667, 0.320042, 0.317167, 0.336125, 0.375875, 0.3305, 0.320666, 0.334833, 0.317208, 0.33620900000000004, 0.337334, 0.326542, 0.34391700000000003, 0.33587500000000003, 0.34320900000000004]
rows_F16_LayerNorm direct_low gpu median_ms=0.109458 p90_ms=0.114708 samples_ms=[0.108292, 0.108541, 0.106958, 0.110083, 0.109125, 0.112458, 0.111167, 0.113875, 0.100542, 0.101208, 0.111167, 0.114708, 0.113917, 0.109667, 0.113208, 0.108792, 0.1005, 0.103167, 0.109458, 0.115667, 0.109042, 0.112209, 0.111042, 0.109375, 0.105625, 0.114917, 0.115333, 0.112583, 0.1015, 0.104666, 0.108125]
case=rows dtype=Bf16 rows=1024 cols=257 axis=1 transpose=false input_numel=263168 removed_f32_input_bytes=1052672
rows_Bf16_Softmax cast_f32 host median_ms=0.309167 p90_ms=0.318958 samples_ms=[0.588458, 0.311375, 0.300083, 0.312667, 0.30833299999999997, 0.299417, 0.296875, 0.302125, 0.301292, 0.300917, 0.318417, 0.315667, 0.321542, 0.298209, 0.300875, 0.307417, 0.31525, 0.32025, 0.31525, 0.30112500000000003, 0.292, 0.309167, 0.300458, 0.313292, 0.31012500000000004, 0.31895799999999996, 0.309708, 0.315917, 0.31541600000000003, 0.30616699999999997, 0.302167]
rows_Bf16_Softmax cast_f32 gpu median_ms=0.085875 p90_ms=0.088917 samples_ms=[0.33475, 0.315, 0.083709, 0.087458, 0.084459, 0.08625, 0.086334, 0.088917, 0.08475, 0.086625, 0.087375, 0.084959, 0.085959, 0.083042, 0.087958, 0.088833, 0.090875, 0.085875, 0.081584, 0.08625, 0.083375, 0.081958, 0.081375, 0.086833, 0.084959, 0.080875, 0.081458, 0.084416, 0.086041, 0.082625, 0.081333]
rows_Bf16_Softmax direct_low host median_ms=0.301000 p90_ms=0.314875 samples_ms=[0.5375, 0.545041, 0.3045, 0.309708, 0.290667, 0.374542, 0.305458, 0.2965, 0.301292, 0.29120799999999997, 0.303584, 0.301, 0.293875, 0.291291, 0.295292, 0.302375, 0.301166, 0.28400000000000003, 0.30312500000000003, 0.301083, 0.29920800000000003, 0.28629099999999996, 0.292542, 0.28650000000000003, 0.286584, 0.29512499999999997, 0.306917, 0.286666, 0.305167, 0.289417, 0.314875]
rows_Bf16_Softmax direct_low gpu median_ms=0.076958 p90_ms=0.079625 samples_ms=[0.30425, 0.302417, 0.070416, 0.078542, 0.078292, 0.078834, 0.073958, 0.078209, 0.072875, 0.075542, 0.075125, 0.080042, 0.075291, 0.070916, 0.07825, 0.073625, 0.078625, 0.07025, 0.078792, 0.072958, 0.0785, 0.07075, 0.073125, 0.077916, 0.070708, 0.078791, 0.075042, 0.078291, 0.079625, 0.076958, 0.070875]
rows_Bf16_LogSoftmax cast_f32 host median_ms=0.345917 p90_ms=0.359208 samples_ms=[0.34287500000000004, 0.371292, 0.359208, 0.316958, 0.347167, 0.349167, 0.358667, 0.349542, 0.34662499999999996, 0.349708, 0.333334, 0.364625, 0.332417, 0.33125, 0.324708, 0.345917, 0.342292, 0.326084, 0.328625, 0.321708, 0.31458400000000003, 0.333708, 0.348875, 0.348125, 0.3585, 0.46558299999999997, 0.31604099999999996, 0.344917, 0.354958, 0.317792, 0.346916]
rows_Bf16_LogSoftmax cast_f32 gpu median_ms=0.086250 p90_ms=0.087041 samples_ms=[0.08175, 0.087042, 0.081208, 0.082125, 0.086542, 0.08675, 0.087041, 0.082958, 0.083, 0.087, 0.086375, 0.081584, 0.08175, 0.081125, 0.085375, 0.087125, 0.086125, 0.086416, 0.088584, 0.0865, 0.084542, 0.085375, 0.086792, 0.081875, 0.086708, 0.08625, 0.085375, 0.086292, 0.086833, 0.0855, 0.086333]
rows_Bf16_LogSoftmax direct_low host median_ms=0.328625 p90_ms=0.344666 samples_ms=[0.32754099999999997, 0.34029200000000004, 0.339292, 0.30075, 0.318083, 0.33575, 0.32283300000000004, 0.33570900000000004, 0.340875, 0.33929099999999995, 0.328625, 0.31462500000000004, 0.308208, 0.295875, 0.406208, 0.316042, 0.320917, 0.333667, 0.304333, 0.327291, 0.311916, 0.32041699999999995, 0.336916, 0.344666, 0.345959, 0.329459, 0.307917, 0.33270799999999995, 0.33641600000000005, 0.346667, 0.32475]
rows_Bf16_LogSoftmax direct_low gpu median_ms=0.074500 p90_ms=0.080250 samples_ms=[0.074959, 0.070834, 0.079375, 0.078042, 0.073875, 0.081042, 0.073167, 0.0775, 0.08025, 0.073791, 0.0745, 0.070834, 0.075125, 0.070875, 0.0705, 0.072791, 0.074875, 0.072459, 0.069958, 0.074375, 0.079958, 0.073541, 0.078417, 0.077292, 0.072917, 0.0805, 0.08025, 0.073917, 0.071042, 0.074875, 0.081375]
rows_Bf16_LogSumExp cast_f32 host median_ms=0.185834 p90_ms=0.200416 samples_ms=[0.1965, 0.19387500000000002, 0.279417, 0.18395799999999998, 0.184417, 0.17200000000000001, 0.17108299999999999, 0.170833, 0.174583, 0.170708, 0.17408300000000002, 0.17450000000000002, 0.176958, 0.17304199999999997, 0.177334, 0.202875, 0.20325000000000001, 0.200416, 0.18654199999999999, 0.18662499999999999, 0.19124999999999998, 0.18295799999999998, 0.184083, 0.199, 0.200416, 0.188666, 0.193, 0.185834, 0.18737499999999999, 0.18475, 0.1875]
rows_Bf16_LogSumExp cast_f32 gpu median_ms=0.070625 p90_ms=0.075167 samples_ms=[0.073917, 0.069166, 0.069959, 0.069458, 0.069875, 0.072834, 0.070708, 0.069625, 0.070334, 0.07, 0.069959, 0.070625, 0.069959, 0.070625, 0.069125, 0.072042, 0.074791, 0.074583, 0.076917, 0.073375, 0.069292, 0.0715, 0.070375, 0.075208, 0.074416, 0.07025, 0.075167, 0.07025, 0.0735, 0.07525, 0.069042]
rows_Bf16_LogSumExp direct_low host median_ms=0.179209 p90_ms=0.194667 samples_ms=[0.184833, 0.164375, 0.176959, 0.175167, 0.201916, 0.182959, 0.161084, 0.162208, 0.164625, 0.16354100000000002, 0.227083, 0.16262500000000002, 0.157833, 0.1615, 0.162125, 0.173375, 0.179209, 0.190125, 0.19525, 0.17116599999999998, 0.188667, 0.175875, 0.186083, 0.186584, 0.181625, 0.194667, 0.19179200000000002, 0.175791, 0.19025, 0.19025, 0.18845900000000002]
rows_Bf16_LogSumExp direct_low gpu median_ms=0.063209 p90_ms=0.068083 samples_ms=[0.063833, 0.066917, 0.059833, 0.05925, 0.063458, 0.060459, 0.060125, 0.059417, 0.060042, 0.060958, 0.059916, 0.0595, 0.061083, 0.060458, 0.059833, 0.063459, 0.068666, 0.070125, 0.068417, 0.060667, 0.060625, 0.064167, 0.060208, 0.067791, 0.064958, 0.067583, 0.067958, 0.063209, 0.068083, 0.0675, 0.06375]
rows_Bf16_Moments cast_f32 host median_ms=0.212792 p90_ms=0.218583 samples_ms=[0.21475, 0.218583, 0.218875, 0.2155, 0.212833, 0.207417, 0.211375, 0.21204199999999998, 0.210083, 0.212084, 0.21125000000000002, 0.21537499999999998, 0.215333, 0.207958, 0.210125, 0.34670799999999996, 0.211292, 0.21620799999999998, 0.214084, 0.21425, 0.21541600000000002, 0.205959, 0.21620799999999998, 0.20725, 0.212792, 0.204666, 0.205958, 0.205, 0.20620799999999997, 0.213042, 0.218916]
rows_Bf16_Moments cast_f32 gpu median_ms=0.094208 p90_ms=0.095000 samples_ms=[0.09475, 0.093333, 0.094208, 0.094, 0.094333, 0.09375, 0.094084, 0.092833, 0.095791, 0.09475, 0.095292, 0.094375, 0.095, 0.0945, 0.095083, 0.093708, 0.093542, 0.093333, 0.094917, 0.093708, 0.094625, 0.0945, 0.094542, 0.0935, 0.093458, 0.094125, 0.094417, 0.094667, 0.093958, 0.09325, 0.093959]
rows_Bf16_Moments direct_low host median_ms=0.203625 p90_ms=0.236708 samples_ms=[0.20879199999999998, 0.298459, 0.211667, 0.20900000000000002, 0.204708, 0.20791700000000002, 0.20341700000000001, 0.20525, 0.335292, 0.201666, 0.21212499999999998, 0.20058399999999998, 0.204334, 0.20049999999999998, 0.20375, 0.202959, 0.21591700000000003, 0.236708, 0.203625, 0.197292, 0.195709, 0.197458, 0.197042, 0.307959, 0.19675, 0.204458, 0.195584, 0.196792, 0.202625, 0.20158299999999998, 0.20066699999999998]
rows_Bf16_Moments direct_low gpu median_ms=0.087416 p90_ms=0.087833 samples_ms=[0.087209, 0.086916, 0.087542, 0.087792, 0.087416, 0.086542, 0.0875, 0.087666, 0.087334, 0.087333, 0.088083, 0.087125, 0.088583, 0.088125, 0.087, 0.08725, 0.086875, 0.087084, 0.087708, 0.087708, 0.087667, 0.08625, 0.087833, 0.086958, 0.087791, 0.087584, 0.086333, 0.087125, 0.08725, 0.087417, 0.087666]
rows_Bf16_LayerNorm cast_f32 host median_ms=0.339959 p90_ms=0.347166 samples_ms=[0.33995899999999996, 0.48991599999999996, 0.363667, 0.342542, 0.34041699999999997, 0.324, 0.322084, 0.338208, 0.34299999999999997, 0.35112499999999996, 0.334042, 0.337583, 0.343084, 0.33537500000000003, 0.32879200000000003, 0.332042, 0.339875, 0.342, 0.34029200000000004, 0.33837500000000004, 0.33841699999999997, 0.328375, 0.347166, 0.342417, 0.345375, 0.34291699999999997, 0.346458, 0.33825, 0.344375, 0.326167, 0.336583]
rows_Bf16_LayerNorm cast_f32 gpu median_ms=0.112125 p90_ms=0.115792 samples_ms=[0.112125, 0.112667, 0.105708, 0.106958, 0.107708, 0.105541, 0.11525, 0.11525, 0.105834, 0.114166, 0.116291, 0.116, 0.114125, 0.10525, 0.109584, 0.11425, 0.113167, 0.114792, 0.113875, 0.111292, 0.106375, 0.108542, 0.105083, 0.107125, 0.1135, 0.10725, 0.117708, 0.106333, 0.110708, 0.115792, 0.112792]
rows_Bf16_LayerNorm direct_low host median_ms=0.328833 p90_ms=0.339875 samples_ms=[0.33475, 0.33366599999999996, 0.322041, 0.34058299999999997, 0.317709, 0.339875, 0.328833, 0.33512499999999995, 0.327042, 0.472125, 0.333291, 0.324959, 0.331167, 0.31616700000000003, 0.330833, 0.32725, 0.323958, 0.337042, 0.333167, 0.325542, 0.31429199999999996, 0.313583, 0.316417, 0.332834, 0.32733300000000004, 0.31404099999999996, 0.315458, 0.32983300000000004, 0.44420800000000005, 0.334625, 0.327959]
rows_Bf16_LayerNorm direct_low gpu median_ms=0.105208 p90_ms=0.106333 samples_ms=[0.106542, 0.097791, 0.1065, 0.105542, 0.103375, 0.105625, 0.105208, 0.100959, 0.104917, 0.10625, 0.1065, 0.102292, 0.105917, 0.098584, 0.098792, 0.098291, 0.10575, 0.105959, 0.106125, 0.106208, 0.100708, 0.103, 0.101, 0.105541, 0.101666, 0.106333, 0.106333, 0.10625, 0.101875, 0.097084, 0.103542]
case=long dtype=F16 rows=1 cols=131077 axis=1 transpose=false input_numel=131077 removed_f32_input_bytes=524308
long_F16_Softmax cast_f32 host median_ms=0.229083 p90_ms=0.238667 samples_ms=[0.234458, 0.21962500000000001, 0.236, 0.23316699999999999, 0.219042, 0.242042, 0.225416, 0.2325, 0.231792, 0.218875, 0.217292, 0.24250000000000002, 0.233208, 0.238667, 0.232333, 0.302292, 0.22375, 0.217917, 0.220166, 0.229416, 0.23641600000000002, 0.228959, 0.22229100000000002, 0.21800000000000003, 0.235, 0.219875, 0.22045800000000002, 0.22908299999999998, 0.232542, 0.228125, 0.226916]
long_F16_Softmax cast_f32 gpu median_ms=0.056292 p90_ms=0.056958 samples_ms=[0.056833, 0.056292, 0.057166, 0.056625, 0.055625, 0.0545, 0.056959, 0.057583, 0.056875, 0.054333, 0.054667, 0.056708, 0.055, 0.05475, 0.056958, 0.055375, 0.054917, 0.055834, 0.055042, 0.056292, 0.054708, 0.0565, 0.054667, 0.056, 0.056958, 0.056791, 0.055333, 0.056458, 0.056875, 0.056833, 0.054541]
long_F16_Softmax direct_low host median_ms=0.230000 p90_ms=0.236500 samples_ms=[0.228, 0.237708, 0.230417, 0.221334, 0.216834, 0.22162500000000002, 0.235083, 0.232791, 0.219584, 0.22204200000000002, 0.23283399999999999, 0.2335, 0.227791, 0.230625, 0.23, 0.23158299999999998, 0.22062500000000002, 0.216125, 0.220209, 0.217667, 0.23650000000000002, 0.380125, 0.23049999999999998, 0.236541, 0.220708, 0.231916, 0.234709, 0.217958, 0.22575, 0.236125, 0.228125]
long_F16_Softmax direct_low gpu median_ms=0.057542 p90_ms=0.061125 samples_ms=[0.053125, 0.052791, 0.061541, 0.058, 0.054084, 0.053333, 0.059791, 0.056084, 0.057917, 0.053083, 0.057541, 0.06125, 0.058125, 0.060625, 0.058084, 0.052708, 0.053042, 0.052709, 0.060125, 0.060625, 0.057542, 0.052875, 0.057417, 0.062833, 0.057667, 0.057583, 0.053125, 0.058125, 0.053875, 0.061125, 0.053083]
long_F16_LogSoftmax cast_f32 host median_ms=0.228208 p90_ms=0.239166 samples_ms=[0.235791, 0.22824999999999998, 0.228208, 0.23575000000000002, 0.234333, 0.235459, 0.229125, 0.220917, 0.227125, 0.220916, 0.21845900000000001, 0.21775, 0.218791, 0.220334, 0.22287500000000002, 0.228333, 0.22041699999999997, 0.218125, 0.239208, 0.227333, 0.23616600000000001, 0.232584, 0.359541, 0.22908299999999998, 0.223542, 0.22716699999999998, 0.225708, 0.253625, 0.235458, 0.224542, 0.239166]
long_F16_LogSoftmax cast_f32 gpu median_ms=0.054542 p90_ms=0.056541 samples_ms=[0.054875, 0.054542, 0.0545, 0.057, 0.056541, 0.054417, 0.054166, 0.054333, 0.056083, 0.054833, 0.055125, 0.055583, 0.055666, 0.054708, 0.054791, 0.055917, 0.054042, 0.054542, 0.056666, 0.057125, 0.054208, 0.054208, 0.054333, 0.054042, 0.054166, 0.053958, 0.054708, 0.054459, 0.054041, 0.054042, 0.054541]
long_F16_LogSoftmax direct_low host median_ms=0.225000 p90_ms=0.243458 samples_ms=[0.225, 0.22175, 0.221166, 0.21895799999999999, 0.230042, 0.216584, 0.22270800000000002, 0.21779199999999999, 0.216708, 0.226792, 0.237708, 0.219083, 0.221459, 0.22279200000000002, 0.223333, 0.222542, 0.30475, 0.222125, 0.22037500000000002, 0.23666700000000002, 0.23800000000000002, 0.237, 0.24649999999999997, 0.24179099999999998, 0.239667, 0.222916, 0.22595800000000002, 0.230458, 0.232291, 0.243458, 0.248375]
long_F16_LogSoftmax direct_low gpu median_ms=0.052875 p90_ms=0.060625 samples_ms=[0.053166, 0.060625, 0.056333, 0.06175, 0.05275, 0.052875, 0.052708, 0.056792, 0.0615, 0.052583, 0.060083, 0.0525, 0.053125, 0.052708, 0.061334, 0.056083, 0.053417, 0.052792, 0.053125, 0.057208, 0.05275, 0.0525, 0.052542, 0.052667, 0.052708, 0.052666, 0.05325, 0.052792, 0.0525, 0.052625, 0.057625]
long_F16_LogSumExp cast_f32 host median_ms=0.160750 p90_ms=0.165958 samples_ms=[0.152959, 0.16075, 0.15425, 0.157833, 0.156625, 0.156375, 0.154667, 0.17175, 0.17225000000000001, 0.154541, 0.15520799999999998, 0.155625, 0.155083, 0.155709, 0.153917, 0.168083, 0.163, 0.160291, 0.159958, 0.16595800000000002, 0.165708, 0.16258399999999998, 0.162125, 0.160166, 0.163542, 0.16466699999999998, 0.16366699999999998, 0.16366699999999998, 0.163584, 0.164292, 0.16141699999999998]
long_F16_LogSumExp cast_f32 gpu median_ms=0.049709 p90_ms=0.050500 samples_ms=[0.049208, 0.049042, 0.048791, 0.048875, 0.049042, 0.049167, 0.049417, 0.050125, 0.04925, 0.049125, 0.049083, 0.050208, 0.050209, 0.049334, 0.05025, 0.049834, 0.049917, 0.051917, 0.050584, 0.04975, 0.049875, 0.04975, 0.049542, 0.049709, 0.049625, 0.049584, 0.049833, 0.05075, 0.0505, 0.049625, 0.04975]
long_F16_LogSumExp direct_low host median_ms=0.160042 p90_ms=0.175250 samples_ms=[0.1555, 0.162334, 0.16258399999999998, 0.16325, 0.152959, 0.153334, 0.159291, 0.17525000000000002, 0.161833, 0.160416, 0.15929200000000002, 0.15329199999999998, 0.1575, 0.154875, 0.154333, 0.15512499999999999, 0.16487500000000002, 0.181334, 0.177833, 0.163167, 0.15525, 0.16525, 0.161583, 0.169208, 0.157834, 0.159416, 0.162375, 0.15933399999999998, 0.255667, 0.158166, 0.160042]
long_F16_LogSumExp direct_low gpu median_ms=0.050959 p90_ms=0.056042 samples_ms=[0.047917, 0.048333, 0.047958, 0.047958, 0.050959, 0.048208, 0.050792, 0.052292, 0.047833, 0.048459, 0.047833, 0.051208, 0.051167, 0.048041, 0.048166, 0.057042, 0.056792, 0.0575, 0.051792, 0.052583, 0.048333, 0.052667, 0.054541, 0.051792, 0.048625, 0.05225, 0.050875, 0.056042, 0.051667, 0.048917, 0.051291]
long_F16_Moments cast_f32 host median_ms=0.192041 p90_ms=0.202750 samples_ms=[0.208916, 0.195542, 0.195833, 0.205209, 0.202167, 0.195083, 0.19799999999999998, 0.19783299999999998, 0.19875, 0.181542, 0.186167, 0.182542, 0.17775000000000002, 0.192041, 0.197541, 0.191125, 0.182208, 0.17633300000000002, 0.20274999999999999, 0.19474999999999998, 0.205042, 0.1895, 0.188417, 0.18229199999999998, 0.18070799999999998, 0.193583, 0.196583, 0.180125, 0.18170799999999998, 0.18475, 0.1735]
long_F16_Moments cast_f32 gpu median_ms=0.068833 p90_ms=0.074583 samples_ms=[0.074125, 0.069208, 0.066709, 0.065333, 0.074125, 0.074375, 0.065833, 0.074333, 0.074208, 0.074708, 0.0665, 0.066, 0.068042, 0.0745, 0.074208, 0.074417, 0.074333, 0.066958, 0.066583, 0.075334, 0.074583, 0.076084, 0.067625, 0.066208, 0.066292, 0.068833, 0.0655, 0.0745, 0.065667, 0.065833, 0.065541]
long_F16_Moments direct_low host median_ms=0.191000 p90_ms=0.206416 samples_ms=[0.202, 0.184833, 0.203208, 0.182375, 0.191, 0.207916, 0.181792, 0.1795, 0.1955, 0.189667, 0.189541, 0.187959, 0.183667, 0.195959, 0.191666, 0.202959, 0.194916, 0.18450000000000003, 0.209917, 0.202042, 0.20341599999999999, 0.19320900000000002, 0.212917, 0.20125, 0.185583, 0.187583, 0.20641600000000002, 0.17862499999999998, 0.176041, 0.18475, 0.177167]
long_F16_Moments direct_low gpu median_ms=0.075167 p90_ms=0.081209 samples_ms=[0.0785, 0.075167, 0.072334, 0.079791, 0.074125, 0.068583, 0.0685, 0.082417, 0.07575, 0.082833, 0.071417, 0.068417, 0.07175, 0.068416, 0.068541, 0.077542, 0.080041, 0.076875, 0.081209, 0.078333, 0.081875, 0.071084, 0.080042, 0.079708, 0.080208, 0.07425, 0.080083, 0.068709, 0.071833, 0.071458, 0.0685]
long_F16_LayerNorm cast_f32 host median_ms=0.256042 p90_ms=0.262416 samples_ms=[0.254542, 0.256042, 0.245875, 0.256917, 0.238875, 0.243291, 0.27108299999999996, 0.259583, 0.248416, 0.260292, 0.2475, 0.37020899999999995, 0.25775, 0.267875, 0.259167, 0.255917, 0.261167, 0.249625, 0.241125, 0.25595799999999996, 0.256542, 0.260041, 0.257292, 0.246333, 0.26241600000000004, 0.259917, 0.257084, 0.237041, 0.235291, 0.236125, 0.23650000000000002]
long_F16_LayerNorm cast_f32 gpu median_ms=0.072875 p90_ms=0.079500 samples_ms=[0.07425, 0.071291, 0.071541, 0.079209, 0.074, 0.071458, 0.0745, 0.0795, 0.073959, 0.072041, 0.072375, 0.079375, 0.073167, 0.071542, 0.079625, 0.072667, 0.074125, 0.071291, 0.072792, 0.079541, 0.079834, 0.073792, 0.074042, 0.079458, 0.072875, 0.070917, 0.071417, 0.071791, 0.072125, 0.072125, 0.071958]
long_F16_LayerNorm direct_low host median_ms=0.259875 p90_ms=0.272375 samples_ms=[0.25870899999999997, 0.31591600000000003, 0.261958, 0.256333, 0.259875, 0.26075000000000004, 0.327084, 0.24325, 0.24004199999999998, 0.261625, 0.24725000000000003, 0.26087499999999997, 0.26045799999999997, 0.261916, 0.25629199999999996, 0.255083, 0.266167, 0.2575, 0.263042, 0.272375, 0.243083, 0.25416700000000003, 0.261, 0.255542, 0.244791, 0.267875, 0.264542, 0.314166, 0.2385, 0.244625, 0.23775000000000002]
long_F16_LayerNorm direct_low gpu median_ms=0.077042 p90_ms=0.085416 samples_ms=[0.085375, 0.085125, 0.073583, 0.073042, 0.08525, 0.077042, 0.082042, 0.073209, 0.083042, 0.072708, 0.082125, 0.084709, 0.085958, 0.085416, 0.086, 0.08425, 0.0795, 0.075833, 0.076792, 0.084375, 0.08575, 0.085333, 0.076833, 0.076917, 0.073166, 0.072959, 0.073333, 0.072958, 0.073125, 0.073583, 0.074125]
case=long dtype=Bf16 rows=1 cols=131077 axis=1 transpose=false input_numel=131077 removed_f32_input_bytes=524308
long_Bf16_Softmax cast_f32 host median_ms=0.235792 p90_ms=0.414000 samples_ms=[0.218875, 0.235792, 0.233458, 0.23049999999999998, 0.23374999999999999, 0.229875, 0.230792, 0.238458, 0.236791, 0.22770900000000002, 0.230583, 0.247666, 0.237, 0.2415, 0.233041, 0.264792, 0.23566700000000002, 0.237458, 0.23133299999999998, 0.23762499999999998, 0.221333, 0.233542, 0.223542, 0.236083, 0.234625, 0.240292, 0.238625, 0.4305, 0.42125, 0.42775, 0.414]
long_Bf16_Softmax cast_f32 gpu median_ms=0.055667 p90_ms=0.216708 samples_ms=[0.055667, 0.056708, 0.056375, 0.055375, 0.056834, 0.053875, 0.055209, 0.054666, 0.056292, 0.054084, 0.054042, 0.054041, 0.054, 0.0545, 0.05425, 0.053916, 0.05425, 0.05425, 0.055917, 0.056666, 0.055792, 0.0565, 0.056, 0.055792, 0.054208, 0.054708, 0.056083, 0.216708, 0.220083, 0.22525, 0.224375]
long_Bf16_Softmax direct_low host median_ms=0.235917 p90_ms=0.421084 samples_ms=[0.23241599999999998, 0.238417, 0.23241599999999998, 0.220333, 0.224875, 0.234792, 0.23975, 0.235292, 0.2215, 0.225583, 0.366, 0.25220800000000004, 0.231167, 0.23591700000000002, 0.241041, 0.228958, 0.255209, 0.24404099999999998, 0.238584, 0.236125, 0.23325, 0.241459, 0.238708, 0.227875, 0.227125, 0.221333, 0.222041, 0.440209, 0.421084, 0.428916, 0.423125]
long_Bf16_Softmax direct_low gpu median_ms=0.054875 p90_ms=0.185334 samples_ms=[0.059625, 0.060625, 0.06, 0.050459, 0.051, 0.05975, 0.050333, 0.055375, 0.054875, 0.050167, 0.050292, 0.050458, 0.050209, 0.050208, 0.050708, 0.050542, 0.050166, 0.050291, 0.050709, 0.05075, 0.056292, 0.059917, 0.050542, 0.055917, 0.060792, 0.06125, 0.185083, 0.185334, 0.222708, 0.209083, 0.207209]
long_Bf16_LogSoftmax cast_f32 host median_ms=0.231542 p90_ms=0.237500 samples_ms=[0.219834, 0.231625, 0.220084, 0.232125, 0.223458, 0.225375, 0.218583, 0.235708, 0.33170900000000003, 0.22958399999999998, 0.23825, 0.226667, 0.234041, 0.224625, 0.2375, 0.223334, 0.238958, 0.229375, 0.235125, 0.235625, 0.224083, 0.23325, 0.227416, 0.223458, 0.21825, 0.230583, 0.233958, 0.231625, 0.23566700000000002, 0.23575000000000002, 0.231542]
long_Bf16_LogSoftmax cast_f32 gpu median_ms=0.055916 p90_ms=0.056750 samples_ms=[0.056416, 0.054208, 0.056042, 0.055875, 0.056083, 0.0545, 0.05525, 0.054916, 0.056625, 0.054834, 0.056875, 0.056125, 0.0555, 0.055042, 0.056917, 0.05475, 0.055458, 0.056416, 0.054, 0.054333, 0.056209, 0.055041, 0.05675, 0.054459, 0.054541, 0.056583, 0.056834, 0.055916, 0.056625, 0.056125, 0.056417]
long_Bf16_LogSoftmax direct_low host median_ms=0.227250 p90_ms=0.235167 samples_ms=[0.217, 0.21475, 0.235083, 0.221083, 0.223125, 0.216042, 0.212, 0.220916, 0.232792, 0.233916, 0.248333, 0.227708, 0.235167, 0.216541, 0.216333, 0.223625, 0.23149999999999998, 0.227083, 0.23154100000000002, 0.30120800000000003, 0.22725, 0.224666, 0.231042, 0.232375, 0.236833, 0.217125, 0.229542, 0.222584, 0.230542, 0.226541, 0.232292]
long_Bf16_LogSoftmax direct_low gpu median_ms=0.055250 p90_ms=0.059625 samples_ms=[0.059709, 0.060167, 0.0545, 0.050791, 0.050834, 0.050584, 0.055458, 0.0515, 0.059625, 0.059708, 0.05575, 0.056333, 0.055917, 0.051458, 0.050541, 0.051, 0.055917, 0.056625, 0.056208, 0.052458, 0.059625, 0.052042, 0.053917, 0.051041, 0.05575, 0.050959, 0.0595, 0.056542, 0.050209, 0.05525, 0.054625]
long_Bf16_LogSumExp cast_f32 host median_ms=0.170041 p90_ms=0.172208 samples_ms=[0.171375, 0.172083, 0.174583, 0.17266600000000001, 0.162333, 0.17133400000000001, 0.172208, 0.161042, 0.162875, 0.159291, 0.160917, 0.15725, 0.15804200000000002, 0.15729200000000002, 0.156917, 0.170791, 0.171125, 0.165625, 0.17041699999999999, 0.169125, 0.171459, 0.160333, 0.158417, 0.171833, 0.171041, 0.170041, 0.1695, 0.169959, 0.172208, 0.170458, 0.17316700000000002]
long_Bf16_LogSumExp cast_f32 gpu median_ms=0.051041 p90_ms=0.051500 samples_ms=[0.051625, 0.051333, 0.051083, 0.051583, 0.050541, 0.049917, 0.049792, 0.049542, 0.048916, 0.049833, 0.050333, 0.050333, 0.050417, 0.050333, 0.051041, 0.050209, 0.050667, 0.051084, 0.050917, 0.051042, 0.050375, 0.0515, 0.051459, 0.051792, 0.051042, 0.051333, 0.051041, 0.051083, 0.051125, 0.05, 0.051042]
long_Bf16_LogSumExp direct_low host median_ms=0.165625 p90_ms=0.176125 samples_ms=[0.17441700000000002, 0.162125, 0.173875, 0.172792, 0.17358400000000002, 0.180542, 0.1565, 0.155458, 0.15670800000000001, 0.15770800000000001, 0.157916, 0.152625, 0.153167, 0.15754100000000001, 0.155917, 0.168791, 0.18087499999999998, 0.152041, 0.161166, 0.169958, 0.15787500000000002, 0.17066699999999999, 0.163084, 0.17225000000000001, 0.171666, 0.17375, 0.165625, 0.158375, 0.176792, 0.17024999999999998, 0.176125]
long_Bf16_LogSumExp direct_low gpu median_ms=0.050250 p90_ms=0.054708 samples_ms=[0.054542, 0.046583, 0.054583, 0.054375, 0.051291, 0.051542, 0.049583, 0.049708, 0.045667, 0.045916, 0.045334, 0.053917, 0.049875, 0.046084, 0.05025, 0.05, 0.054792, 0.0515, 0.046125, 0.051334, 0.049917, 0.050833, 0.045792, 0.054916, 0.054584, 0.049709, 0.055208, 0.049708, 0.054708, 0.051334, 0.049917]
long_Bf16_Moments cast_f32 host median_ms=0.192125 p90_ms=0.200750 samples_ms=[0.185917, 0.177334, 0.18537499999999998, 0.192125, 0.197417, 0.20075, 0.195708, 0.18208300000000002, 0.178708, 0.19262500000000002, 0.193583, 0.18645799999999998, 0.200959, 0.190708, 0.198333, 0.18537499999999998, 0.197791, 0.192833, 0.198958, 0.18525, 0.20075, 0.186916, 0.18025, 0.197709, 0.18087499999999998, 0.200792, 0.177834, 0.17450000000000002, 0.197416, 0.187167, 0.20249999999999999]
long_Bf16_Moments cast_f32 gpu median_ms=0.068084 p90_ms=0.074250 samples_ms=[0.066667, 0.06525, 0.065542, 0.074167, 0.067541, 0.066792, 0.070709, 0.0665, 0.065458, 0.065333, 0.07425, 0.066459, 0.073333, 0.07425, 0.068084, 0.073917, 0.067167, 0.065917, 0.074375, 0.073875, 0.069333, 0.066167, 0.068541, 0.06525, 0.06575, 0.067125, 0.074042, 0.074209, 0.074375, 0.073875, 0.068833]
long_Bf16_Moments direct_low host median_ms=0.198291 p90_ms=0.202167 samples_ms=[0.20341599999999999, 0.194916, 0.19487500000000002, 0.19249999999999998, 0.200209, 0.18325, 0.194208, 0.29095899999999997, 0.186, 0.180583, 0.198291, 0.178875, 0.194834, 0.184291, 0.200792, 0.197042, 0.203667, 0.186417, 0.201084, 0.200666, 0.201875, 0.184083, 0.202167, 0.19929100000000002, 0.18875, 0.201041, 0.201042, 0.199917, 0.195708, 0.20174999999999998, 0.201542]
long_Bf16_Moments direct_low gpu median_ms=0.075167 p90_ms=0.078459 samples_ms=[0.078625, 0.077708, 0.0785, 0.078333, 0.07825, 0.074792, 0.075208, 0.075167, 0.069, 0.07, 0.07525, 0.078333, 0.078416, 0.078042, 0.078333, 0.074959, 0.069708, 0.075167, 0.07475, 0.078459, 0.077917, 0.074375, 0.075, 0.071084, 0.073041, 0.075083, 0.075, 0.075167, 0.078292, 0.074125, 0.078708]
long_Bf16_LayerNorm cast_f32 host median_ms=0.254833 p90_ms=0.259167 samples_ms=[0.233708, 0.232708, 0.232916, 0.382667, 0.26491699999999996, 0.256125, 0.255708, 0.23550000000000001, 0.243042, 0.24633400000000003, 0.253458, 0.255791, 0.257209, 0.258125, 0.24212499999999998, 0.2415, 0.256875, 0.25912500000000005, 0.258959, 0.25783300000000003, 0.251709, 0.238042, 0.259208, 0.2455, 0.237958, 0.254833, 0.240084, 0.257958, 0.259167, 0.24850000000000003, 0.255167]
long_Bf16_LayerNorm cast_f32 gpu median_ms=0.078833 p90_ms=0.079625 samples_ms=[0.072041, 0.073125, 0.072958, 0.073792, 0.079459, 0.072, 0.073042, 0.079375, 0.078875, 0.079709, 0.079208, 0.07975, 0.078875, 0.079375, 0.078708, 0.079292, 0.078917, 0.079583, 0.078833, 0.072125, 0.07275, 0.071875, 0.079458, 0.071875, 0.071584, 0.071458, 0.071083, 0.07425, 0.079375, 0.079709, 0.079625]
long_Bf16_LayerNorm direct_low host median_ms=0.248792 p90_ms=0.258458 samples_ms=[0.236167, 0.24266700000000002, 0.240292, 0.23633300000000002, 0.243458, 0.244667, 0.2615, 0.25616700000000003, 0.251542, 0.244917, 0.24175, 0.256667, 0.243583, 0.238209, 0.248792, 0.255167, 0.24558300000000002, 0.242375, 0.26095799999999997, 0.25420899999999996, 0.252792, 0.26175, 0.256459, 0.24675, 0.25845799999999997, 0.238166, 0.257208, 0.25783300000000003, 0.25825000000000004, 0.255625, 0.24016700000000002]
long_Bf16_LayerNorm direct_low gpu median_ms=0.079458 p90_ms=0.081667 samples_ms=[0.078083, 0.077208, 0.079958, 0.079916, 0.077542, 0.077416, 0.079167, 0.080333, 0.083041, 0.079583, 0.081667, 0.080125, 0.080125, 0.077417, 0.073625, 0.074125, 0.073417, 0.076083, 0.080083, 0.080042, 0.080208, 0.079333, 0.083042, 0.079959, 0.074458, 0.074333, 0.083083, 0.079292, 0.079792, 0.079458, 0.069916]
case=strided dtype=F16 rows=257 cols=1025 axis=1 transpose=true input_numel=263425 removed_f32_input_bytes=1053700
strided_F16_Softmax cast_f32 host median_ms=0.295542 p90_ms=0.471167 samples_ms=[0.503166, 0.49474999999999997, 0.5295, 0.30200000000000005, 0.292709, 0.298375, 0.294583, 0.279833, 0.291292, 0.280667, 0.289583, 0.281292, 0.289541, 0.283875, 0.283375, 0.300583, 0.30254099999999995, 0.287042, 0.28075, 0.27620900000000004, 0.283959, 0.330584, 0.350167, 0.29825, 0.29554199999999997, 0.293875, 0.297375, 0.35375, 0.304334, 0.298375, 0.471167]
strided_F16_Softmax cast_f32 gpu median_ms=0.070167 p90_ms=0.222625 samples_ms=[0.256042, 0.257917, 0.257083, 0.067958, 0.07025, 0.070958, 0.075042, 0.064583, 0.071583, 0.074959, 0.071625, 0.071125, 0.064291, 0.064166, 0.070167, 0.065333, 0.073667, 0.070166, 0.070333, 0.074042, 0.064208, 0.064291, 0.070375, 0.065, 0.064208, 0.064333, 0.0635, 0.06425, 0.063666, 0.064584, 0.222625]
strided_F16_Softmax direct_low host median_ms=0.284125 p90_ms=0.469792 samples_ms=[0.48325, 0.482125, 0.487167, 0.28650000000000003, 0.282875, 0.28350000000000003, 0.28808300000000003, 0.258084, 0.27225, 0.287417, 0.28816600000000003, 0.28925, 0.270083, 0.280084, 0.287667, 0.27999999999999997, 0.26887500000000003, 0.283333, 0.275209, 0.2795, 0.27775, 0.31154099999999996, 0.378291, 0.287459, 0.285, 0.280833, 0.280542, 0.28412499999999996, 0.27775, 0.28662499999999996, 0.46979200000000004]
strided_F16_Softmax direct_low gpu median_ms=0.055667 p90_ms=0.229792 samples_ms=[0.228542, 0.241375, 0.238417, 0.239709, 0.059333, 0.064334, 0.055375, 0.055375, 0.06325, 0.059625, 0.063084, 0.060708, 0.059167, 0.063417, 0.055542, 0.055208, 0.058583, 0.05975, 0.055667, 0.055208, 0.05425, 0.055333, 0.0545, 0.055208, 0.055292, 0.054541, 0.054375, 0.055041, 0.055458, 0.054417, 0.229792]
strided_F16_LogSoftmax cast_f32 host median_ms=0.293334 p90_ms=0.299666 samples_ms=[0.298292, 0.29175, 0.301292, 0.293917, 0.29333400000000004, 0.281833, 0.283167, 0.2965, 0.28854199999999997, 0.294084, 0.291416, 0.282917, 0.28212499999999996, 0.280584, 0.28487500000000004, 0.279375, 0.299666, 0.29641599999999996, 0.279042, 0.299458, 0.295375, 0.283459, 0.32075000000000004, 0.29725, 0.29533400000000004, 0.289, 0.294, 0.3125, 0.29016600000000004, 0.29258300000000004, 0.298209]
strided_F16_LogSoftmax cast_f32 gpu median_ms=0.070459 p90_ms=0.072792 samples_ms=[0.073208, 0.072792, 0.064875, 0.064458, 0.071375, 0.067458, 0.064917, 0.071292, 0.071417, 0.066583, 0.071291, 0.067708, 0.06725, 0.067583, 0.070459, 0.06525, 0.070791, 0.074208, 0.071583, 0.0645, 0.070875, 0.063958, 0.064334, 0.071541, 0.072375, 0.064792, 0.070958, 0.064875, 0.070583, 0.068166, 0.074959]
strided_F16_LogSoftmax direct_low host median_ms=0.281500 p90_ms=0.289625 samples_ms=[0.289625, 0.289625, 0.28695800000000005, 0.282958, 0.27137500000000003, 0.27712499999999995, 0.290916, 0.270125, 0.281083, 0.287958, 0.291708, 0.28150000000000003, 0.26758400000000004, 0.27045800000000003, 0.270125, 0.284084, 0.28400000000000003, 0.283125, 0.278167, 0.289583, 0.28641700000000003, 0.278458, 0.288875, 0.27399999999999997, 0.280791, 0.28008299999999997, 0.28654100000000005, 0.283, 0.272458, 0.277166, 0.27758299999999997]
strided_F16_LogSoftmax direct_low gpu median_ms=0.060042 p90_ms=0.065167 samples_ms=[0.063208, 0.064666, 0.060667, 0.056042, 0.055, 0.055792, 0.064708, 0.060458, 0.065167, 0.056958, 0.055625, 0.062292, 0.055166, 0.058, 0.059375, 0.066, 0.063542, 0.055334, 0.060042, 0.064166, 0.064, 0.056083, 0.059792, 0.062209, 0.065375, 0.065875, 0.059375, 0.059917, 0.05575, 0.063792, 0.059375]
strided_F16_LogSumExp cast_f32 host median_ms=0.169542 p90_ms=0.186459 samples_ms=[0.179125, 0.182, 0.326375, 0.184541, 0.182084, 0.182333, 0.183792, 0.18208300000000002, 0.176542, 0.181833, 0.189333, 0.161459, 0.157375, 0.167791, 0.16837500000000002, 0.169542, 0.164334, 0.15437499999999998, 0.16825, 0.282834, 0.186459, 0.155083, 0.155, 0.154875, 0.153583, 0.158208, 0.1545, 0.171792, 0.168084, 0.171666, 0.169459]
strided_F16_LogSumExp cast_f32 gpu median_ms=0.055625 p90_ms=0.060959 samples_ms=[0.060375, 0.0525, 0.061792, 0.056375, 0.059833, 0.05575, 0.059458, 0.0615, 0.060959, 0.055084, 0.060834, 0.052042, 0.051958, 0.052417, 0.05225, 0.052667, 0.055625, 0.05725, 0.052583, 0.059792, 0.062125, 0.053959, 0.052625, 0.052792, 0.05325, 0.053125, 0.052959, 0.055875, 0.056084, 0.055833, 0.0535]
strided_F16_LogSumExp direct_low host median_ms=0.156250 p90_ms=0.170416 samples_ms=[0.176791, 0.166667, 0.16466699999999998, 0.15445899999999999, 0.154792, 0.151417, 0.170416, 0.161541, 0.162167, 0.15116700000000002, 0.15920800000000002, 0.155042, 0.15725, 0.15437499999999998, 0.155458, 0.15412499999999998, 0.14962499999999998, 0.145666, 0.181666, 0.179333, 0.15770800000000001, 0.144583, 0.146916, 0.14283300000000002, 0.145209, 0.14583400000000002, 0.164291, 0.159625, 0.162375, 0.157208, 0.15625]
strided_F16_LogSumExp direct_low gpu median_ms=0.046000 p90_ms=0.048583 samples_ms=[0.050958, 0.04775, 0.047708, 0.043416, 0.042833, 0.047042, 0.048583, 0.047625, 0.050833, 0.050792, 0.047833, 0.043333, 0.042416, 0.046292, 0.043083, 0.0435, 0.042875, 0.04375, 0.048083, 0.048084, 0.043833, 0.043417, 0.043208, 0.043375, 0.04325, 0.043667, 0.046, 0.04675, 0.046292, 0.047833, 0.043333]
strided_F16_Moments cast_f32 host median_ms=0.191708 p90_ms=0.212833 samples_ms=[0.21175, 0.18512499999999998, 0.183, 0.287875, 0.202958, 0.19158399999999998, 0.199334, 0.21325, 0.206125, 0.212833, 0.209958, 0.188167, 0.18304199999999998, 0.178042, 0.218167, 0.207375, 0.21070799999999998, 0.20083399999999998, 0.207792, 0.191708, 0.188583, 0.18466700000000003, 0.205583, 0.192292, 0.18837500000000001, 0.16837500000000002, 0.17241700000000001, 0.174, 0.176542, 0.17566700000000002, 0.179875]
strided_F16_Moments cast_f32 gpu median_ms=0.071916 p90_ms=0.081667 samples_ms=[0.081, 0.0825, 0.079084, 0.067125, 0.082625, 0.072584, 0.079208, 0.071916, 0.079041, 0.070708, 0.079333, 0.067125, 0.07, 0.0665, 0.084166, 0.081416, 0.080708, 0.074917, 0.081417, 0.081667, 0.071125, 0.067875, 0.08075, 0.066584, 0.06725, 0.066291, 0.067708, 0.067292, 0.06725, 0.068208, 0.067792]
strided_F16_Moments direct_low host median_ms=0.189958 p90_ms=0.205042 samples_ms=[0.170042, 0.201875, 0.197708, 0.174542, 0.19924999999999998, 0.189958, 0.20725, 0.194667, 0.203667, 0.206459, 0.205042, 0.339, 0.178125, 0.17058399999999999, 0.183416, 0.201584, 0.193125, 0.184, 0.199959, 0.1915, 0.198792, 0.2, 0.182541, 0.189333, 0.164041, 0.162, 0.162666, 0.165375, 0.167708, 0.17258400000000002, 0.169792]
strided_F16_Moments direct_low gpu median_ms=0.069792 p90_ms=0.075166 samples_ms=[0.069791, 0.067375, 0.073875, 0.069875, 0.068208, 0.075375, 0.075166, 0.075541, 0.070791, 0.073541, 0.075542, 0.075083, 0.06825, 0.0675, 0.073542, 0.074667, 0.070167, 0.067625, 0.074, 0.070333, 0.061459, 0.070375, 0.069792, 0.061583, 0.062333, 0.061542, 0.062375, 0.062459, 0.062125, 0.063083, 0.063]
strided_F16_LayerNorm cast_f32 host median_ms=0.312000 p90_ms=0.322875 samples_ms=[0.304916, 0.326375, 0.301709, 0.3215, 0.304125, 0.318292, 0.314875, 0.322917, 0.32287499999999997, 0.316875, 0.313625, 0.32325000000000004, 0.308208, 0.31475, 0.311208, 0.319667, 0.30554200000000004, 0.322792, 0.31175, 0.303791, 0.307, 0.300834, 0.30124999999999996, 0.30091599999999996, 0.309583, 0.30925, 0.312, 0.317709, 0.299667, 0.316666, 0.31470899999999996]
strided_F16_LayerNorm cast_f32 gpu median_ms=0.091292 p90_ms=0.093875 samples_ms=[0.091416, 0.0915, 0.091375, 0.091167, 0.086541, 0.091291, 0.082209, 0.091292, 0.094958, 0.091041, 0.082416, 0.078709, 0.093875, 0.09125, 0.092584, 0.084708, 0.082125, 0.091167, 0.09525, 0.09275, 0.082167, 0.092625, 0.093875, 0.092708, 0.092875, 0.089916, 0.0925, 0.093125, 0.089458, 0.090916, 0.095208]
strided_F16_LayerNorm direct_low host median_ms=0.306000 p90_ms=0.313375 samples_ms=[0.29991700000000004, 0.307292, 0.305209, 0.29300000000000004, 0.31437499999999996, 0.29916699999999996, 0.30475, 0.309959, 0.312417, 0.306083, 0.298875, 0.294792, 0.307458, 0.313375, 0.29712500000000003, 0.290041, 0.302583, 0.307666, 0.304792, 0.303916, 0.29604199999999997, 0.306667, 0.306, 0.300458, 0.313, 0.310292, 0.303792, 0.30770800000000004, 0.306958, 0.31591600000000003, 0.317959]
strided_F16_LayerNorm direct_low gpu median_ms=0.082250 p90_ms=0.086792 samples_ms=[0.08575, 0.085625, 0.082, 0.083875, 0.074083, 0.084292, 0.082041, 0.0825, 0.082125, 0.074083, 0.077083, 0.07425, 0.077666, 0.086542, 0.075458, 0.08225, 0.082334, 0.078625, 0.0865, 0.082416, 0.077333, 0.087125, 0.087208, 0.082208, 0.082334, 0.088042, 0.082375, 0.076292, 0.079708, 0.077209, 0.086792]
case=strided dtype=Bf16 rows=257 cols=1025 axis=1 transpose=true input_numel=263425 removed_f32_input_bytes=1053700
strided_Bf16_Softmax cast_f32 host median_ms=0.506250 p90_ms=0.550375 samples_ms=[0.49974999999999997, 0.491667, 0.5055, 0.5151249999999999, 0.51125, 0.503625, 0.504667, 0.529459, 0.504833, 0.5049170000000001, 0.505833, 0.50625, 0.616708, 0.5052089999999999, 0.50475, 0.508375, 0.496584, 0.5042500000000001, 0.49483299999999997, 0.5545829999999999, 0.573458, 0.49799999999999994, 0.503625, 0.550375, 0.541792, 0.531334, 0.533583, 0.522875, 0.521209, 0.544584, 0.535208]
strided_Bf16_Softmax cast_f32 gpu median_ms=0.251417 p90_ms=0.258625 samples_ms=[0.24975, 0.25125, 0.249625, 0.249833, 0.252417, 0.250042, 0.24925, 0.251541, 0.252334, 0.250291, 0.248792, 0.252083, 0.25275, 0.249334, 0.252041, 0.250958, 0.249959, 0.251333, 0.251417, 0.253209, 0.249875, 0.250083, 0.249708, 0.25225, 0.259334, 0.25725, 0.259416, 0.256, 0.258625, 0.260333, 0.256833]
strided_Bf16_Softmax direct_low host median_ms=0.474750 p90_ms=0.520375 samples_ms=[0.464167, 0.46525, 0.473916, 0.4645, 0.46575, 0.465625, 0.504208, 0.466792, 0.46349999999999997, 0.476541, 0.47595899999999997, 0.466125, 0.520375, 0.468458, 0.47766699999999995, 0.462959, 1.119, 0.567708, 0.526208, 0.47475, 0.464667, 0.469833, 0.45683300000000004, 0.484792, 0.49716699999999997, 0.49375, 0.471709, 0.49083299999999996, 0.49708399999999997, 0.493375, 0.490625]
strided_Bf16_Softmax direct_low gpu median_ms=0.216125 p90_ms=0.226250 samples_ms=[0.217041, 0.215375, 0.216625, 0.215292, 0.215542, 0.21525, 0.218417, 0.215708, 0.21625, 0.21475, 0.2165, 0.215833, 0.218167, 0.214875, 0.216834, 0.216125, 0.216542, 0.214833, 0.215666, 0.213417, 0.215709, 0.213667, 0.21575, 0.21525, 0.2305, 0.225167, 0.223209, 0.229208, 0.224917, 0.22775, 0.22625]
strided_Bf16_LogSoftmax cast_f32 host median_ms=0.332959 p90_ms=0.340166 samples_ms=[0.443834, 0.33337500000000003, 0.33808299999999997, 0.40462499999999996, 0.337792, 0.34016599999999997, 0.334083, 0.31625000000000003, 0.311791, 0.332959, 0.306875, 0.318083, 0.337166, 0.34325, 0.334875, 0.297708, 0.29912500000000003, 0.306791, 0.321875, 0.33641600000000005, 0.321792, 0.31841600000000003, 0.305458, 0.335, 0.330458, 0.338167, 0.33425000000000005, 0.322333, 0.29716699999999996, 0.33125, 0.339333]
strided_Bf16_LogSoftmax cast_f32 gpu median_ms=0.071459 p90_ms=0.072417 samples_ms=[0.071917, 0.068875, 0.071792, 0.07175, 0.070667, 0.071375, 0.071459, 0.070792, 0.071333, 0.068292, 0.068167, 0.064875, 0.069, 0.071333, 0.071, 0.071583, 0.065083, 0.072333, 0.072292, 0.072417, 0.07175, 0.0715, 0.069959, 0.07425, 0.06475, 0.071625, 0.072625, 0.074167, 0.070375, 0.071625, 0.072042]
strided_Bf16_LogSoftmax direct_low host median_ms=0.313167 p90_ms=0.322875 samples_ms=[0.28695800000000005, 0.283209, 0.320708, 0.313167, 0.32287499999999997, 0.31887499999999996, 0.290083, 0.301833, 0.30945799999999996, 0.296333, 0.314209, 0.315667, 0.310917, 0.313042, 0.316166, 0.443834, 0.282167, 0.297209, 0.32137499999999997, 0.29233299999999995, 0.3195, 0.3, 0.319833, 0.304, 0.3075, 0.319458, 0.320791, 0.312083, 0.32325000000000004, 0.319875, 0.367166]
strided_Bf16_LogSoftmax direct_low gpu median_ms=0.057792 p90_ms=0.059083 samples_ms=[0.058417, 0.053917, 0.058792, 0.057292, 0.0585, 0.054042, 0.054292, 0.057333, 0.054333, 0.054625, 0.059083, 0.053875, 0.05425, 0.057334, 0.058458, 0.058083, 0.054875, 0.057792, 0.062125, 0.056291, 0.05875, 0.057917, 0.058917, 0.054708, 0.05825, 0.057917, 0.062458, 0.054625, 0.059083, 0.054792, 0.058708]
strided_Bf16_LogSumExp cast_f32 host median_ms=0.181792 p90_ms=0.184625 samples_ms=[0.175, 0.18412499999999998, 0.18275, 0.181709, 0.18241700000000002, 0.174625, 0.192583, 0.163916, 0.16383399999999998, 0.1825, 0.168333, 0.181792, 0.181459, 0.184625, 0.179167, 0.181959, 0.1875, 0.17775000000000002, 0.183083, 0.182167, 0.183166, 0.17316700000000002, 0.318916, 0.164916, 0.165, 0.179208, 0.183208, 0.175541, 0.170625, 0.18187499999999998, 0.183833]
strided_Bf16_LogSumExp cast_f32 gpu median_ms=0.059375 p90_ms=0.061166 samples_ms=[0.060167, 0.054084, 0.063459, 0.061167, 0.060833, 0.053, 0.061042, 0.061, 0.05325, 0.058542, 0.052625, 0.057292, 0.058125, 0.053041, 0.052541, 0.061166, 0.059375, 0.061458, 0.060542, 0.060958, 0.052458, 0.06, 0.059458, 0.058791, 0.052458, 0.061, 0.052875, 0.059375, 0.058458, 0.057792, 0.060958]
strided_Bf16_LogSumExp direct_low host median_ms=0.165125 p90_ms=0.170833 samples_ms=[0.162875, 0.170833, 0.168292, 0.170041, 0.169792, 0.168083, 0.17033299999999998, 0.17091599999999998, 0.165708, 0.165, 0.150542, 0.152625, 0.159042, 0.15375, 0.164666, 0.177125, 0.165125, 0.170209, 0.169625, 0.16245800000000002, 0.16558299999999998, 0.17225000000000001, 0.156541, 0.15133400000000002, 0.164208, 0.17029100000000003, 0.169834, 0.155708, 0.150958, 0.152292, 0.161]
strided_Bf16_LogSumExp direct_low gpu median_ms=0.047375 p90_ms=0.050042 samples_ms=[0.051833, 0.049583, 0.049959, 0.04975, 0.046917, 0.051458, 0.050125, 0.049916, 0.050042, 0.048333, 0.044667, 0.047833, 0.047417, 0.041875, 0.042417, 0.044583, 0.050042, 0.045667, 0.047084, 0.041875, 0.049708, 0.049541, 0.04175, 0.044542, 0.042041, 0.049833, 0.047375, 0.041834, 0.044834, 0.0445, 0.041917]
strided_Bf16_Moments cast_f32 host median_ms=0.191000 p90_ms=0.221667 samples_ms=[0.201792, 0.185417, 0.1805, 0.180083, 0.190333, 0.249709, 0.185458, 0.191, 0.17550000000000002, 0.181833, 0.190042, 0.180667, 0.173833, 0.18450000000000003, 0.312666, 0.207, 0.204167, 0.19037500000000002, 0.18654199999999999, 0.204791, 0.187, 0.24545799999999998, 0.220166, 0.2105, 0.187083, 0.19725, 0.191958, 0.219125, 0.206875, 0.221667, 0.19325]
strided_Bf16_Moments cast_f32 gpu median_ms=0.068542 p90_ms=0.080250 samples_ms=[0.073792, 0.070542, 0.070125, 0.073291, 0.066875, 0.072583, 0.075375, 0.067917, 0.0675, 0.073583, 0.066667, 0.066375, 0.066208, 0.067166, 0.067167, 0.068542, 0.068042, 0.069125, 0.066709, 0.066916, 0.066458, 0.066667, 0.081375, 0.0705, 0.066375, 0.080125, 0.06725, 0.081416, 0.073208, 0.081792, 0.08025]
strided_Bf16_Moments direct_low host median_ms=0.179209 p90_ms=0.194417 samples_ms=[0.178125, 0.173375, 0.178875, 0.17, 0.173208, 0.175041, 0.179167, 0.179209, 0.17675, 0.173625, 0.168625, 0.182709, 0.21325, 0.183917, 0.194417, 0.192416, 0.187625, 0.192417, 0.18737499999999999, 0.177541, 0.178459, 0.171666, 0.185167, 0.173041, 0.171167, 0.1865, 0.192083, 0.21945800000000001, 0.185416, 0.199042, 0.18754099999999999]
strided_Bf16_Moments direct_low gpu median_ms=0.060209 p90_ms=0.070750 samples_ms=[0.069917, 0.063, 0.067416, 0.064917, 0.059958, 0.060167, 0.065709, 0.07075, 0.062583, 0.059584, 0.059541, 0.059583, 0.059833, 0.059791, 0.060375, 0.06, 0.060458, 0.060708, 0.059625, 0.06, 0.059334, 0.059333, 0.060041, 0.072625, 0.059416, 0.059625, 0.073667, 0.074042, 0.060209, 0.063459, 0.070666]
strided_Bf16_LayerNorm cast_f32 host median_ms=0.302583 p90_ms=0.314208 samples_ms=[0.293333, 0.298125, 0.302625, 0.306417, 0.297875, 0.307667, 0.307417, 0.29912500000000003, 0.3, 0.30779100000000004, 0.3075, 0.305125, 0.29875, 0.30366699999999996, 0.29525, 0.29541700000000004, 0.300834, 0.297375, 0.29645900000000003, 0.304, 0.298125, 0.302083, 0.30225, 0.298083, 0.314958, 0.314208, 0.302583, 0.321916, 0.318833, 0.307541, 0.302792]
strided_Bf16_LayerNorm cast_f32 gpu median_ms=0.089875 p90_ms=0.092125 samples_ms=[0.0905, 0.09025, 0.089875, 0.093, 0.0945, 0.09025, 0.090042, 0.090291, 0.078875, 0.078917, 0.079417, 0.078833, 0.079042, 0.08775, 0.091375, 0.084917, 0.0795, 0.079042, 0.078875, 0.080125, 0.082084, 0.084459, 0.081959, 0.090125, 0.091583, 0.091417, 0.091958, 0.091833, 0.092125, 0.095917, 0.088666]
strided_Bf16_LayerNorm direct_low host median_ms=0.292875 p90_ms=0.311583 samples_ms=[0.289667, 0.291958, 0.289917, 0.287125, 0.28420799999999996, 0.288584, 0.306, 0.2825, 0.319041, 0.367375, 0.292875, 0.29570799999999997, 0.287125, 0.382959, 0.290542, 0.297917, 0.294792, 0.291417, 0.28895800000000005, 0.28625, 0.287958, 0.29300000000000004, 0.28862499999999996, 0.285083, 0.306, 0.304666, 0.30812500000000004, 0.296583, 0.311583, 0.293416, 0.306292]
strided_Bf16_LayerNorm direct_low gpu median_ms=0.074792 p90_ms=0.080209 samples_ms=[0.074708, 0.077667, 0.078, 0.076917, 0.077459, 0.075334, 0.07225, 0.077667, 0.072125, 0.071875, 0.07175, 0.071791, 0.071625, 0.072958, 0.07125, 0.074792, 0.07625, 0.072833, 0.074708, 0.074958, 0.071583, 0.074875, 0.07475, 0.071792, 0.080209, 0.084833, 0.080209, 0.072208, 0.080375, 0.079875, 0.079167]
case=nonlast dtype=F16 rows=17 cols=4099 axis=0 transpose=false input_numel=69683 removed_f32_input_bytes=278732
nonlast_F16_Softmax cast_f32 host median_ms=0.249042 p90_ms=0.252334 samples_ms=[0.25091600000000003, 0.239458, 0.318959, 0.255459, 0.25008400000000003, 0.23550000000000001, 0.249417, 0.24983299999999997, 0.240708, 0.24995799999999999, 0.24904199999999999, 0.238625, 0.236708, 0.236958, 0.239375, 0.24933300000000003, 0.24691699999999997, 0.24000000000000002, 0.250917, 0.27399999999999997, 0.235708, 0.24983299999999997, 0.24733300000000003, 0.251916, 0.249625, 0.252334, 0.24662499999999998, 0.236958, 0.243583, 0.25, 0.24875]
nonlast_F16_Softmax cast_f32 gpu median_ms=0.097084 p90_ms=0.097334 samples_ms=[0.097125, 0.097042, 0.096375, 0.097292, 0.097334, 0.096625, 0.096625, 0.097333, 0.096417, 0.097166, 0.097375, 0.096292, 0.096333, 0.096167, 0.096417, 0.096334, 0.097167, 0.096375, 0.097375, 0.096375, 0.096375, 0.097125, 0.09725, 0.09725, 0.09725, 0.097334, 0.096458, 0.097417, 0.096542, 0.097084, 0.097125]
nonlast_F16_Softmax direct_low host median_ms=0.251291 p90_ms=0.257958 samples_ms=[0.251291, 0.252292, 0.253291, 0.252875, 0.26129199999999997, 0.251917, 0.252917, 0.25141600000000003, 0.244083, 0.250291, 0.23900000000000002, 0.253209, 0.242625, 0.367583, 0.238875, 0.238125, 0.2455, 0.242917, 0.261875, 0.2415, 0.241292, 0.23970799999999998, 0.241542, 0.254459, 0.243458, 0.244042, 0.2515, 0.254458, 0.254208, 0.257958, 0.24649999999999997]
nonlast_F16_Softmax direct_low gpu median_ms=0.100416 p90_ms=0.100792 samples_ms=[0.100334, 0.100917, 0.100708, 0.100292, 0.100458, 0.100667, 0.100417, 0.100833, 0.100417, 0.1005, 0.100375, 0.100708, 0.1, 0.100375, 0.09975, 0.100084, 0.100416, 0.100125, 0.100334, 0.100583, 0.100041, 0.100708, 0.100583, 0.100292, 0.100083, 0.100084, 0.100792, 0.103042, 0.100375, 0.100709, 0.1]
nonlast_F16_LogSoftmax cast_f32 host median_ms=0.246542 p90_ms=0.250209 samples_ms=[0.247958, 0.249542, 0.242375, 0.249625, 0.238583, 0.25012500000000004, 0.249292, 0.24087499999999998, 0.238042, 0.240542, 0.247958, 0.234833, 0.235958, 0.235083, 0.23391699999999999, 0.2495, 0.24695899999999998, 0.247666, 0.247916, 0.240208, 0.236292, 0.24625, 0.247708, 0.24654199999999998, 0.242625, 0.24354199999999998, 0.260166, 0.250209, 0.253, 0.246041, 0.253458]
nonlast_F16_LogSoftmax cast_f32 gpu median_ms=0.096708 p90_ms=0.097375 samples_ms=[0.09725, 0.097375, 0.09725, 0.096708, 0.097125, 0.097333, 0.096292, 0.096667, 0.096542, 0.09675, 0.096708, 0.096542, 0.096542, 0.096375, 0.096625, 0.097166, 0.097417, 0.097375, 0.097458, 0.096792, 0.09675, 0.09675, 0.0965, 0.097375, 0.096625, 0.096625, 0.096625, 0.096375, 0.096333, 0.096417, 0.096792]
nonlast_F16_LogSoftmax direct_low host median_ms=0.249625 p90_ms=0.257000 samples_ms=[0.251208, 0.252334, 0.252875, 0.250292, 0.24899999999999997, 0.253125, 0.24337499999999998, 0.237125, 0.24075, 0.23925, 0.243708, 0.241333, 0.239542, 0.246667, 0.24449999999999997, 0.25404099999999996, 0.249625, 0.249625, 0.25575000000000003, 0.23016599999999998, 0.24875, 0.371125, 0.257, 0.24991599999999997, 0.250375, 0.252, 0.267167, 0.246875, 0.257625, 0.244584, 0.241709]
nonlast_F16_LogSoftmax direct_low gpu median_ms=0.100209 p90_ms=0.101083 samples_ms=[0.100875, 0.100209, 0.101166, 0.100375, 0.100458, 0.100208, 0.100166, 0.100125, 0.100208, 0.099958, 0.100667, 0.103584, 0.100208, 0.100375, 0.100459, 0.100334, 0.101125, 0.100625, 0.100625, 0.100166, 0.100542, 0.100208, 0.101083, 0.100292, 0.099959, 0.100041, 0.100167, 0.1, 0.100208, 0.100125, 0.100042]
nonlast_F16_LogSumExp cast_f32 host median_ms=0.213917 p90_ms=0.229375 samples_ms=[0.222417, 0.229375, 0.21787499999999999, 0.20875000000000002, 0.207041, 0.213917, 0.213083, 0.295041, 0.20891700000000002, 0.212167, 0.209541, 0.21437499999999998, 0.218125, 0.211708, 0.215125, 0.21775, 0.22425, 0.20987499999999998, 0.220292, 0.206958, 0.213208, 0.213209, 0.21120899999999998, 0.21620799999999998, 0.218209, 0.212875, 0.21345899999999998, 0.207333, 0.214667, 0.548666, 0.555666]
nonlast_F16_LogSumExp cast_f32 gpu median_ms=0.094667 p90_ms=0.095125 samples_ms=[0.094584, 0.095084, 0.094667, 0.094459, 0.094667, 0.094708, 0.09425, 0.095125, 0.094625, 0.094709, 0.094625, 0.094959, 0.094375, 0.094625, 0.094584, 0.095291, 0.094458, 0.095, 0.0945, 0.094625, 0.09475, 0.095, 0.0945, 0.094625, 0.094292, 0.095, 0.094875, 0.094917, 0.094709, 0.421209, 0.439959]
nonlast_F16_LogSumExp direct_low host median_ms=0.215333 p90_ms=0.227542 samples_ms=[0.2475, 0.22675, 0.21787499999999999, 0.211041, 0.207916, 0.208667, 0.20725, 0.215042, 0.21862499999999999, 0.213167, 0.21845900000000001, 0.218875, 0.2145, 0.218833, 0.22754200000000002, 0.221958, 0.217958, 0.215333, 0.208208, 0.2165, 0.2145, 0.21241700000000002, 0.21229199999999998, 0.219291, 0.21175, 0.209917, 0.21504099999999998, 0.20858300000000002, 0.218292, 0.347666, 0.585125]
nonlast_F16_LogSumExp direct_low gpu median_ms=0.098417 p90_ms=0.098625 samples_ms=[0.098666, 0.098875, 0.098458, 0.098542, 0.098583, 0.0985, 0.098083, 0.098333, 0.098208, 0.098333, 0.097958, 0.098333, 0.09825, 0.098208, 0.098541, 0.098584, 0.098459, 0.0985, 0.098125, 0.098375, 0.098541, 0.0985, 0.098125, 0.0985, 0.098333, 0.098375, 0.098, 0.098625, 0.098167, 0.098417, 0.451125]
nonlast_F16_Moments cast_f32 host median_ms=0.258708 p90_ms=0.264667 samples_ms=[0.257458, 0.261416, 0.264791, 0.243, 0.245125, 0.262459, 0.26329199999999997, 0.266625, 0.25920899999999997, 0.248334, 0.24449999999999997, 0.258292, 0.262167, 0.260208, 0.24745799999999998, 0.264667, 0.252833, 0.263667, 0.255417, 0.249292, 0.24895899999999999, 0.26337499999999997, 0.243875, 0.26283300000000004, 0.258708, 0.268708, 0.25595799999999996, 0.249209, 0.24675, 0.261458, 0.262292]
nonlast_F16_Moments cast_f32 gpu median_ms=0.125167 p90_ms=0.126000 samples_ms=[0.125833, 0.122209, 0.125916, 0.125209, 0.124709, 0.125208, 0.123083, 0.125917, 0.12375, 0.122458, 0.122459, 0.122708, 0.125041, 0.125417, 0.125917, 0.1265, 0.125167, 0.122708, 0.125458, 0.12275, 0.124709, 0.125666, 0.122708, 0.126, 0.126875, 0.125791, 0.122875, 0.125875, 0.126541, 0.122542, 0.123708]
nonlast_F16_Moments direct_low host median_ms=0.261208 p90_ms=0.266125 samples_ms=[0.259917, 0.2565, 0.26483300000000004, 0.266125, 0.253375, 0.26425, 0.38699999999999996, 0.24899999999999997, 0.261416, 0.25125000000000003, 0.252375, 0.263625, 0.266, 0.261167, 0.262167, 0.261583, 0.26120800000000005, 0.261042, 0.250167, 0.25175000000000003, 0.261125, 0.263708, 0.257959, 0.26375, 0.269208, 0.266667, 0.252292, 0.263959, 0.261834, 0.24841700000000003, 0.254958]
nonlast_F16_Moments direct_low gpu median_ms=0.128667 p90_ms=0.129333 samples_ms=[0.128042, 0.128666, 0.129208, 0.128, 0.12875, 0.128541, 0.129542, 0.127958, 0.129, 0.128375, 0.12825, 0.128875, 0.129209, 0.12825, 0.129042, 0.131375, 0.128667, 0.129167, 0.129416, 0.127917, 0.128917, 0.128084, 0.128208, 0.128125, 0.129292, 0.128209, 0.129167, 0.129333, 0.129125, 0.128375, 0.128291]
nonlast_F16_LayerNorm cast_f32 host median_ms=0.276709 p90_ms=0.282459 samples_ms=[0.26675, 0.268584, 0.26575, 0.28075, 0.399042, 0.276709, 0.27108299999999996, 0.27191699999999996, 0.264208, 0.265916, 0.271958, 0.28141700000000003, 0.27962499999999996, 0.27349999999999997, 0.28200000000000003, 0.27795800000000004, 0.278041, 0.26725000000000004, 0.270167, 0.287334, 0.279292, 0.28041699999999997, 0.27712499999999995, 0.27825, 0.28245899999999996, 0.267458, 0.26658299999999996, 0.262041, 0.263875, 0.2845, 0.278875]
nonlast_F16_LayerNorm cast_f32 gpu median_ms=0.124042 p90_ms=0.124625 samples_ms=[0.123541, 0.124041, 0.124042, 0.12475, 0.124625, 0.123916, 0.124167, 0.1235, 0.124458, 0.124042, 0.123709, 0.123917, 0.124458, 0.123916, 0.12475, 0.124666, 0.124625, 0.124291, 0.124209, 0.124, 0.124042, 0.124417, 0.124417, 0.123666, 0.124291, 0.124, 0.123542, 0.123917, 0.123833, 0.124583, 0.124583]
nonlast_F16_LayerNorm direct_low host median_ms=0.278708 p90_ms=0.286291 samples_ms=[0.270833, 0.269833, 0.267542, 0.284959, 0.277042, 0.270542, 0.283, 0.274167, 0.268708, 0.39058400000000004, 0.28629099999999996, 0.279459, 0.271708, 0.28162499999999996, 0.281542, 0.28441700000000003, 0.273625, 0.28049999999999997, 0.270583, 0.27925, 0.286292, 0.289417, 0.28200000000000003, 0.28041699999999997, 0.28279200000000004, 0.271916, 0.266625, 0.266833, 0.265417, 0.27787500000000004, 0.278708]
nonlast_F16_LayerNorm direct_low gpu median_ms=0.129166 p90_ms=0.131875 samples_ms=[0.12875, 0.129292, 0.128416, 0.129084, 0.132041, 0.129583, 0.129458, 0.13, 0.131875, 0.129291, 0.128792, 0.129459, 0.128833, 0.1295, 0.128875, 0.1295, 0.131666, 0.129542, 0.128875, 0.128875, 0.132417, 0.128708, 0.128958, 0.128792, 0.132708, 0.128542, 0.129084, 0.129416, 0.129166, 0.128958, 0.128833]
case=nonlast dtype=Bf16 rows=17 cols=4099 axis=0 transpose=false input_numel=69683 removed_f32_input_bytes=278732
nonlast_Bf16_Softmax cast_f32 host median_ms=0.251833 p90_ms=0.603500 samples_ms=[0.244083, 0.241333, 0.245833, 0.248958, 0.247208, 0.594333, 0.5892090000000001, 0.609708, 0.6511250000000001, 0.398167, 0.412333, 0.608, 0.6034999999999999, 0.5852080000000001, 0.599334, 0.389, 0.435292, 0.239625, 0.23766600000000002, 0.237167, 0.23758300000000002, 0.37725, 0.242375, 0.253208, 0.249834, 0.25183300000000003, 0.24995900000000001, 0.250208, 0.25212500000000004, 0.24108300000000002, 0.247208]
nonlast_Bf16_Softmax cast_f32 gpu median_ms=0.097250 p90_ms=0.438416 samples_ms=[0.0965, 0.09625, 0.096125, 0.096209, 0.42775, 0.4365, 0.435667, 0.435833, 0.438416, 0.301167, 0.429709, 0.439375, 0.439792, 0.436334, 0.440625, 0.36025, 0.09725, 0.096625, 0.099375, 0.099375, 0.096375, 0.096209, 0.099167, 0.097, 0.097042, 0.096833, 0.096125, 0.096209, 0.095917, 0.096958, 0.096666]
nonlast_Bf16_Softmax direct_low host median_ms=0.252125 p90_ms=0.619667 samples_ms=[0.243458, 0.24533299999999997, 0.241458, 0.236125, 0.633125, 0.629, 0.57275, 0.615958, 0.619166, 0.613042, 0.616709, 0.619667, 0.508375, 0.612458, 0.626334, 0.610375, 0.252, 0.23883300000000002, 0.241041, 0.237041, 0.242375, 0.2405, 0.25212500000000004, 0.2525, 0.252375, 0.251583, 0.259458, 0.244333, 0.24733300000000003, 0.251334, 0.238667]
nonlast_Bf16_Softmax direct_low gpu median_ms=0.099750 p90_ms=0.455958 samples_ms=[0.099208, 0.099625, 0.099666, 0.099333, 0.455875, 0.455709, 0.249792, 0.25, 0.455709, 0.455958, 0.455958, 0.457208, 0.251125, 0.249625, 0.457833, 0.456417, 0.099542, 0.099375, 0.099458, 0.099375, 0.099583, 0.099625, 0.099375, 0.099834, 0.099708, 0.099584, 0.09975, 0.099791, 0.099375, 0.099625, 0.099959]
nonlast_Bf16_LogSoftmax cast_f32 host median_ms=0.243750 p90_ms=0.286416 samples_ms=[0.23725, 0.24108300000000002, 0.23658300000000002, 0.24375, 0.24495799999999998, 0.23533300000000001, 0.23783300000000002, 0.24350000000000002, 0.239584, 0.23441700000000001, 0.23274999999999998, 0.231042, 0.234208, 0.238667, 0.238125, 0.2385, 0.239667, 0.26033300000000004, 0.377583, 0.362541, 0.286416, 0.256208, 0.257625, 0.257292, 0.253292, 0.259958, 0.24912499999999999, 0.24704199999999998, 0.25549999999999995, 0.36125, 0.261916]
nonlast_Bf16_LogSoftmax cast_f32 gpu median_ms=0.096375 p90_ms=0.096834 samples_ms=[0.096292, 0.096291, 0.096291, 0.096541, 0.096083, 0.096333, 0.096416, 0.096375, 0.096375, 0.096708, 0.096625, 0.096417, 0.096375, 0.096292, 0.096459, 0.097875, 0.09675, 0.09625, 0.096417, 0.096333, 0.096083, 0.096834, 0.096625, 0.096209, 0.096083, 0.096584, 0.096208, 0.096625, 0.100125, 0.099792, 0.096125]
nonlast_Bf16_LogSoftmax direct_low host median_ms=0.244250 p90_ms=0.261792 samples_ms=[0.239375, 0.24108300000000002, 0.24158400000000002, 0.240125, 0.24233300000000002, 0.24016700000000002, 0.23925, 0.24087499999999998, 0.244667, 0.24479200000000004, 0.23816700000000002, 0.241, 0.240833, 0.250708, 0.236083, 0.235709, 0.240834, 0.251625, 0.250958, 0.249167, 0.259042, 0.265666, 0.261792, 0.262625, 0.243791, 0.2605, 0.276625, 0.25125000000000003, 0.24425, 0.258084, 0.254958]
nonlast_Bf16_LogSoftmax direct_low gpu median_ms=0.099459 p90_ms=0.099625 samples_ms=[0.099333, 0.099583, 0.099292, 0.099459, 0.099542, 0.099583, 0.0995, 0.099625, 0.099375, 0.099416, 0.099458, 0.099417, 0.099666, 0.0995, 0.099375, 0.099292, 0.099417, 0.099584, 0.099334, 0.099625, 0.099542, 0.099458, 0.09925, 0.099375, 0.09975, 0.099458, 0.0995, 0.099959, 0.099542, 0.099625, 0.099459]
nonlast_Bf16_LogSumExp cast_f32 host median_ms=0.223583 p90_ms=0.232625 samples_ms=[0.225625, 0.234167, 0.22508399999999998, 0.227459, 0.351959, 0.232625, 0.214917, 0.22062500000000002, 0.227959, 0.21545799999999998, 0.21537499999999998, 0.23291699999999999, 0.22579100000000002, 0.226916, 0.225333, 0.214666, 0.22754200000000002, 0.212625, 0.2105, 0.218209, 0.217084, 0.227958, 0.21995900000000002, 0.216, 0.228542, 0.222791, 0.210709, 0.21854099999999999, 0.223583, 0.225916, 0.22041699999999997]
nonlast_Bf16_LogSumExp cast_f32 gpu median_ms=0.097500 p90_ms=0.098875 samples_ms=[0.098291, 0.096875, 0.096708, 0.098792, 0.094958, 0.094459, 0.0975, 0.097959, 0.098041, 0.0975, 0.098625, 0.095125, 0.097792, 0.099125, 0.098167, 0.098958, 0.098917, 0.097125, 0.094791, 0.097834, 0.094875, 0.098041, 0.097125, 0.095375, 0.094584, 0.098875, 0.098625, 0.098042, 0.094708, 0.095458, 0.094708]
nonlast_Bf16_LogSumExp direct_low host median_ms=0.225208 p90_ms=0.233833 samples_ms=[0.215334, 0.211833, 0.227541, 0.22683299999999998, 0.224041, 0.214833, 0.24229199999999998, 0.228625, 0.224666, 0.216292, 0.235417, 0.22908299999999998, 0.22575, 0.220791, 0.23383299999999999, 0.22775, 0.216459, 0.21225000000000002, 0.226583, 0.216416, 0.21470899999999998, 0.227291, 0.225208, 0.220708, 0.23016599999999998, 0.324167, 0.227416, 0.216584, 0.21025, 0.227583, 0.22004100000000001]
nonlast_Bf16_LogSumExp direct_low gpu median_ms=0.098042 p90_ms=0.098583 samples_ms=[0.097708, 0.097583, 0.098167, 0.098208, 0.097667, 0.09775, 0.098458, 0.097958, 0.098333, 0.100666, 0.098583, 0.097584, 0.098417, 0.09825, 0.0985, 0.097709, 0.097667, 0.097791, 0.098042, 0.09775, 0.097709, 0.0975, 0.098333, 0.09825, 0.098042, 0.100917, 0.0985, 0.097834, 0.097959, 0.101042, 0.098042]
nonlast_Bf16_Moments cast_f32 host median_ms=0.262834 p90_ms=0.268250 samples_ms=[0.25225, 0.25225, 0.270542, 0.262834, 0.26154200000000005, 0.287625, 0.264083, 0.26325, 0.263334, 0.252416, 0.26475, 0.259166, 0.362625, 0.263125, 0.264167, 0.26241600000000004, 0.260583, 0.263917, 0.255542, 0.2655, 0.263459, 0.24483399999999997, 0.262167, 0.26108400000000004, 0.25783300000000003, 0.26825, 0.265083, 0.261875, 0.26025000000000004, 0.26329199999999997, 0.259083]
nonlast_Bf16_Moments cast_f32 gpu median_ms=0.125458 p90_ms=0.126833 samples_ms=[0.122583, 0.125292, 0.126083, 0.127125, 0.1265, 0.124958, 0.126042, 0.125917, 0.125542, 0.125, 0.124125, 0.122375, 0.122958, 0.12225, 0.127042, 0.126042, 0.124292, 0.126334, 0.124125, 0.126, 0.126208, 0.125875, 0.126833, 0.125375, 0.127083, 0.124958, 0.1235, 0.125209, 0.125458, 0.122667, 0.126833]
nonlast_Bf16_Moments direct_low host median_ms=0.263166 p90_ms=0.273542 samples_ms=[0.269208, 0.262042, 0.254333, 0.26875, 0.263166, 0.250709, 0.255875, 0.256417, 0.262334, 0.261625, 0.263917, 0.24812499999999998, 0.265833, 0.260791, 0.267167, 0.264625, 0.26554099999999997, 0.26175, 0.26575, 0.268791, 0.267083, 0.25658400000000003, 0.264291, 0.273542, 0.334875, 0.24945799999999999, 0.254708, 0.254916, 0.261875, 0.27425000000000005, 0.41516699999999995]
nonlast_Bf16_Moments direct_low gpu median_ms=0.128125 p90_ms=0.128708 samples_ms=[0.128875, 0.127667, 0.128625, 0.127459, 0.128083, 0.127958, 0.127917, 0.1275, 0.128166, 0.128667, 0.1285, 0.128875, 0.128584, 0.127083, 0.128417, 0.127959, 0.1285, 0.128125, 0.128375, 0.127584, 0.128458, 0.128334, 0.127916, 0.128208, 0.127917, 0.127292, 0.131375, 0.128084, 0.128708, 0.127667, 0.128]
nonlast_Bf16_LayerNorm cast_f32 host median_ms=0.277083 p90_ms=0.284291 samples_ms=[0.7468750000000001, 0.27170900000000003, 0.280333, 0.272584, 0.268084, 0.275209, 0.26675, 0.27641699999999997, 0.278375, 0.265042, 0.265958, 0.371625, 0.281792, 0.28533299999999995, 0.280208, 0.280042, 0.275417, 0.278375, 0.275958, 0.280708, 0.282416, 0.270208, 0.284291, 0.280875, 0.26933399999999996, 0.278958, 0.277083, 0.26375, 0.265542, 0.283, 0.26975000000000005]
nonlast_Bf16_LayerNorm cast_f32 gpu median_ms=0.124000 p90_ms=0.124458 samples_ms=[0.564125, 0.123541, 0.123667, 0.124041, 0.124041, 0.124417, 0.123583, 0.1235, 0.124042, 0.123875, 0.123583, 0.124458, 0.12425, 0.123583, 0.124625, 0.124166, 0.123625, 0.123417, 0.124375, 0.12425, 0.123708, 0.124333, 0.124166, 0.12375, 0.123583, 0.124584, 0.124375, 0.123833, 0.124, 0.123833, 0.124]
nonlast_Bf16_LayerNorm direct_low host median_ms=0.278500 p90_ms=0.315583 samples_ms=[0.865792, 0.5680000000000001, 0.315583, 0.28575, 0.27849999999999997, 0.28350000000000003, 0.39975, 0.27191699999999996, 0.280042, 0.284667, 0.27558299999999997, 0.27999999999999997, 0.27675, 0.276167, 0.28008299999999997, 0.281667, 0.27, 0.283333, 0.276958, 0.28150000000000003, 0.27025, 0.27475, 0.295958, 0.270916, 0.278791, 0.27745899999999996, 0.270791, 0.268, 0.265834, 0.26891699999999996, 0.269208]
nonlast_Bf16_LayerNorm direct_low gpu median_ms=0.128583 p90_ms=0.131583 samples_ms=[0.589125, 0.514916, 0.131, 0.128833, 0.128208, 0.128666, 0.128625, 0.128583, 0.128042, 0.128791, 0.128584, 0.127875, 0.128792, 0.127709, 0.128292, 0.128083, 0.128834, 0.127708, 0.128709, 0.128083, 0.128166, 0.1285, 0.12825, 0.131583, 0.128791, 0.127708, 0.128292, 0.131625, 0.128459, 0.128667, 0.128416]
